,id,date,duration,views,likes,category_id,hour,update_diff,views_diff,views_diff_scaled,likes_diff,likes_diff_scaled
1,qp6xBnOwSBc,2023-05-14T01:00:30Z,837,137650,3201,1,16,0.12083333333333333,265.0,1.2621359223300972,0.0,-0.4
2,qp6xBnOwSBc,2023-05-14T01:00:30Z,837,137793,3204,1,17,0.12222222222222222,143.0,0.07766990291262135,3.0,0.8
3,qp6xBnOwSBc,2023-05-14T01:00:30Z,837,138020,3207,1,18,0.12361111111111112,227.0,0.8932038834951457,3.0,0.8
4,qp6xBnOwSBc,2023-05-14T01:00:30Z,837,138231,3213,1,19,0.125,211.0,0.7378640776699029,6.0,2.0
5,qp6xBnOwSBc,2023-05-14T01:00:30Z,837,138483,3214,1,20,0.12638888888888888,252.0,1.1359223300970873,1.0,0.0
6,qp6xBnOwSBc,2023-05-14T01:00:30Z,837,138752,3218,1,21,0.12777777777777777,269.0,1.3009708737864079,4.0,1.2
7,qp6xBnOwSBc,2023-05-14T01:00:30Z,837,138977,3222,1,22,0.12916666666666668,225.0,0.8737864077669902,4.0,1.2
8,qp6xBnOwSBc,2023-05-14T01:00:30Z,837,139240,3222,1,23,0.13055555555555556,263.0,1.2427184466019416,0.0,-0.4
9,qp6xBnOwSBc,2023-05-14T01:00:30Z,837,139527,3224,1,0,0.13194444444444445,287.0,1.4757281553398058,2.0,0.4
10,qp6xBnOwSBc,2023-05-14T01:00:30Z,837,139709,3226,1,1,0.13333333333333333,182.0,0.4563106796116505,2.0,0.4
11,qp6xBnOwSBc,2023-05-14T01:00:30Z,837,139908,3228,1,2,0.13472222222222222,199.0,0.6213592233009708,2.0,0.4
12,qp6xBnOwSBc,2023-05-14T01:00:30Z,837,140099,3229,1,3,0.1361111111111111,191.0,0.5436893203883495,1.0,0.0
13,qp6xBnOwSBc,2023-05-14T01:00:30Z,837,140227,3230,1,4,0.1375,128.0,-0.06796116504854369,1.0,0.0
14,qp6xBnOwSBc,2023-05-14T01:00:30Z,837,140364,3230,1,5,0.1388888888888889,137.0,0.019417475728155338,0.0,-0.4
15,qp6xBnOwSBc,2023-05-14T01:00:30Z,837,140400,3230,1,6,0.14027777777777778,36.0,-0.9611650485436893,0.0,-0.4
16,qp6xBnOwSBc,2023-05-14T01:00:30Z,837,140444,3230,1,7,0.14166666666666666,44.0,-0.883495145631068,0.0,-0.4
17,qp6xBnOwSBc,2023-05-14T01:00:30Z,837,140468,3233,1,8,0.14305555555555555,24.0,-1.0776699029126213,3.0,0.8
18,qp6xBnOwSBc,2023-05-14T01:00:30Z,837,140569,3234,1,9,0.14444444444444443,101.0,-0.3300970873786408,1.0,0.0
19,qp6xBnOwSBc,2023-05-14T01:00:30Z,837,140734,3238,1,10,0.14583333333333334,165.0,0.2912621359223301,4.0,1.2
20,qp6xBnOwSBc,2023-05-14T01:00:30Z,837,140887,3238,1,11,0.14722222222222223,153.0,0.17475728155339806,0.0,-0.4
21,qp6xBnOwSBc,2023-05-14T01:00:30Z,837,141022,3243,1,12,0.1486111111111111,135.0,0.0,5.0,1.6
22,qp6xBnOwSBc,2023-05-14T01:00:30Z,837,141104,3244,1,13,0.15,82.0,-0.5145631067961165,1.0,0.0
23,qp6xBnOwSBc,2023-05-14T01:00:30Z,837,141259,3245,1,14,0.15138888888888888,155.0,0.1941747572815534,1.0,0.0
24,qp6xBnOwSBc,2023-05-14T01:00:30Z,837,141386,3247,1,15,0.1527777777777778,127.0,-0.07766990291262135,2.0,0.4
25,qp6xBnOwSBc,2023-05-14T01:00:30Z,837,141588,3248,1,16,0.15416666666666667,202.0,0.6504854368932039,1.0,0.0
26,qp6xBnOwSBc,2023-05-14T01:00:30Z,837,141697,3248,1,17,0.15555555555555556,109.0,-0.2524271844660194,0.0,-0.4
27,qp6xBnOwSBc,2023-05-14T01:00:30Z,837,141872,3252,1,18,0.15694444444444444,175.0,0.3883495145631068,4.0,1.2
28,qp6xBnOwSBc,2023-05-14T01:00:30Z,837,141950,3254,1,19,0.15833333333333333,78.0,-0.5533980582524272,2.0,0.4
29,qp6xBnOwSBc,2023-05-14T01:00:30Z,837,142120,3257,1,20,0.1597222222222222,170.0,0.33980582524271846,3.0,0.8
30,qp6xBnOwSBc,2023-05-14T01:00:30Z,837,142241,3258,1,21,0.16111111111111112,121.0,-0.13592233009708737,1.0,0.0
31,qp6xBnOwSBc,2023-05-14T01:00:30Z,837,142346,3260,1,22,0.1625,105.0,-0.2912621359223301,2.0,0.4
32,qp6xBnOwSBc,2023-05-14T01:00:30Z,837,142487,3263,1,23,0.1638888888888889,141.0,0.05825242718446602,3.0,0.8
33,qp6xBnOwSBc,2023-05-14T01:00:30Z,837,142623,3263,1,0,0.16527777777777777,136.0,0.009708737864077669,0.0,-0.4
34,qp6xBnOwSBc,2023-05-14T01:00:30Z,837,142726,3262,1,1,0.16666666666666666,103.0,-0.3106796116504854,-1.0,-0.8
35,qp6xBnOwSBc,2023-05-14T01:00:30Z,837,142803,3262,1,2,0.16805555555555557,77.0,-0.5631067961165048,0.0,-0.4
36,qp6xBnOwSBc,2023-05-14T01:00:30Z,837,142905,3263,1,3,0.16944444444444445,102.0,-0.32038834951456313,1.0,0.0
37,qp6xBnOwSBc,2023-05-14T01:00:30Z,837,142958,3264,1,4,0.17083333333333334,53.0,-0.7961165048543689,1.0,0.0
38,qp6xBnOwSBc,2023-05-14T01:00:30Z,837,143041,3266,1,5,0.17222222222222222,83.0,-0.5048543689320388,2.0,0.4
39,qp6xBnOwSBc,2023-05-14T01:00:30Z,837,143067,3268,1,6,0.1736111111111111,26.0,-1.058252427184466,2.0,0.4
40,qp6xBnOwSBc,2023-05-14T01:00:30Z,837,143114,3268,1,7,0.175,47.0,-0.8543689320388349,0.0,-0.4
41,qp6xBnOwSBc,2023-05-14T01:00:30Z,837,143129,3268,1,8,0.1763888888888889,15.0,-1.1650485436893203,0.0,-0.4
42,qp6xBnOwSBc,2023-05-14T01:00:30Z,837,143213,3268,1,9,0.17777777777777778,84.0,-0.49514563106796117,0.0,-0.4
43,qp6xBnOwSBc,2023-05-14T01:00:30Z,837,143322,3268,1,10,0.17916666666666667,109.0,-0.2524271844660194,0.0,-0.4
