,id,date,duration,views,likes,category_id,hour,update_diff,views_diff,views_diff_scaled,likes_diff,likes_diff_scaled
1,qp6xBnOwSBc,2023-05-14T01:00:30Z,837,145743,3296,1,1,0.23333333333333334,66.0,-0.018018018018018018,1.0,0.0
2,qp6xBnOwSBc,2023-05-14T01:00:30Z,837,145795,3297,1,2,0.23472222222222222,52.0,-0.2702702702702703,1.0,0.0
3,qp6xBnOwSBc,2023-05-14T01:00:30Z,837,145865,3298,1,3,0.2361111111111111,70.0,0.05405405405405406,1.0,0.0
4,qp6xBnOwSBc,2023-05-14T01:00:30Z,837,145928,3299,1,4,0.2375,63.0,-0.07207207207207207,1.0,0.0
5,qp6xBnOwSBc,2023-05-14T01:00:30Z,837,145977,3300,1,5,0.2388888888888889,49.0,-0.32432432432432434,1.0,0.0
6,qp6xBnOwSBc,2023-05-14T01:00:30Z,837,146009,3300,1,6,0.24027777777777778,32.0,-0.6306306306306306,0.0,-0.5
7,qp6xBnOwSBc,2023-05-14T01:00:30Z,837,146036,3300,1,7,0.24166666666666667,27.0,-0.7207207207207207,0.0,-0.5
8,qp6xBnOwSBc,2023-05-14T01:00:30Z,837,146072,3300,1,8,0.24305555555555555,36.0,-0.5585585585585585,0.0,-0.5
9,qp6xBnOwSBc,2023-05-14T01:00:30Z,837,146097,3301,1,9,0.24444444444444444,25.0,-0.7567567567567568,1.0,0.0
10,qp6xBnOwSBc,2023-05-14T01:00:30Z,837,146132,3301,1,10,0.24583333333333332,35.0,-0.5765765765765766,0.0,-0.5
11,qp6xBnOwSBc,2023-05-14T01:00:30Z,837,146185,3302,1,11,0.24722222222222223,53.0,-0.25225225225225223,1.0,0.0
12,qp6xBnOwSBc,2023-05-14T01:00:30Z,837,146253,3307,1,12,0.24861111111111112,68.0,0.018018018018018018,5.0,2.0
13,qp6xBnOwSBc,2023-05-14T01:00:30Z,837,146383,3307,1,13,0.25,130.0,1.135135135135135,0.0,-0.5
14,qp6xBnOwSBc,2023-05-14T01:00:30Z,837,146636,3309,1,14,0.2513888888888889,253.0,3.3513513513513513,2.0,0.5
15,qp6xBnOwSBc,2023-05-14T01:00:30Z,837,146896,3310,1,15,0.25277777777777777,260.0,3.4774774774774775,1.0,0.0
16,qp6xBnOwSBc,2023-05-14T01:00:30Z,837,147044,3312,1,16,0.25416666666666665,148.0,1.4594594594594594,2.0,0.5
17,qp6xBnOwSBc,2023-05-14T01:00:30Z,837,147197,3315,1,17,0.25555555555555554,153.0,1.5495495495495495,3.0,1.0
18,qp6xBnOwSBc,2023-05-14T01:00:30Z,837,147392,3315,1,18,0.2569444444444444,195.0,2.3063063063063063,0.0,-0.5
19,qp6xBnOwSBc,2023-05-14T01:00:30Z,837,147526,3315,1,19,0.25833333333333336,134.0,1.2072072072072073,0.0,-0.5
20,qp6xBnOwSBc,2023-05-14T01:00:30Z,837,147598,3317,1,20,0.25972222222222224,72.0,0.09009009009009009,2.0,0.5
21,qp6xBnOwSBc,2023-05-14T01:00:30Z,837,147752,3319,1,21,0.2611111111111111,154.0,1.5675675675675675,2.0,0.5
22,qp6xBnOwSBc,2023-05-14T01:00:30Z,837,147822,3321,1,22,0.2625,70.0,0.05405405405405406,2.0,0.5
23,qp6xBnOwSBc,2023-05-14T01:00:30Z,837,147920,3322,1,23,0.2638888888888889,98.0,0.5585585585585585,1.0,0.0
24,qp6xBnOwSBc,2023-05-14T01:00:30Z,837,147992,3322,1,0,0.2652777777777778,72.0,0.09009009009009009,0.0,-0.5
25,qp6xBnOwSBc,2023-05-14T01:00:30Z,837,148075,3324,1,1,0.26666666666666666,83.0,0.2882882882882883,2.0,0.5
26,qp6xBnOwSBc,2023-05-14T01:00:30Z,837,148150,3324,1,2,0.26805555555555555,75.0,0.14414414414414414,0.0,-0.5
27,qp6xBnOwSBc,2023-05-14T01:00:30Z,837,148254,3327,1,3,0.26944444444444443,104.0,0.6666666666666666,3.0,1.0
28,qp6xBnOwSBc,2023-05-14T01:00:30Z,837,148312,3327,1,4,0.2708333333333333,58.0,-0.16216216216216217,0.0,-0.5
29,qp6xBnOwSBc,2023-05-14T01:00:30Z,837,148379,3327,1,5,0.2722222222222222,67.0,0.0,0.0,-0.5
30,qp6xBnOwSBc,2023-05-14T01:00:30Z,837,148411,3327,1,6,0.27361111111111114,32.0,-0.6306306306306306,0.0,-0.5
31,qp6xBnOwSBc,2023-05-14T01:00:30Z,837,148439,3328,1,7,0.275,28.0,-0.7027027027027027,1.0,0.0
32,qp6xBnOwSBc,2023-05-14T01:00:30Z,837,148454,3327,1,8,0.2763888888888889,15.0,-0.9369369369369369,-1.0,-1.0
33,qp6xBnOwSBc,2023-05-14T01:00:30Z,837,148479,3327,1,9,0.2777777777777778,25.0,-0.7567567567567568,0.0,-0.5
34,qp6xBnOwSBc,2023-05-14T01:00:30Z,837,148552,3329,1,10,0.2791666666666667,73.0,0.10810810810810811,2.0,0.5
35,qp6xBnOwSBc,2023-05-14T01:00:30Z,837,148613,3329,1,11,0.28055555555555556,61.0,-0.10810810810810811,0.0,-0.5
36,qp6xBnOwSBc,2023-05-14T01:00:30Z,837,148672,3332,1,12,0.28194444444444444,59.0,-0.14414414414414414,3.0,1.0
37,qp6xBnOwSBc,2023-05-14T01:00:30Z,837,148734,3332,1,13,0.2833333333333333,62.0,-0.09009009009009009,0.0,-0.5
38,qp6xBnOwSBc,2023-05-14T01:00:30Z,837,148836,3332,1,14,0.2847222222222222,102.0,0.6306306306306306,0.0,-0.5
39,qp6xBnOwSBc,2023-05-14T01:00:30Z,837,148876,3332,1,15,0.2861111111111111,40.0,-0.4864864864864865,0.0,-0.5
