,id,date,duration,views,likes,category_id,hour,update_diff,views_diff,views_diff_scaled,likes_diff,likes_diff_scaled
1,Ne1wAVhKnZA,2023-05-13T07:23:44Z,719,825590,18220,26,16,0.14583333333333334,2837.0,-0.01744186046511628,42.0,0.375
2,Ne1wAVhKnZA,2023-05-13T07:23:44Z,719,828052,18265,26,17,0.14722222222222223,2462.0,-0.19912790697674418,45.0,0.5
3,Ne1wAVhKnZA,2023-05-13T07:23:44Z,719,832151,18326,26,18,0.1486111111111111,4099.0,0.5939922480620154,61.0,1.1666666666666667
4,Ne1wAVhKnZA,2023-05-13T07:23:44Z,719,836391,18370,26,19,0.15,4240.0,0.6623062015503876,44.0,0.4583333333333333
5,Ne1wAVhKnZA,2023-05-13T07:23:44Z,719,840405,18426,26,20,0.15138888888888888,4014.0,0.5528100775193798,56.0,0.9583333333333334
6,Ne1wAVhKnZA,2023-05-13T07:23:44Z,719,845189,18481,26,21,0.1527777777777778,4784.0,0.9258720930232558,55.0,0.9166666666666666
7,Ne1wAVhKnZA,2023-05-13T07:23:44Z,719,850280,18529,26,22,0.15416666666666667,5091.0,1.074612403100775,48.0,0.625
8,Ne1wAVhKnZA,2023-05-13T07:23:44Z,719,855305,18584,26,23,0.15555555555555556,5025.0,1.0426356589147288,55.0,0.9166666666666666
9,Ne1wAVhKnZA,2023-05-13T07:23:44Z,719,859599,18636,26,0,0.15694444444444444,4294.0,0.688468992248062,52.0,0.7916666666666666
10,Ne1wAVhKnZA,2023-05-13T07:23:44Z,719,862535,18696,26,1,0.15833333333333333,2936.0,0.030523255813953487,60.0,1.125
11,Ne1wAVhKnZA,2023-05-13T07:23:44Z,719,865638,18729,26,2,0.1597222222222222,3103.0,0.11143410852713179,33.0,0.0
12,Ne1wAVhKnZA,2023-05-13T07:23:44Z,719,869713,18764,26,3,0.16111111111111112,4075.0,0.5823643410852714,35.0,0.08333333333333333
13,Ne1wAVhKnZA,2023-05-13T07:23:44Z,719,872586,18796,26,4,0.1625,2873.0,0.0,32.0,-0.041666666666666664
14,Ne1wAVhKnZA,2023-05-13T07:23:44Z,719,875008,18806,26,5,0.1638888888888889,2422.0,-0.2185077519379845,10.0,-0.9583333333333334
15,Ne1wAVhKnZA,2023-05-13T07:23:44Z,719,876244,18813,26,6,0.16527777777777777,1236.0,-0.7931201550387597,7.0,-1.0833333333333333
16,Ne1wAVhKnZA,2023-05-13T07:23:44Z,719,877158,18822,26,7,0.16666666666666666,914.0,-0.9491279069767442,9.0,-1.0
17,Ne1wAVhKnZA,2023-05-13T07:23:44Z,719,877566,18848,26,8,0.16805555555555557,408.0,-1.1942829457364341,26.0,-0.2916666666666667
18,Ne1wAVhKnZA,2023-05-13T07:23:44Z,719,878618,18863,26,9,0.16944444444444445,1052.0,-0.8822674418604651,15.0,-0.75
19,Ne1wAVhKnZA,2023-05-13T07:23:44Z,719,880888,18885,26,10,0.17083333333333334,2270.0,-0.2921511627906977,22.0,-0.4583333333333333
20,Ne1wAVhKnZA,2023-05-13T07:23:44Z,719,882899,18903,26,11,0.17222222222222222,2011.0,-0.4176356589147287,18.0,-0.625
21,Ne1wAVhKnZA,2023-05-13T07:23:44Z,719,884497,18929,26,12,0.1736111111111111,1598.0,-0.6177325581395349,26.0,-0.2916666666666667
22,Ne1wAVhKnZA,2023-05-13T07:23:44Z,719,885738,18962,26,13,0.175,1241.0,-0.7906976744186046,33.0,0.0
23,Ne1wAVhKnZA,2023-05-13T07:23:44Z,719,888754,19001,26,14,0.1763888888888889,3016.0,0.0692829457364341,39.0,0.25
24,Ne1wAVhKnZA,2023-05-13T07:23:44Z,719,891109,19047,26,15,0.17777777777777778,2355.0,-0.250968992248062,46.0,0.5416666666666666
25,Ne1wAVhKnZA,2023-05-13T07:23:44Z,719,894757,19079,26,16,0.17916666666666667,3648.0,0.375484496124031,32.0,-0.041666666666666664
26,Ne1wAVhKnZA,2023-05-13T07:23:44Z,719,896942,19118,26,17,0.18055555555555555,2185.0,-0.3333333333333333,39.0,0.25
27,Ne1wAVhKnZA,2023-05-13T07:23:44Z,719,901375,19166,26,18,0.18194444444444444,4433.0,0.7558139534883721,48.0,0.625
28,Ne1wAVhKnZA,2023-05-13T07:23:44Z,719,904154,19221,26,19,0.18333333333333332,2779.0,-0.045542635658914726,55.0,0.9166666666666666
29,Ne1wAVhKnZA,2023-05-13T07:23:44Z,719,910427,19254,26,20,0.18472222222222223,6273.0,1.6472868217054264,33.0,0.0
30,Ne1wAVhKnZA,2023-05-13T07:23:44Z,719,914652,19293,26,21,0.18611111111111112,4225.0,0.6550387596899225,39.0,0.25
31,Ne1wAVhKnZA,2023-05-13T07:23:44Z,719,917918,19323,26,22,0.1875,3266.0,0.19040697674418605,30.0,-0.125
32,Ne1wAVhKnZA,2023-05-13T07:23:44Z,719,923229,19364,26,23,0.18888888888888888,5311.0,1.181201550387597,41.0,0.3333333333333333
33,Ne1wAVhKnZA,2023-05-13T07:23:44Z,719,927856,19402,26,0,0.19027777777777777,4627.0,0.8498062015503876,38.0,0.20833333333333334
34,Ne1wAVhKnZA,2023-05-13T07:23:44Z,719,931137,19448,26,1,0.19166666666666668,3281.0,0.19767441860465115,46.0,0.5416666666666666
35,Ne1wAVhKnZA,2023-05-13T07:23:44Z,719,933570,19491,26,2,0.19305555555555556,2433.0,-0.2131782945736434,43.0,0.4166666666666667
36,Ne1wAVhKnZA,2023-05-13T07:23:44Z,719,938130,19522,26,3,0.19444444444444445,4560.0,0.8173449612403101,31.0,-0.08333333333333333
37,Ne1wAVhKnZA,2023-05-13T07:23:44Z,719,940599,19538,26,4,0.19583333333333333,2469.0,-0.19573643410852712,16.0,-0.7083333333333334
38,Ne1wAVhKnZA,2023-05-13T07:23:44Z,719,943880,19549,26,5,0.19722222222222222,3281.0,0.19767441860465115,11.0,-0.9166666666666666
39,Ne1wAVhKnZA,2023-05-13T07:23:44Z,719,945035,19560,26,6,0.1986111111111111,1155.0,-0.8323643410852714,11.0,-0.9166666666666666
40,Ne1wAVhKnZA,2023-05-13T07:23:44Z,719,946365,19575,26,7,0.2,1330.0,-0.747577519379845,15.0,-0.75
41,Ne1wAVhKnZA,2023-05-13T07:23:44Z,719,946513,19596,26,8,0.2013888888888889,148.0,-1.3202519379844961,21.0,-0.5
42,Ne1wAVhKnZA,2023-05-13T07:23:44Z,719,947696,19619,26,9,0.20277777777777778,1183.0,-0.8187984496124031,23.0,-0.4166666666666667
43,Ne1wAVhKnZA,2023-05-13T07:23:44Z,719,950159,19639,26,10,0.20416666666666666,2463.0,-0.19864341085271317,20.0,-0.5416666666666666
