,id,date,duration,views,likes,category_id,hour,update_diff,views_diff,views_diff_scaled,likes_diff,likes_diff_scaled
1,Ne1wAVhKnZA,2023-05-13T07:23:44Z,719,1081683,20899,26,1,0.25833333333333336,3278.0,0.8486936548952053,37.0,1.0731707317073171
2,Ne1wAVhKnZA,2023-05-13T07:23:44Z,719,1084596,20929,26,2,0.25972222222222224,2913.0,0.6391042204995694,30.0,0.7317073170731707
3,Ne1wAVhKnZA,2023-05-13T07:23:44Z,719,1087852,20942,26,3,0.2611111111111111,3256.0,0.836060867068619,13.0,-0.0975609756097561
4,Ne1wAVhKnZA,2023-05-13T07:23:44Z,719,1090619,20952,26,4,0.2625,2767.0,0.5552684467413149,10.0,-0.24390243902439024
5,Ne1wAVhKnZA,2023-05-13T07:23:44Z,719,1093069,20961,26,5,0.2638888888888889,2450.0,0.37324145851277635,9.0,-0.2926829268292683
6,Ne1wAVhKnZA,2023-05-13T07:23:44Z,719,1094756,20972,26,6,0.2652777777777778,1687.0,-0.06488659201837496,11.0,-0.1951219512195122
7,Ne1wAVhKnZA,2023-05-13T07:23:44Z,719,1095679,20978,26,7,0.26666666666666666,923.0,-0.5035888601780074,6.0,-0.43902439024390244
8,Ne1wAVhKnZA,2023-05-13T07:23:44Z,719,1096525,20989,26,8,0.26805555555555555,846.0,-0.5478036175710594,11.0,-0.1951219512195122
9,Ne1wAVhKnZA,2023-05-13T07:23:44Z,719,1097137,21001,26,9,0.26944444444444443,612.0,-0.6821705426356589,12.0,-0.14634146341463414
10,Ne1wAVhKnZA,2023-05-13T07:23:44Z,719,1098271,21032,26,10,0.2708333333333333,1134.0,-0.38242894056847543,31.0,0.7804878048780488
11,Ne1wAVhKnZA,2023-05-13T07:23:44Z,719,1100071,21054,26,11,0.2722222222222222,1800.0,0.0,22.0,0.34146341463414637
12,Ne1wAVhKnZA,2023-05-13T07:23:44Z,719,1102622,21086,26,12,0.27361111111111114,2551.0,0.431237438989377,32.0,0.8292682926829268
13,Ne1wAVhKnZA,2023-05-13T07:23:44Z,719,1105293,21130,26,13,0.275,2671.0,0.5001435544071203,44.0,1.4146341463414633
14,Ne1wAVhKnZA,2023-05-13T07:23:44Z,719,1107965,21173,26,14,0.2763888888888889,2672.0,0.5007177720356015,43.0,1.3658536585365855
15,Ne1wAVhKnZA,2023-05-13T07:23:44Z,719,1111273,21190,26,15,0.2777777777777778,3308.0,0.8659201837496411,17.0,0.0975609756097561
16,Ne1wAVhKnZA,2023-05-13T07:23:44Z,719,1113467,21214,26,16,0.2791666666666667,2194.0,0.22624174562159058,24.0,0.43902439024390244
17,Ne1wAVhKnZA,2023-05-13T07:23:44Z,719,1115842,21246,26,17,0.28055555555555556,2375.0,0.3301751363766868,32.0,0.8292682926829268
18,Ne1wAVhKnZA,2023-05-13T07:23:44Z,719,1118942,21273,26,18,0.28194444444444444,3100.0,0.7464829170255527,27.0,0.5853658536585366
19,Ne1wAVhKnZA,2023-05-13T07:23:44Z,719,1122156,21301,26,19,0.2833333333333333,3214.0,0.8119437266724089,28.0,0.6341463414634146
20,Ne1wAVhKnZA,2023-05-13T07:23:44Z,719,1123605,21331,26,20,0.2847222222222222,1449.0,-0.20155038759689922,30.0,0.7317073170731707
21,Ne1wAVhKnZA,2023-05-13T07:23:44Z,719,1127210,21367,26,21,0.2861111111111111,3605.0,1.036462819408556,36.0,1.024390243902439
22,Ne1wAVhKnZA,2023-05-13T07:23:44Z,719,1129454,21395,26,22,0.2875,2244.0,0.2549526270456503,28.0,0.6341463414634146
23,Ne1wAVhKnZA,2023-05-13T07:23:44Z,719,1132688,21410,26,23,0.28888888888888886,3234.0,0.8234280792420328,15.0,0.0
24,Ne1wAVhKnZA,2023-05-13T07:23:44Z,719,1135104,21432,26,0,0.2902777777777778,2416.0,0.35371805914441573,22.0,0.34146341463414637
25,Ne1wAVhKnZA,2023-05-13T07:23:44Z,719,1137636,21461,26,1,0.2916666666666667,2532.0,0.42032730404823426,29.0,0.6829268292682927
26,Ne1wAVhKnZA,2023-05-13T07:23:44Z,719,1139374,21481,26,2,0.29305555555555557,1738.0,-0.03560149296583405,20.0,0.24390243902439024
27,Ne1wAVhKnZA,2023-05-13T07:23:44Z,719,1141695,21494,26,3,0.29444444444444445,2321.0,0.2991673844387023,13.0,-0.0975609756097561
28,Ne1wAVhKnZA,2023-05-13T07:23:44Z,719,1143401,21499,26,4,0.29583333333333334,1706.0,-0.05397645707723227,5.0,-0.4878048780487805
29,Ne1wAVhKnZA,2023-05-13T07:23:44Z,719,1144858,21502,26,5,0.2972222222222222,1457.0,-0.19695664656904968,3.0,-0.5853658536585366
30,Ne1wAVhKnZA,2023-05-13T07:23:44Z,719,1145719,21503,26,6,0.2986111111111111,861.0,-0.5391903531438416,1.0,-0.6829268292682927
31,Ne1wAVhKnZA,2023-05-13T07:23:44Z,719,1146416,21507,26,7,0.3,697.0,-0.6333620442147574,4.0,-0.5365853658536586
32,Ne1wAVhKnZA,2023-05-13T07:23:44Z,719,1146712,21515,26,8,0.3013888888888889,296.0,-0.8636233132357163,8.0,-0.34146341463414637
33,Ne1wAVhKnZA,2023-05-13T07:23:44Z,719,1146975,21531,26,9,0.30277777777777776,263.0,-0.8825724949755958,16.0,0.04878048780487805
34,Ne1wAVhKnZA,2023-05-13T07:23:44Z,719,1147995,21539,26,10,0.30416666666666664,1020.0,-0.4478897502153316,8.0,-0.34146341463414637
35,Ne1wAVhKnZA,2023-05-13T07:23:44Z,719,1148944,21544,26,11,0.3055555555555556,949.0,-0.4886592018374964,5.0,-0.4878048780487805
36,Ne1wAVhKnZA,2023-05-13T07:23:44Z,719,1149354,21554,26,12,0.30694444444444446,410.0,-0.7981625035888602,10.0,-0.24390243902439024
37,Ne1wAVhKnZA,2023-05-13T07:23:44Z,719,1150008,21562,26,13,0.30833333333333335,654.0,-0.6580534022394487,8.0,-0.34146341463414637
38,Ne1wAVhKnZA,2023-05-13T07:23:44Z,719,1150945,21570,26,14,0.30972222222222223,937.0,-0.49554981337927073,8.0,-0.34146341463414637
39,Ne1wAVhKnZA,2023-05-13T07:23:44Z,719,1151340,21578,26,15,0.3111111111111111,395.0,-0.8067757680160781,8.0,-0.34146341463414637
