,id,date,duration,views,likes,category_id,hour,update_diff,views_diff,views_diff_scaled,likes_diff,likes_diff_scaled
1,XZaBkbvteBc,2023-05-09T15:00:08Z,181,22754078,953101,10,1,0.38055555555555554,34602.0,1.9023847376788554,695.0,2.097560975609756
2,XZaBkbvteBc,2023-05-09T15:00:08Z,181,22779353,953713,10,2,0.3819444444444444,25275.0,0.9138314785373609,612.0,1.519163763066202
3,XZaBkbvteBc,2023-05-09T15:00:08Z,181,22808175,954225,10,3,0.38333333333333336,28822.0,1.2897721250662426,512.0,0.8222996515679443
4,XZaBkbvteBc,2023-05-09T15:00:08Z,181,22831748,954708,10,4,0.38472222222222224,23573.0,0.7334393216746158,483.0,0.6202090592334495
5,XZaBkbvteBc,2023-05-09T15:00:08Z,181,22855001,955120,10,5,0.3861111111111111,23253.0,0.699523052464229,412.0,0.1254355400696864
6,XZaBkbvteBc,2023-05-09T15:00:08Z,181,22874567,955490,10,6,0.3875,19566.0,0.30874403815580287,370.0,-0.1672473867595819
7,XZaBkbvteBc,2023-05-09T15:00:08Z,181,22888121,955802,10,7,0.3888888888888889,13554.0,-0.3284578696343402,312.0,-0.5714285714285714
8,XZaBkbvteBc,2023-05-09T15:00:08Z,181,22902512,956107,10,8,0.3902777777777778,14391.0,-0.2397456279809221,305.0,-0.6202090592334495
9,XZaBkbvteBc,2023-05-09T15:00:08Z,181,22891202,956413,10,9,0.39166666666666666,-11310.0,-2.963751987281399,306.0,-0.6132404181184669
10,XZaBkbvteBc,2023-05-09T15:00:08Z,181,22902133,956724,10,10,0.39305555555555555,10931.0,-0.60646528881823,311.0,-0.578397212543554
11,XZaBkbvteBc,2023-05-09T15:00:08Z,181,22912115,957080,10,11,0.39444444444444443,9982.0,-0.7070482246952835,356.0,-0.26480836236933797
12,XZaBkbvteBc,2023-05-09T15:00:08Z,181,22924963,957505,10,12,0.3958333333333333,12848.0,-0.40328563857975624,425.0,0.21602787456445993
13,XZaBkbvteBc,2023-05-09T15:00:08Z,181,22939733,957907,10,13,0.3972222222222222,14770.0,-0.19957604663487016,402.0,0.05574912891986063
14,XZaBkbvteBc,2023-05-09T15:00:08Z,181,22956032,958331,10,14,0.39861111111111114,16299.0,-0.03751987281399046,424.0,0.20905923344947736
15,XZaBkbvteBc,2023-05-09T15:00:08Z,181,22977449,958762,10,15,0.4,21417.0,0.5049284578696344,431.0,0.2578397212543554
16,XZaBkbvteBc,2023-05-09T15:00:08Z,181,22992812,959209,10,16,0.4013888888888889,15363.0,-0.13672496025437203,447.0,0.3693379790940767
17,XZaBkbvteBc,2023-05-09T15:00:08Z,181,23007715,959603,10,17,0.4027777777777778,14903.0,-0.18547959724430313,394.0,0.0
18,XZaBkbvteBc,2023-05-09T15:00:08Z,181,23030738,960005,10,18,0.4041666666666667,23023.0,0.6751457339692634,402.0,0.05574912891986063
19,XZaBkbvteBc,2023-05-09T15:00:08Z,181,23053395,960466,10,19,0.40555555555555556,22657.0,0.6363540010598834,461.0,0.46689895470383275
20,XZaBkbvteBc,2023-05-09T15:00:08Z,181,23064317,960914,10,20,0.40694444444444444,10922.0,-0.6074191838897721,448.0,0.37630662020905925
21,XZaBkbvteBc,2023-05-09T15:00:08Z,181,23094078,961355,10,21,0.4083333333333333,29761.0,1.3892951775304716,441.0,0.32752613240418116
22,XZaBkbvteBc,2023-05-09T15:00:08Z,181,23110807,961851,10,22,0.4097222222222222,16729.0,0.00805511393746688,496.0,0.710801393728223
23,XZaBkbvteBc,2023-05-09T15:00:08Z,181,23137043,962418,10,23,0.4111111111111111,26236.0,1.0156862745098039,567.0,1.2055749128919862
24,XZaBkbvteBc,2023-05-09T15:00:08Z,181,23157261,962992,10,0,0.4125,20218.0,0.3778484366719661,574.0,1.254355400696864
25,XZaBkbvteBc,2023-05-09T15:00:08Z,181,23183347,963559,10,1,0.41388888888888886,26086.0,0.9997880233174351,567.0,1.2055749128919862
26,XZaBkbvteBc,2023-05-09T15:00:08Z,181,23202821,964005,10,2,0.4152777777777778,19474.0,0.29899311075781665,446.0,0.3623693379790941
27,XZaBkbvteBc,2023-05-09T15:00:08Z,181,23229388,964381,10,3,0.4166666666666667,26567.0,1.0507684154742978,376.0,-0.1254355400696864
28,XZaBkbvteBc,2023-05-09T15:00:08Z,181,23246828,964721,10,4,0.41805555555555557,17440.0,0.08341282458929518,340.0,-0.37630662020905925
29,XZaBkbvteBc,2023-05-09T15:00:08Z,181,23267375,965023,10,5,0.41944444444444445,20547.0,0.41271860095389507,302.0,-0.6411149825783972
30,XZaBkbvteBc,2023-05-09T15:00:08Z,181,23280631,965297,10,6,0.42083333333333334,13256.0,-0.360042395336513,274.0,-0.8362369337979094
31,XZaBkbvteBc,2023-05-09T15:00:08Z,181,23297284,965553,10,7,0.4222222222222222,16653.0,0.0,256.0,-0.9616724738675958
32,XZaBkbvteBc,2023-05-09T15:00:08Z,181,23305982,965806,10,8,0.4236111111111111,8698.0,-0.8431372549019608,253.0,-0.9825783972125436
33,XZaBkbvteBc,2023-05-09T15:00:08Z,181,23312459,966069,10,9,0.425,6477.0,-1.0785373608903022,263.0,-0.9128919860627178
34,XZaBkbvteBc,2023-05-09T15:00:08Z,181,23326668,966320,10,10,0.4263888888888889,14209.0,-0.2590355060943296,251.0,-0.9965156794425087
35,XZaBkbvteBc,2023-05-09T15:00:08Z,181,23340593,966589,10,11,0.42777777777777776,13925.0,-0.289136195018548,269.0,-0.8710801393728222
36,XZaBkbvteBc,2023-05-09T15:00:08Z,181,23349716,966891,10,12,0.42916666666666664,9123.0,-0.7980922098569158,302.0,-0.6411149825783972
37,XZaBkbvteBc,2023-05-09T15:00:08Z,181,23363846,967194,10,13,0.4305555555555556,14130.0,-0.26740858505564385,303.0,-0.6341463414634146
38,XZaBkbvteBc,2023-05-09T15:00:08Z,181,23382411,967521,10,14,0.43194444444444446,18565.0,0.20264970853206146,327.0,-0.46689895470383275
39,XZaBkbvteBc,2023-05-09T15:00:08Z,181,23390153,967717,10,15,0.43333333333333335,7742.0,-0.9444621091679916,196.0,-1.3797909407665505
