,id,date,duration,views,likes,category_id,hour,update_diff,views_diff,views_diff_scaled,likes_diff,likes_diff_scaled
1,YbLef4CrZNU,2023-04-23T11:30:17Z,793,134564,4293,27,14,0.8694444444444445,23.0,0.75,2.0,2.0
2,YbLef4CrZNU,2023-04-23T11:30:17Z,793,134572,4293,27,15,0.8708333333333333,8.0,-0.5,0.0,0.0
3,YbLef4CrZNU,2023-04-23T11:30:17Z,793,134595,4293,27,16,0.8722222222222222,23.0,0.75,0.0,0.0
4,YbLef4CrZNU,2023-04-23T11:30:17Z,793,134617,4293,27,17,0.8736111111111111,22.0,0.6666666666666666,0.0,0.0
5,YbLef4CrZNU,2023-04-23T11:30:17Z,793,134641,4293,27,18,0.875,24.0,0.8333333333333334,0.0,0.0
6,YbLef4CrZNU,2023-04-23T11:30:17Z,793,134657,4293,27,19,0.8763888888888889,16.0,0.16666666666666666,0.0,0.0
7,YbLef4CrZNU,2023-04-23T11:30:17Z,793,134678,4293,27,20,0.8777777777777778,21.0,0.5833333333333334,0.0,0.0
8,YbLef4CrZNU,2023-04-23T11:30:17Z,793,134700,4294,27,21,0.8791666666666667,22.0,0.6666666666666666,1.0,1.0
9,YbLef4CrZNU,2023-04-23T11:30:17Z,793,134707,4294,27,22,0.8805555555555555,7.0,-0.5833333333333334,0.0,0.0
10,YbLef4CrZNU,2023-04-23T11:30:17Z,793,134723,4295,27,23,0.8819444444444444,16.0,0.16666666666666666,1.0,1.0
11,YbLef4CrZNU,2023-04-23T11:30:17Z,793,134737,4296,27,0,0.8833333333333333,14.0,0.0,1.0,1.0
12,YbLef4CrZNU,2023-04-23T11:30:17Z,793,134749,4299,27,1,0.8847222222222222,12.0,-0.16666666666666666,3.0,3.0
13,YbLef4CrZNU,2023-04-23T11:30:17Z,793,134758,4299,27,2,0.8861111111111111,9.0,-0.4166666666666667,0.0,0.0
14,YbLef4CrZNU,2023-04-23T11:30:17Z,793,134774,4301,27,3,0.8888888888888888,16.0,0.16666666666666666,2.0,2.0
15,YbLef4CrZNU,2023-04-23T11:30:17Z,793,134791,4302,27,4,0.8888888888888888,17.0,0.25,1.0,1.0
16,YbLef4CrZNU,2023-04-23T11:30:17Z,793,134802,4303,27,5,0.8902777777777777,11.0,-0.25,1.0,1.0
17,YbLef4CrZNU,2023-04-23T11:30:17Z,793,134817,4303,27,6,0.8916666666666667,15.0,0.08333333333333333,0.0,0.0
18,YbLef4CrZNU,2023-04-23T11:30:17Z,793,134820,4303,27,7,0.8930555555555556,3.0,-0.9166666666666666,0.0,0.0
19,YbLef4CrZNU,2023-04-23T11:30:17Z,793,134826,4303,27,8,0.8944444444444445,6.0,-0.6666666666666666,0.0,0.0
20,YbLef4CrZNU,2023-04-23T11:30:17Z,793,134834,4303,27,9,0.8958333333333334,8.0,-0.5,0.0,0.0
21,YbLef4CrZNU,2023-04-23T11:30:17Z,793,134842,4303,27,10,0.8972222222222223,8.0,-0.5,0.0,0.0
22,YbLef4CrZNU,2023-04-23T11:30:17Z,793,134853,4303,27,11,0.8986111111111111,11.0,-0.25,0.0,0.0
23,YbLef4CrZNU,2023-04-23T11:30:17Z,793,134868,4303,27,12,0.9,15.0,0.08333333333333333,0.0,0.0
24,YbLef4CrZNU,2023-04-23T11:30:17Z,793,134877,4304,27,13,0.9013888888888889,9.0,-0.4166666666666667,1.0,1.0
25,YbLef4CrZNU,2023-04-23T11:30:17Z,793,134889,4304,27,14,0.9027777777777778,12.0,-0.16666666666666666,0.0,0.0
26,YbLef4CrZNU,2023-04-23T11:30:17Z,793,134901,4303,27,15,0.9041666666666667,12.0,-0.16666666666666666,-1.0,-1.0
27,YbLef4CrZNU,2023-04-23T11:30:17Z,793,134911,4304,27,16,0.9055555555555556,10.0,-0.3333333333333333,1.0,1.0
28,YbLef4CrZNU,2023-04-23T11:30:17Z,793,134932,4304,27,17,0.9069444444444444,21.0,0.5833333333333334,0.0,0.0
29,YbLef4CrZNU,2023-04-23T11:30:17Z,793,134957,4305,27,18,0.9083333333333333,25.0,0.9166666666666666,1.0,1.0
30,YbLef4CrZNU,2023-04-23T11:30:17Z,793,134981,4305,27,19,0.9097222222222222,24.0,0.8333333333333334,0.0,0.0
31,YbLef4CrZNU,2023-04-23T11:30:17Z,793,134985,4305,27,20,0.9111111111111111,4.0,-0.8333333333333334,0.0,0.0
32,YbLef4CrZNU,2023-04-23T11:30:17Z,793,135009,4305,27,21,0.9125,24.0,0.8333333333333334,0.0,0.0
33,YbLef4CrZNU,2023-04-23T11:30:17Z,793,135014,4306,27,22,0.9138888888888889,5.0,-0.75,1.0,1.0
