,id,date,duration,views,likes,category_id,hour,update_diff,views_diff,views_diff_scaled,likes_diff,likes_diff_scaled
1,ynOtYmpZxak,2023-05-13T15:00:05Z,195,16457146,1109170,22,16,0.13472222222222222,75146.0,-0.8303637851510192,2546.0,0.48740225890529976
2,ynOtYmpZxak,2023-05-13T15:00:05Z,195,16554074,1111648,22,17,0.1361111111111111,96928.0,-0.42525293855081087,2478.0,0.4283231972198089
3,ynOtYmpZxak,2023-05-13T15:00:05Z,195,16677830,1113952,22,18,0.1375,123756.0,0.07370554976937956,2304.0,0.27715030408340574
4,ynOtYmpZxak,2023-05-13T15:00:05Z,195,16703193,1116508,22,19,0.1388888888888889,25363.0,-1.7562490700788573,2556.0,0.49609035621198955
5,ynOtYmpZxak,2023-05-13T15:00:05Z,195,16723589,1119107,22,20,0.14027777777777778,20396.0,-1.8486274363933939,2599.0,0.5334491746307559
6,ynOtYmpZxak,2023-05-13T15:00:05Z,195,16856577,1121876,22,21,0.14166666666666666,132988.0,0.24540618955512572,2769.0,0.6811468288444831
7,ynOtYmpZxak,2023-05-13T15:00:05Z,195,17008683,1124893,22,22,0.14305555555555555,152106.0,0.6009708376729653,3017.0,0.896611642050391
8,ynOtYmpZxak,2023-05-13T15:00:05Z,195,17186022,1128034,22,23,0.14444444444444443,177339.0,1.0702648415414373,3141.0,1.0043440486533448
9,ynOtYmpZxak,2023-05-13T15:00:05Z,195,17341172,1131200,22,0,0.14583333333333334,155150.0,0.657584436839756,3166.0,1.0260642919200695
10,ynOtYmpZxak,2023-05-13T15:00:05Z,195,17475899,1133704,22,1,0.14722222222222223,134727.0,0.27774884689778306,2504.0,0.45091225021720244
11,ynOtYmpZxak,2023-05-13T15:00:05Z,195,17617730,1135624,22,2,0.1486111111111111,141831.0,0.4098720428507663,1920.0,-0.05647263249348393
12,ynOtYmpZxak,2023-05-13T15:00:05Z,195,17964935,1137228,22,3,0.15,347205.0,4.229504538015176,1604.0,-0.3310165073848827
13,ynOtYmpZxak,2023-05-13T15:00:05Z,195,18102612,1138431,22,4,0.15138888888888888,137677.0,0.332614194316322,1203.0,-0.6794092093831451
14,ynOtYmpZxak,2023-05-13T15:00:05Z,195,18220677,1139613,22,5,0.1527777777777778,118065.0,-0.03213807469126618,1182.0,-0.6976542137271937
15,ynOtYmpZxak,2023-05-13T15:00:05Z,195,18299253,1140705,22,6,0.15416666666666667,78576.0,-0.7665711947626841,1092.0,-0.7758470894874022
16,ynOtYmpZxak,2023-05-13T15:00:05Z,195,18369371,1141679,22,7,0.15555555555555556,70118.0,-0.923876655259634,974.0,-0.8783666377063423
17,ynOtYmpZxak,2023-05-13T15:00:05Z,195,18435923,1142652,22,8,0.15694444444444444,66552.0,-0.990198631156078,973.0,-0.8792354474370113
18,ynOtYmpZxak,2023-05-13T15:00:05Z,195,18533214,1143890,22,9,0.15833333333333333,97291.0,-0.4185017110549025,1238.0,-0.6490008688097306
19,ynOtYmpZxak,2023-05-13T15:00:05Z,195,18650848,1145643,22,10,0.1597222222222222,117634.0,-0.04015399494122898,1753.0,-0.20156385751520417
20,ynOtYmpZxak,2023-05-13T15:00:05Z,195,18780350,1147505,22,11,0.16111111111111112,129502.0,0.18057208748698111,1862.0,-0.10686359687228497
21,ynOtYmpZxak,2023-05-13T15:00:05Z,195,18919848,1149491,22,12,0.1625,139498.0,0.36648192233298615,1986.0,0.0008688097306689834
22,ynOtYmpZxak,2023-05-13T15:00:05Z,195,19035716,1151448,22,13,0.1638888888888889,115868.0,-0.07299880970093736,1957.0,-0.02432667245873154
23,ynOtYmpZxak,2023-05-13T15:00:05Z,195,19182637,1153410,22,14,0.16527777777777777,146921.0,0.504538015176313,1962.0,-0.01998262380538662
24,ynOtYmpZxak,2023-05-13T15:00:05Z,195,19302430,1155399,22,15,0.16666666666666666,119793.0,0.0,1989.0,0.0034752389226759338
25,ynOtYmpZxak,2023-05-13T15:00:05Z,195,19433410,1157314,22,16,0.16805555555555557,130980.0,0.20806055646481178,1915.0,-0.060816681146828845
26,ynOtYmpZxak,2023-05-13T15:00:05Z,195,19407050,1159322,22,17,0.16944444444444445,-26360.0,-2.718215295342955,2008.0,0.01998262380538662
27,ynOtYmpZxak,2023-05-13T15:00:05Z,195,19529059,1161307,22,18,0.17083333333333334,122009.0,0.04121410504389228,1985.0,0.0
28,ynOtYmpZxak,2023-05-13T15:00:05Z,195,19615752,1163431,22,19,0.17222222222222222,86693.0,-0.6156077964588603,2124.0,0.12076455256298871
29,ynOtYmpZxak,2023-05-13T15:00:05Z,195,19741370,1165643,22,20,0.1736111111111111,125618.0,0.10833581312304716,2212.0,0.19721980886185925
30,ynOtYmpZxak,2023-05-13T15:00:05Z,195,19853172,1167995,22,21,0.175,111802.0,-0.14861999702425235,2352.0,0.3188531711555169
31,ynOtYmpZxak,2023-05-13T15:00:05Z,195,19961558,1170365,22,22,0.1763888888888889,108386.0,-0.21215220949263502,2370.0,0.3344917463075586
32,ynOtYmpZxak,2023-05-13T15:00:05Z,195,20101469,1172835,22,23,0.17777777777777778,139911.0,0.37416307097158163,2470.0,0.42137271937445697
33,ynOtYmpZxak,2023-05-13T15:00:05Z,195,20263477,1175214,22,0,0.17916666666666667,162008.0,0.7851324207707187,2379.0,0.3423110338835795
34,ynOtYmpZxak,2023-05-13T15:00:05Z,195,20414188,1178423,22,1,0.18055555555555555,150711.0,0.5750260377919952,3209.0,1.0634231103388359
35,ynOtYmpZxak,2023-05-13T15:00:05Z,195,20525312,1180848,22,2,0.18194444444444444,111124.0,-0.16122972771908942,2425.0,0.3822762814943527
36,ynOtYmpZxak,2023-05-13T15:00:05Z,195,20694278,1182633,22,3,0.18333333333333332,168966.0,0.9145402469870555,1785.0,-0.1737619461337967
37,ynOtYmpZxak,2023-05-13T15:00:05Z,195,20818808,1183985,22,4,0.18472222222222223,124530.0,0.08810072905817587,1352.0,-0.5499565595134666
38,ynOtYmpZxak,2023-05-13T15:00:05Z,195,20941252,1185099,22,5,0.18611111111111112,122444.0,0.04930441898527005,1114.0,-0.7567332754126846
39,ynOtYmpZxak,2023-05-13T15:00:05Z,195,21006112,1186083,22,6,0.1875,64860.0,-1.0216671626246094,984.0,-0.8696785403996524
40,ynOtYmpZxak,2023-05-13T15:00:05Z,195,21089058,1186938,22,7,0.18888888888888888,82946.0,-0.6852960868918315,855.0,-0.9817549956559514
41,ynOtYmpZxak,2023-05-13T15:00:05Z,195,21144003,1188007,22,8,0.19027777777777777,54945.0,-1.2060705252194615,1069.0,-0.7958297132927888
42,ynOtYmpZxak,2023-05-13T15:00:05Z,195,21224818,1189248,22,9,0.19166666666666668,80815.0,-0.7249293259931557,1241.0,-0.6463944396177237
43,ynOtYmpZxak,2023-05-13T15:00:05Z,195,21328264,1190642,22,10,0.19305555555555556,103446.0,-0.3040284183901205,1394.0,-0.5134665508253693
