,id,date,duration,views,likes,category_id,hour,update_diff,views_diff,views_diff_scaled,likes_diff,likes_diff_scaled
1,6ZUIwj3FgUY,2023-04-10T09:00:10Z,185,79901009,1375388,10,1,1.3555555555555556,69974.0,1.4653630508317501,438.0,0.9890909090909091
2,6ZUIwj3FgUY,2023-04-10T09:00:10Z,185,79951127,1375746,10,2,1.3569444444444445,50118.0,0.5452944719892499,358.0,0.4072727272727273
3,6ZUIwj3FgUY,2023-04-10T09:00:10Z,185,80000157,1376109,10,3,1.3583333333333334,49030.0,0.4948797553403457,363.0,0.44363636363636366
4,6ZUIwj3FgUY,2023-04-10T09:00:10Z,185,80040644,1376439,10,4,1.3597222222222223,40487.0,0.09902228812381261,330.0,0.20363636363636364
5,6ZUIwj3FgUY,2023-04-10T09:00:10Z,185,80080783,1376662,10,5,1.3611111111111112,40139.0,0.08289699272508225,223.0,-0.5745454545454546
6,6ZUIwj3FgUY,2023-04-10T09:00:10Z,185,80115334,1376867,10,6,1.3625,34551.0,-0.17603447476947315,205.0,-0.7054545454545454
7,6ZUIwj3FgUY,2023-04-10T09:00:10Z,185,80139340,1377076,10,7,1.363888888888889,24006.0,-0.6646587275844493,209.0,-0.6763636363636364
8,6ZUIwj3FgUY,2023-04-10T09:00:10Z,185,80165392,1377289,10,8,1.3652777777777778,26052.0,-0.5698531115332932,213.0,-0.6472727272727272
9,6ZUIwj3FgUY,2023-04-10T09:00:10Z,185,80187457,1377545,10,9,1.3666666666666667,22065.0,-0.7545989527825402,256.0,-0.33454545454545453
10,6ZUIwj3FgUY,2023-04-10T09:00:10Z,185,80212529,1377810,10,10,1.3680555555555556,25072.0,-0.6152634261619017,265.0,-0.2690909090909091
11,6ZUIwj3FgUY,2023-04-10T09:00:10Z,185,80238084,1378145,10,11,1.3694444444444445,25555.0,-0.5928826282378018,335.0,0.24
12,6ZUIwj3FgUY,2023-04-10T09:00:10Z,185,80274898,1378519,10,12,1.3708333333333333,36814.0,-0.0711737176219823,374.0,0.5236363636363637
13,6ZUIwj3FgUY,2023-04-10T09:00:10Z,185,80317358,1378949,10,13,1.3722222222222222,42460.0,0.19044529910569483,430.0,0.9309090909090909
14,6ZUIwj3FgUY,2023-04-10T09:00:10Z,185,80362894,1379274,10,14,1.3736111111111111,45536.0,0.33297808257263334,325.0,0.16727272727272727
15,6ZUIwj3FgUY,2023-04-10T09:00:10Z,185,80419129,1379630,10,15,1.375,56235.0,0.8287382419721051,356.0,0.3927272727272727
16,6ZUIwj3FgUY,2023-04-10T09:00:10Z,185,80459367,1379990,10,16,1.3763888888888889,40238.0,0.08748436124368658,360.0,0.4218181818181818
17,6ZUIwj3FgUY,2023-04-10T09:00:10Z,185,80496224,1380300,10,17,1.3777777777777778,36857.0,-0.06918122422501274,310.0,0.05818181818181818
18,6ZUIwj3FgUY,2023-04-10T09:00:10Z,185,80550134,1380618,10,18,1.3791666666666667,53910.0,0.7210045873685186,318.0,0.11636363636363636
19,6ZUIwj3FgUY,2023-04-10T09:00:10Z,185,80603099,1380947,10,19,1.3805555555555555,52965.0,0.6772160696909318,329.0,0.19636363636363635
20,6ZUIwj3FgUY,2023-04-10T09:00:10Z,185,80627826,1381303,10,20,1.3819444444444444,24727.0,-0.6312497103934016,356.0,0.3927272727272727
21,6ZUIwj3FgUY,2023-04-10T09:00:10Z,185,80697332,1381649,10,21,1.3833333333333333,69506.0,1.4436773087438024,346.0,0.32
22,6ZUIwj3FgUY,2023-04-10T09:00:10Z,185,80736569,1382004,10,22,1.3847222222222222,39237.0,0.041100968444465036,355.0,0.38545454545454544
23,6ZUIwj3FgUY,2023-04-10T09:00:10Z,185,80798600,1382398,10,23,1.386111111111111,62031.0,1.097307817061304,394.0,0.6690909090909091
24,6ZUIwj3FgUY,2023-04-10T09:00:10Z,185,80842572,1382795,10,0,1.3875,43972.0,0.26050692738983366,397.0,0.6909090909090909
25,6ZUIwj3FgUY,2023-04-10T09:00:10Z,185,80897546,1383132,10,1,1.3888888888888888,54974.0,0.7703072146795793,337.0,0.2545454545454545
26,6ZUIwj3FgUY,2023-04-10T09:00:10Z,185,80935896,1383388,10,2,1.3902777777777777,38350.0,0.0,256.0,-0.33454545454545453
27,6ZUIwj3FgUY,2023-04-10T09:00:10Z,185,80985558,1383650,10,3,1.3916666666666666,49662.0,0.5241647745702238,262.0,-0.2909090909090909
28,6ZUIwj3FgUY,2023-04-10T09:00:10Z,185,81018022,1383864,10,4,1.3930555555555555,32464.0,-0.27273991010611187,214.0,-0.64
29,6ZUIwj3FgUY,2023-04-10T09:00:10Z,185,81054958,1384086,10,5,1.3944444444444444,36936.0,-0.06552059682127798,222.0,-0.5818181818181818
30,6ZUIwj3FgUY,2023-04-10T09:00:10Z,185,81080181,1384275,10,6,1.3958333333333333,25223.0,-0.6082665307446364,189.0,-0.8218181818181818
31,6ZUIwj3FgUY,2023-04-10T09:00:10Z,185,81111035,1384484,10,7,1.3972222222222221,30854.0,-0.3473425698531115,209.0,-0.6763636363636364
32,6ZUIwj3FgUY,2023-04-10T09:00:10Z,185,81130397,1384691,10,8,1.398611111111111,19362.0,-0.8798480144571614,207.0,-0.6909090909090909
33,6ZUIwj3FgUY,2023-04-10T09:00:10Z,185,81145940,1384905,10,9,1.4,15543.0,-1.0568092303415042,214.0,-0.64
34,6ZUIwj3FgUY,2023-04-10T09:00:10Z,185,81181494,1385115,10,10,1.4013888888888888,35554.0,-0.12955840785876466,210.0,-0.6690909090909091
35,6ZUIwj3FgUY,2023-04-10T09:00:10Z,185,81222926,1385360,10,11,1.4027777777777777,41432.0,0.14281080580139938,245.0,-0.41454545454545455
36,6ZUIwj3FgUY,2023-04-10T09:00:10Z,185,81249105,1385598,10,12,1.4041666666666666,26179.0,-0.5639683054538714,238.0,-0.46545454545454545
37,6ZUIwj3FgUY,2023-04-10T09:00:10Z,185,81285751,1385842,10,13,1.4055555555555554,36646.0,-0.07895834298688661,244.0,-0.4218181818181818
38,6ZUIwj3FgUY,2023-04-10T09:00:10Z,185,81332114,1386144,10,14,1.4069444444444446,46363.0,0.3712988276724897,302.0,0.0
39,6ZUIwj3FgUY,2023-04-10T09:00:10Z,185,81351145,1386300,10,15,1.4083333333333334,19031.0,-0.8951855799082526,156.0,-1.0618181818181818
