,id,date,duration,views,likes,category_id,hour,update_diff,views_diff,views_diff_scaled,likes_diff,likes_diff_scaled
1,UBURTj20HXI,2023-05-01T08:58:10Z,260,63954058,1389315,10,16,0.5430555555555555,-120533.0,-13.564485165794066,358.0,0.21505376344086022
2,UBURTj20HXI,2023-05-01T08:58:10Z,260,63977973,1389699,10,17,0.5444444444444444,23915.0,-0.9599476439790576,384.0,0.4014336917562724
3,UBURTj20HXI,2023-05-01T08:58:10Z,260,64016821,1390058,10,18,0.5458333333333333,38848.0,0.3431064572425829,359.0,0.2222222222222222
4,UBURTj20HXI,2023-05-01T08:58:10Z,260,64033518,1390552,10,19,0.5472222222222223,16697.0,-1.5897905759162303,494.0,1.189964157706093
5,UBURTj20HXI,2023-05-01T08:58:10Z,260,64067511,1391017,10,20,0.5486111111111112,33993.0,-0.08054101221640489,465.0,0.982078853046595
6,UBURTj20HXI,2023-05-01T08:58:10Z,260,64110378,1391581,10,21,0.55,42867.0,0.693804537521815,564.0,1.6917562724014337
7,UBURTj20HXI,2023-05-01T08:58:10Z,260,64158855,1392159,10,22,0.5513888888888889,48477.0,1.1833333333333333,578.0,1.7921146953405018
8,UBURTj20HXI,2023-05-01T08:58:10Z,260,64208427,1392711,10,23,0.5527777777777778,49572.0,1.2788830715532287,552.0,1.6057347670250897
9,UBURTj20HXI,2023-05-01T08:58:10Z,260,64257268,1393245,10,0,0.5541666666666667,48841.0,1.2150959860383943,534.0,1.4767025089605734
10,UBURTj20HXI,2023-05-01T08:58:10Z,260,64294792,1393888,10,1,0.5555555555555556,37524.0,0.2275741710296684,643.0,2.2580645161290325
11,UBURTj20HXI,2023-05-01T08:58:10Z,260,64338538,1394296,10,2,0.5569444444444445,43746.0,0.7705061082024433,408.0,0.5734767025089605
12,UBURTj20HXI,2023-05-01T08:58:10Z,260,64408839,1394684,10,3,0.5583333333333333,70301.0,3.087696335078534,388.0,0.43010752688172044
13,UBURTj20HXI,2023-05-01T08:58:10Z,260,64448336,1394975,10,4,0.5597222222222222,39497.0,0.39973821989528796,291.0,-0.26523297491039427
14,UBURTj20HXI,2023-05-01T08:58:10Z,260,64491134,1395255,10,5,0.5611111111111111,42798.0,0.687783595113438,280.0,-0.34408602150537637
15,UBURTj20HXI,2023-05-01T08:58:10Z,260,64530439,1395474,10,6,0.5625,39305.0,0.3829842931937173,219.0,-0.7813620071684588
16,UBURTj20HXI,2023-05-01T08:58:10Z,260,64571795,1395698,10,7,0.5638888888888889,41356.0,0.5619546247818499,224.0,-0.7455197132616488
17,UBURTj20HXI,2023-05-01T08:58:10Z,260,64600063,1395962,10,8,0.5652777777777778,28268.0,-0.5801047120418849,264.0,-0.45878136200716846
18,UBURTj20HXI,2023-05-01T08:58:10Z,260,64634280,1396206,10,9,0.5666666666666667,34217.0,-0.06099476439790576,244.0,-0.6021505376344086
19,UBURTj20HXI,2023-05-01T08:58:10Z,260,64667168,1396470,10,10,0.5680555555555555,32888.0,-0.1769633507853403,264.0,-0.45878136200716846
20,UBURTj20HXI,2023-05-01T08:58:10Z,260,64697634,1396747,10,11,0.5694444444444444,30466.0,-0.38830715532286214,277.0,-0.3655913978494624
21,UBURTj20HXI,2023-05-01T08:58:10Z,260,64726701,1397039,10,12,0.5708333333333333,29067.0,-0.5103839441535777,292.0,-0.25806451612903225
22,UBURTj20HXI,2023-05-01T08:58:10Z,260,64750580,1397365,10,13,0.5722222222222222,23879.0,-0.9630890052356021,326.0,-0.014336917562724014
23,UBURTj20HXI,2023-05-01T08:58:10Z,260,64786226,1397701,10,14,0.5736111111111111,35646.0,0.0636998254799302,336.0,0.05734767025089606
24,UBURTj20HXI,2023-05-01T08:58:10Z,260,64810490,1398004,10,15,0.575,24264.0,-0.9294938917975567,303.0,-0.17921146953405018
25,UBURTj20HXI,2023-05-01T08:58:10Z,260,64842060,1398271,10,16,0.5763888888888888,31570.0,-0.2919720767888307,267.0,-0.43727598566308246
26,UBURTj20HXI,2023-05-01T08:58:10Z,260,64608916,1398599,10,17,0.5777777777777777,-233144.0,-23.390924956369982,328.0,0.0
27,UBURTj20HXI,2023-05-01T08:58:10Z,260,64638875,1398907,10,18,0.5791666666666667,29959.0,-0.4325479930191972,308.0,-0.14336917562724014
28,UBURTj20HXI,2023-05-01T08:58:10Z,260,64658885,1399227,10,19,0.5805555555555556,20010.0,-1.300698080279232,320.0,-0.05734767025089606
29,UBURTj20HXI,2023-05-01T08:58:10Z,260,64698280,1399557,10,20,0.5819444444444445,39395.0,0.39083769633507853,330.0,0.014336917562724014
30,UBURTj20HXI,2023-05-01T08:58:10Z,260,64731074,1399972,10,21,0.5833333333333334,32794.0,-0.1851657940663176,415.0,0.6236559139784946
31,UBURTj20HXI,2023-05-01T08:58:10Z,260,64763663,1400426,10,22,0.5847222222222223,32589.0,-0.2030541012216405,454.0,0.9032258064516129
32,UBURTj20HXI,2023-05-01T08:58:10Z,260,64804421,1400893,10,23,0.5861111111111111,40758.0,0.5097731239092496,467.0,0.996415770609319
33,UBURTj20HXI,2023-05-01T08:58:10Z,260,64846098,1401336,10,0,0.5875,41677.0,0.5899650959860384,443.0,0.8243727598566308
34,UBURTj20HXI,2023-05-01T08:58:10Z,260,64885227,1401738,10,1,0.5888888888888889,39129.0,0.36762652705061083,402.0,0.5304659498207885
35,UBURTj20HXI,2023-05-01T08:58:10Z,260,64910435,1402114,10,2,0.5902777777777778,25208.0,-0.8471204188481676,376.0,0.34408602150537637
36,UBURTj20HXI,2023-05-01T08:58:10Z,260,64953424,1402477,10,3,0.5916666666666667,42989.0,0.7044502617801047,363.0,0.25089605734767023
37,UBURTj20HXI,2023-05-01T08:58:10Z,260,64982695,1402747,10,4,0.5930555555555556,29271.0,-0.49258289703315883,270.0,-0.4157706093189964
38,UBURTj20HXI,2023-05-01T08:58:10Z,260,65017842,1403025,10,5,0.5944444444444444,35147.0,0.020157068062827226,278.0,-0.35842293906810035
39,UBURTj20HXI,2023-05-01T08:58:10Z,260,65039444,1403273,10,6,0.5958333333333333,21602.0,-1.161780104712042,248.0,-0.5734767025089605
40,UBURTj20HXI,2023-05-01T08:58:10Z,260,65074360,1403491,10,7,0.5972222222222222,34916.0,0.0,218.0,-0.7885304659498208
41,UBURTj20HXI,2023-05-01T08:58:10Z,260,65099435,1403765,10,8,0.5986111111111111,25075.0,-0.8587260034904014,274.0,-0.3870967741935484
42,UBURTj20HXI,2023-05-01T08:58:10Z,260,65135792,1404014,10,9,0.6,36357.0,0.12574171029668413,249.0,-0.5663082437275986
43,UBURTj20HXI,2023-05-01T08:58:10Z,260,65171082,1404264,10,10,0.6013888888888889,35290.0,0.03263525305410122,250.0,-0.5591397849462365
