,id,date,duration,views,likes,category_id,hour,update_diff,views_diff,views_diff_scaled,likes_diff,likes_diff_scaled
1,qD1kP_nJU3o,2023-05-09T12:00:11Z,177,7399584,223551,10,1,0.38472222222222224,14069.0,1.5368160324251294,155.0,1.4492753623188406
2,qD1kP_nJU3o,2023-05-09T12:00:11Z,177,7409723,223670,10,2,0.3861111111111111,10139.0,0.6518802071605494,119.0,0.4057971014492754
3,qD1kP_nJU3o,2023-05-09T12:00:11Z,177,7419479,223770,10,3,0.3875,9756.0,0.5656383697365458,100.0,-0.14492753623188406
4,qD1kP_nJU3o,2023-05-09T12:00:11Z,177,7427196,223859,10,4,0.3888888888888889,7717.0,0.10650754334609322,89.0,-0.463768115942029
5,qD1kP_nJU3o,2023-05-09T12:00:11Z,177,7434254,223927,10,5,0.3902777777777778,7058.0,-0.04188245890565188,68.0,-1.0724637681159421
6,qD1kP_nJU3o,2023-05-09T12:00:11Z,177,7439897,223997,10,6,0.39166666666666666,5643.0,-0.3605043909029498,70.0,-1.0144927536231885
7,qD1kP_nJU3o,2023-05-09T12:00:11Z,177,7443726,224068,10,7,0.39305555555555555,3829.0,-0.7689709524881784,71.0,-0.9855072463768116
8,qD1kP_nJU3o,2023-05-09T12:00:11Z,177,7447925,224157,10,8,0.39444444444444443,4199.0,-0.6856563836973655,89.0,-0.463768115942029
9,qD1kP_nJU3o,2023-05-09T12:00:11Z,177,7451417,224260,10,9,0.3958333333333333,3492.0,-0.8448547624408916,103.0,-0.057971014492753624
10,qD1kP_nJU3o,2023-05-09T12:00:11Z,177,7456387,224362,10,10,0.3972222222222222,4970.0,-0.5120468362981311,102.0,-0.08695652173913043
11,qD1kP_nJU3o,2023-05-09T12:00:11Z,177,7461654,224467,10,11,0.39861111111111114,5267.0,-0.4451700067552353,105.0,0.0
12,qD1kP_nJU3o,2023-05-09T12:00:11Z,177,7468903,224565,10,12,0.4,7249.0,0.001125872551227201,98.0,-0.2028985507246377
13,qD1kP_nJU3o,2023-05-09T12:00:11Z,177,7477148,224670,10,13,0.4013888888888889,8245.0,0.22539968475568567,105.0,0.0
14,qD1kP_nJU3o,2023-05-09T12:00:11Z,177,7485371,224806,10,14,0.4027777777777778,8223.0,0.22044584553028598,136.0,0.8985507246376812
15,qD1kP_nJU3o,2023-05-09T12:00:11Z,177,7495334,224916,10,15,0.4041666666666667,9963.0,0.6122494933573519,110.0,0.14492753623188406
16,qD1kP_nJU3o,2023-05-09T12:00:11Z,177,7502578,225026,10,16,0.40555555555555556,7244.0,0.0,110.0,0.14492753623188406
17,qD1kP_nJU3o,2023-05-09T12:00:11Z,177,7509283,225164,10,17,0.40694444444444444,6705.0,-0.12136906102229228,138.0,0.9565217391304348
18,qD1kP_nJU3o,2023-05-09T12:00:11Z,177,7519355,225288,10,18,0.4083333333333333,10072.0,0.636793514974105,124.0,0.5507246376811594
19,qD1kP_nJU3o,2023-05-09T12:00:11Z,177,7529290,225408,10,19,0.4097222222222222,9935.0,0.6059446070704796,120.0,0.43478260869565216
20,qD1kP_nJU3o,2023-05-09T12:00:11Z,177,7533888,225537,10,20,0.4111111111111111,4598.0,-0.5958117541094348,129.0,0.6956521739130435
21,qD1kP_nJU3o,2023-05-09T12:00:11Z,177,7547077,225679,10,21,0.4125,13189.0,1.3386624634091422,142.0,1.0724637681159421
22,qD1kP_nJU3o,2023-05-09T12:00:11Z,177,7554543,225848,10,22,0.41388888888888886,7466.0,0.04998874127448773,169.0,1.855072463768116
23,qD1kP_nJU3o,2023-05-09T12:00:11Z,177,7566826,226012,10,23,0.4152777777777778,12283.0,1.1346543571267733,164.0,1.710144927536232
24,qD1kP_nJU3o,2023-05-09T12:00:11Z,177,7576189,226173,10,0,0.4166666666666667,9363.0,0.4771447872100878,161.0,1.6231884057971016
25,qD1kP_nJU3o,2023-05-09T12:00:11Z,177,7587641,226333,10,1,0.41805555555555557,11452.0,0.9475343391128125,160.0,1.5942028985507246
26,qD1kP_nJU3o,2023-05-09T12:00:11Z,177,7595738,226450,10,2,0.41944444444444445,8097.0,0.19207385723936052,117.0,0.34782608695652173
27,qD1kP_nJU3o,2023-05-09T12:00:11Z,177,7606088,226562,10,3,0.42083333333333334,10350.0,0.6993920288223373,112.0,0.2028985507246377
28,qD1kP_nJU3o,2023-05-09T12:00:11Z,177,7612487,226678,10,4,0.4222222222222222,6399.0,-0.190272461157397,116.0,0.3188405797101449
29,qD1kP_nJU3o,2023-05-09T12:00:11Z,177,7619364,226775,10,5,0.4236111111111111,6877.0,-0.08263904526007657,97.0,-0.2318840579710145
30,qD1kP_nJU3o,2023-05-09T12:00:11Z,177,7623839,226861,10,6,0.425,4475.0,-0.6235082188696239,86.0,-0.5507246376811594
31,qD1kP_nJU3o,2023-05-09T12:00:11Z,177,7629183,226923,10,7,0.4263888888888889,5344.0,-0.42783156946633644,62.0,-1.2463768115942029
32,qD1kP_nJU3o,2023-05-09T12:00:11Z,177,7632729,227007,10,8,0.42777777777777776,3546.0,-0.8326953388876379,84.0,-0.6086956521739131
33,qD1kP_nJU3o,2023-05-09T12:00:11Z,177,7635968,227111,10,9,0.42916666666666664,3239.0,-0.9018239135329881,104.0,-0.028985507246376812
34,qD1kP_nJU3o,2023-05-09T12:00:11Z,177,7643812,227175,10,10,0.4305555555555556,7844.0,0.13510470614726414,64.0,-1.1884057971014492
35,qD1kP_nJU3o,2023-05-09T12:00:11Z,177,7651347,227254,10,11,0.43194444444444446,7535.0,0.0655257824814231,79.0,-0.7536231884057971
36,qD1kP_nJU3o,2023-05-09T12:00:11Z,177,7655960,227334,10,12,0.43333333333333335,4613.0,-0.5924341364557532,80.0,-0.7246376811594203
37,qD1kP_nJU3o,2023-05-09T12:00:11Z,177,7662712,227423,10,13,0.43472222222222223,6752.0,-0.11078585904075659,89.0,-0.463768115942029
38,qD1kP_nJU3o,2023-05-09T12:00:11Z,177,7669348,227529,10,14,0.4361111111111111,6636.0,-0.13690610222922764,106.0,0.028985507246376812
39,qD1kP_nJU3o,2023-05-09T12:00:11Z,177,7672600,227586,10,15,0.4375,3252.0,-0.8988966448997974,57.0,-1.391304347826087
