,id,date,duration,views,likes,category_id,hour,update_diff,views_diff,views_diff_scaled,likes_diff,likes_diff_scaled
1,AwWx7q1-KLc,2023-05-18T09:30:07Z,290,11734,402,24,14,0.04027777777777778,391.0,2.26890756302521,9.0,2.3333333333333335
2,AwWx7q1-KLc,2023-05-18T09:30:07Z,290,12021,408,24,15,0.041666666666666664,287.0,1.3949579831932772,6.0,1.3333333333333333
3,AwWx7q1-KLc,2023-05-18T09:30:07Z,290,12397,414,24,16,0.043055555555555555,376.0,2.142857142857143,6.0,1.3333333333333333
4,AwWx7q1-KLc,2023-05-18T09:30:07Z,290,12598,419,24,17,0.044444444444444446,201.0,0.6722689075630253,5.0,1.0
5,AwWx7q1-KLc,2023-05-18T09:30:07Z,290,12903,422,24,18,0.04583333333333333,305.0,1.546218487394958,3.0,0.3333333333333333
6,AwWx7q1-KLc,2023-05-18T09:30:07Z,290,13102,426,24,19,0.04722222222222222,199.0,0.6554621848739496,4.0,0.6666666666666666
7,AwWx7q1-KLc,2023-05-18T09:30:07Z,290,13369,428,24,20,0.04861111111111111,267.0,1.226890756302521,2.0,0.0
8,AwWx7q1-KLc,2023-05-18T09:30:07Z,290,13591,428,24,21,0.05,222.0,0.8487394957983193,0.0,-0.6666666666666666
9,AwWx7q1-KLc,2023-05-18T09:30:07Z,290,13673,429,24,22,0.05138888888888889,82.0,-0.3277310924369748,1.0,-0.3333333333333333
10,AwWx7q1-KLc,2023-05-18T09:30:07Z,290,13804,434,24,23,0.05277777777777778,131.0,0.08403361344537816,5.0,1.0
11,AwWx7q1-KLc,2023-05-18T09:30:07Z,290,13927,437,24,0,0.05416666666666667,123.0,0.01680672268907563,3.0,0.3333333333333333
12,AwWx7q1-KLc,2023-05-18T09:30:07Z,290,14093,439,24,1,0.05555555555555555,166.0,0.37815126050420167,2.0,0.0
13,AwWx7q1-KLc,2023-05-18T09:30:07Z,290,14238,441,24,2,0.05694444444444444,145.0,0.20168067226890757,2.0,0.0
14,AwWx7q1-KLc,2023-05-18T09:30:07Z,290,14439,441,24,3,0.058333333333333334,201.0,0.6722689075630253,0.0,-0.6666666666666666
15,AwWx7q1-KLc,2023-05-18T09:30:07Z,290,14560,442,24,4,0.059722222222222225,121.0,0.0,1.0,-0.3333333333333333
16,AwWx7q1-KLc,2023-05-18T09:30:07Z,290,14659,443,24,5,0.06111111111111111,99.0,-0.18487394957983194,1.0,-0.3333333333333333
17,AwWx7q1-KLc,2023-05-18T09:30:07Z,290,14730,444,24,6,0.0625,71.0,-0.42016806722689076,1.0,-0.3333333333333333
18,AwWx7q1-KLc,2023-05-18T09:30:07Z,290,14775,444,24,7,0.06388888888888888,45.0,-0.6386554621848739,0.0,-0.6666666666666666
19,AwWx7q1-KLc,2023-05-18T09:30:07Z,290,14805,445,24,8,0.06527777777777778,30.0,-0.7647058823529411,1.0,-0.3333333333333333
20,AwWx7q1-KLc,2023-05-18T09:30:07Z,290,14841,447,24,9,0.06666666666666667,36.0,-0.7142857142857143,2.0,0.0
21,AwWx7q1-KLc,2023-05-18T09:30:07Z,290,14888,450,24,10,0.06805555555555555,47.0,-0.6218487394957983,3.0,0.3333333333333333
22,AwWx7q1-KLc,2023-05-18T09:30:07Z,290,14955,453,24,11,0.06944444444444445,67.0,-0.453781512605042,3.0,0.3333333333333333
23,AwWx7q1-KLc,2023-05-18T09:30:07Z,290,15091,457,24,12,0.07083333333333333,136.0,0.12605042016806722,4.0,0.6666666666666666
24,AwWx7q1-KLc,2023-05-18T09:30:07Z,290,15202,462,24,13,0.07222222222222222,111.0,-0.08403361344537816,5.0,1.0
25,AwWx7q1-KLc,2023-05-18T09:30:07Z,290,15336,462,24,14,0.07361111111111111,134.0,0.1092436974789916,0.0,-0.6666666666666666
26,AwWx7q1-KLc,2023-05-18T09:30:07Z,290,15427,464,24,15,0.075,91.0,-0.25210084033613445,2.0,0.0
27,AwWx7q1-KLc,2023-05-18T09:30:07Z,290,15524,468,24,16,0.0763888888888889,97.0,-0.20168067226890757,4.0,0.6666666666666666
28,AwWx7q1-KLc,2023-05-18T09:30:07Z,290,15635,470,24,17,0.07777777777777778,111.0,-0.08403361344537816,2.0,0.0
29,AwWx7q1-KLc,2023-05-18T09:30:07Z,290,15715,474,24,18,0.07916666666666666,80.0,-0.3445378151260504,4.0,0.6666666666666666
30,AwWx7q1-KLc,2023-05-18T09:30:07Z,290,15843,475,24,19,0.08055555555555556,128.0,0.058823529411764705,1.0,-0.3333333333333333
31,AwWx7q1-KLc,2023-05-18T09:30:07Z,290,15896,479,24,20,0.08194444444444444,53.0,-0.5714285714285714,4.0,0.6666666666666666
32,AwWx7q1-KLc,2023-05-18T09:30:07Z,290,16008,480,24,21,0.08333333333333333,112.0,-0.07563025210084033,1.0,-0.3333333333333333
33,AwWx7q1-KLc,2023-05-18T09:30:07Z,290,16062,484,24,22,0.08472222222222223,54.0,-0.5630252100840336,4.0,0.6666666666666666
