,id,date,duration,views,likes,category_id,hour,update_diff,views_diff,views_diff_scaled,likes_diff,likes_diff_scaled
1,3LXg8NovdEY,2023-05-18T20:42:04Z,1207,109782,1264,17,1,0.07222222222222222,1733.0,1.6239181746656177,16.0,2.0
2,3LXg8NovdEY,2023-05-18T20:42:04Z,1207,111487,1278,17,2,0.07361111111111111,1705.0,1.5798583792289536,14.0,1.6363636363636365
3,3LXg8NovdEY,2023-05-18T20:42:04Z,1207,113604,1283,17,3,0.075,2117.0,2.22816679779701,5.0,0.0
4,3LXg8NovdEY,2023-05-18T20:42:04Z,1207,115705,1288,17,4,0.0763888888888889,2101.0,2.2029897718332023,5.0,0.0
5,3LXg8NovdEY,2023-05-18T20:42:04Z,1207,117155,1296,17,5,0.07777777777777778,1450.0,1.1785995279307633,8.0,0.5454545454545454
6,3LXg8NovdEY,2023-05-18T20:42:04Z,1207,118092,1300,17,6,0.07916666666666666,937.0,0.37136113296616835,4.0,-0.18181818181818182
7,3LXg8NovdEY,2023-05-18T20:42:04Z,1207,118609,1300,17,7,0.08055555555555556,517.0,-0.2895357985837923,0.0,-0.9090909090909091
8,3LXg8NovdEY,2023-05-18T20:42:04Z,1207,119127,1302,17,8,0.08194444444444444,518.0,-0.2879622344610543,2.0,-0.5454545454545454
9,3LXg8NovdEY,2023-05-18T20:42:04Z,1207,119521,1314,17,9,0.08333333333333333,394.0,-0.4830841856805665,12.0,1.2727272727272727
10,3LXg8NovdEY,2023-05-18T20:42:04Z,1207,120026,1323,17,10,0.08472222222222223,505.0,-0.3084185680566483,9.0,0.7272727272727273
11,3LXg8NovdEY,2023-05-18T20:42:04Z,1207,120538,1328,17,11,0.08611111111111111,512.0,-0.2974036191974823,5.0,0.0
12,3LXg8NovdEY,2023-05-18T20:42:04Z,1207,121254,1336,17,12,0.0875,716.0,0.023603461841070025,8.0,0.5454545454545454
13,3LXg8NovdEY,2023-05-18T20:42:04Z,1207,122070,1338,17,13,0.08888888888888889,816.0,0.1809598741148702,2.0,-0.5454545454545454
14,3LXg8NovdEY,2023-05-18T20:42:04Z,1207,122713,1348,17,14,0.09027777777777778,643.0,-0.09126671911880409,10.0,0.9090909090909091
15,3LXg8NovdEY,2023-05-18T20:42:04Z,1207,123571,1361,17,15,0.09166666666666666,858.0,0.24704956726986624,13.0,1.4545454545454546
16,3LXg8NovdEY,2023-05-18T20:42:04Z,1207,124281,1366,17,16,0.09305555555555556,710.0,0.014162077104642014,5.0,0.0
17,3LXg8NovdEY,2023-05-18T20:42:04Z,1207,124848,1374,17,17,0.09444444444444444,567.0,-0.2108575924468922,8.0,0.5454545454545454
18,3LXg8NovdEY,2023-05-18T20:42:04Z,1207,125690,1382,17,18,0.09583333333333334,842.0,0.2218725413060582,8.0,0.5454545454545454
19,3LXg8NovdEY,2023-05-18T20:42:04Z,1207,126531,1385,17,19,0.09722222222222222,841.0,0.22029897718332023,3.0,-0.36363636363636365
20,3LXg8NovdEY,2023-05-18T20:42:04Z,1207,126971,1392,17,20,0.09861111111111111,440.0,-0.4107002360346184,7.0,0.36363636363636365
21,3LXg8NovdEY,2023-05-18T20:42:04Z,1207,128099,1396,17,21,0.1,1128.0,0.6719118804091266,4.0,-0.18181818181818182
22,3LXg8NovdEY,2023-05-18T20:42:04Z,1207,128718,1404,17,22,0.10138888888888889,619.0,-0.12903225806451613,8.0,0.5454545454545454
23,3LXg8NovdEY,2023-05-18T20:42:04Z,1207,129796,1424,17,23,0.10277777777777777,1078.0,0.5932336742722266,20.0,2.727272727272727
24,3LXg8NovdEY,2023-05-18T20:42:04Z,1207,130856,1432,17,0,0.10416666666666667,1060.0,0.5649095200629426,8.0,0.5454545454545454
25,3LXg8NovdEY,2023-05-18T20:42:04Z,1207,132363,1437,17,1,0.10555555555555556,1507.0,1.2682926829268293,5.0,0.0
26,3LXg8NovdEY,2023-05-18T20:42:04Z,1207,133541,1447,17,2,0.10694444444444444,1178.0,0.7505900865460268,10.0,0.9090909090909091
27,3LXg8NovdEY,2023-05-18T20:42:04Z,1207,134902,1454,17,3,0.10833333333333334,1361.0,1.038552321007081,7.0,0.36363636363636365
28,3LXg8NovdEY,2023-05-18T20:42:04Z,1207,135748,1456,17,4,0.10972222222222222,846.0,0.22816679779701024,2.0,-0.5454545454545454
29,3LXg8NovdEY,2023-05-18T20:42:04Z,1207,136449,1457,17,5,0.1111111111111111,701.0,0.0,1.0,-0.7272727272727273
30,3LXg8NovdEY,2023-05-18T20:42:04Z,1207,136876,1457,17,6,0.1125,427.0,-0.4311565696302124,0.0,-0.9090909090909091
31,3LXg8NovdEY,2023-05-18T20:42:04Z,1207,137214,1461,17,7,0.11388888888888889,338.0,-0.5712037765538945,4.0,-0.18181818181818182
32,3LXg8NovdEY,2023-05-18T20:42:04Z,1207,137400,1463,17,8,0.11527777777777778,186.0,-0.8103855232100708,2.0,-0.5454545454545454
33,3LXg8NovdEY,2023-05-18T20:42:04Z,1207,137578,1461,17,9,0.11666666666666667,178.0,-0.8229740361919748,-2.0,-1.2727272727272727
34,3LXg8NovdEY,2023-05-18T20:42:04Z,1207,137937,1464,17,10,0.11805555555555555,359.0,-0.5381589299763966,3.0,-0.36363636363636365
35,3LXg8NovdEY,2023-05-18T20:42:04Z,1207,138258,1469,17,11,0.11944444444444445,321.0,-0.5979543666404405,5.0,0.0
36,3LXg8NovdEY,2023-05-18T20:42:04Z,1207,138527,1474,17,12,0.12083333333333333,269.0,-0.6797797010228167,5.0,0.0
37,3LXg8NovdEY,2023-05-18T20:42:04Z,1207,138940,1474,17,13,0.12222222222222222,413.0,-0.45318646734854445,0.0,-0.9090909090909091
38,3LXg8NovdEY,2023-05-18T20:42:04Z,1207,139441,1474,17,14,0.125,501.0,-0.3147128245476003,0.0,-0.9090909090909091
39,3LXg8NovdEY,2023-05-18T20:42:04Z,1207,139658,1477,17,15,0.125,217.0,-0.7616050354051928,3.0,-0.36363636363636365
