,id,date,duration,views,likes,category_id,hour,update_diff,views_diff,views_diff_scaled,likes_diff,likes_diff_scaled
1,BDXiw1E2RuU,2023-05-12T10:00:07Z,870,22144,362,17,1,0.2875,26.0,0.7058823529411765,0.0,0.0
2,BDXiw1E2RuU,2023-05-12T10:00:07Z,870,22168,363,17,2,0.28888888888888886,24.0,0.5882352941176471,1.0,1.0
3,BDXiw1E2RuU,2023-05-12T10:00:07Z,870,22212,363,17,3,0.2902777777777778,44.0,1.7647058823529411,0.0,0.0
4,BDXiw1E2RuU,2023-05-12T10:00:07Z,870,22239,363,17,4,0.2916666666666667,27.0,0.7647058823529411,0.0,0.0
5,BDXiw1E2RuU,2023-05-12T10:00:07Z,870,22259,363,17,5,0.29305555555555557,20.0,0.35294117647058826,0.0,0.0
6,BDXiw1E2RuU,2023-05-12T10:00:07Z,870,22275,363,17,6,0.29444444444444445,16.0,0.11764705882352941,0.0,0.0
7,BDXiw1E2RuU,2023-05-12T10:00:07Z,870,22281,363,17,7,0.29583333333333334,6.0,-0.47058823529411764,0.0,0.0
8,BDXiw1E2RuU,2023-05-12T10:00:07Z,870,22287,363,17,8,0.2972222222222222,6.0,-0.47058823529411764,0.0,0.0
9,BDXiw1E2RuU,2023-05-12T10:00:07Z,870,22289,363,17,9,0.2986111111111111,2.0,-0.7058823529411765,0.0,0.0
10,BDXiw1E2RuU,2023-05-12T10:00:07Z,870,22294,363,17,10,0.3,5.0,-0.5294117647058824,0.0,0.0
11,BDXiw1E2RuU,2023-05-12T10:00:07Z,870,22305,363,17,11,0.3013888888888889,11.0,-0.17647058823529413,0.0,0.0
12,BDXiw1E2RuU,2023-05-12T10:00:07Z,870,22315,364,17,12,0.30277777777777776,10.0,-0.23529411764705882,1.0,1.0
13,BDXiw1E2RuU,2023-05-12T10:00:07Z,870,22327,364,17,13,0.30416666666666664,12.0,-0.11764705882352941,0.0,0.0
14,BDXiw1E2RuU,2023-05-12T10:00:07Z,870,22341,364,17,14,0.3055555555555556,14.0,0.0,0.0,0.0
15,BDXiw1E2RuU,2023-05-12T10:00:07Z,870,22358,364,17,15,0.30694444444444446,17.0,0.17647058823529413,0.0,0.0
16,BDXiw1E2RuU,2023-05-12T10:00:07Z,870,22377,364,17,16,0.30833333333333335,19.0,0.29411764705882354,0.0,0.0
17,BDXiw1E2RuU,2023-05-12T10:00:07Z,870,22391,364,17,17,0.30972222222222223,14.0,0.0,0.0,0.0
18,BDXiw1E2RuU,2023-05-12T10:00:07Z,870,22406,364,17,18,0.3111111111111111,15.0,0.058823529411764705,0.0,0.0
19,BDXiw1E2RuU,2023-05-12T10:00:07Z,870,22420,365,17,19,0.3125,14.0,0.0,1.0,1.0
20,BDXiw1E2RuU,2023-05-12T10:00:07Z,870,22427,365,17,20,0.3138888888888889,7.0,-0.4117647058823529,0.0,0.0
21,BDXiw1E2RuU,2023-05-12T10:00:07Z,870,22451,365,17,21,0.31527777777777777,24.0,0.5882352941176471,0.0,0.0
22,BDXiw1E2RuU,2023-05-12T10:00:07Z,870,22464,365,17,22,0.31666666666666665,13.0,-0.058823529411764705,0.0,0.0
23,BDXiw1E2RuU,2023-05-12T10:00:07Z,870,22504,365,17,23,0.31805555555555554,40.0,1.5294117647058822,0.0,0.0
24,BDXiw1E2RuU,2023-05-12T10:00:07Z,870,22539,366,17,0,0.3194444444444444,35.0,1.2352941176470589,1.0,1.0
25,BDXiw1E2RuU,2023-05-12T10:00:07Z,870,22570,366,17,1,0.32083333333333336,31.0,1.0,0.0,0.0
26,BDXiw1E2RuU,2023-05-12T10:00:07Z,870,22605,366,17,2,0.32222222222222224,35.0,1.2352941176470589,0.0,0.0
27,BDXiw1E2RuU,2023-05-12T10:00:07Z,870,22643,366,17,3,0.3236111111111111,38.0,1.411764705882353,0.0,0.0
28,BDXiw1E2RuU,2023-05-12T10:00:07Z,870,22666,366,17,4,0.325,23.0,0.5294117647058824,0.0,0.0
29,BDXiw1E2RuU,2023-05-12T10:00:07Z,870,22684,366,17,5,0.3263888888888889,18.0,0.23529411764705882,0.0,0.0
30,BDXiw1E2RuU,2023-05-12T10:00:07Z,870,22690,366,17,6,0.3277777777777778,6.0,-0.47058823529411764,0.0,0.0
31,BDXiw1E2RuU,2023-05-12T10:00:07Z,870,22695,366,17,7,0.32916666666666666,5.0,-0.5294117647058824,0.0,0.0
32,BDXiw1E2RuU,2023-05-12T10:00:07Z,870,22699,366,17,8,0.33055555555555555,4.0,-0.5882352941176471,0.0,0.0
33,BDXiw1E2RuU,2023-05-12T10:00:07Z,870,22699,366,17,9,0.33194444444444443,0.0,-0.8235294117647058,0.0,0.0
34,BDXiw1E2RuU,2023-05-12T10:00:07Z,870,22706,366,17,10,0.3333333333333333,7.0,-0.4117647058823529,0.0,0.0
35,BDXiw1E2RuU,2023-05-12T10:00:07Z,870,22716,366,17,11,0.3347222222222222,10.0,-0.23529411764705882,0.0,0.0
36,BDXiw1E2RuU,2023-05-12T10:00:07Z,870,22720,366,17,12,0.33611111111111114,4.0,-0.5882352941176471,0.0,0.0
37,BDXiw1E2RuU,2023-05-12T10:00:07Z,870,22730,367,17,13,0.3375,10.0,-0.23529411764705882,1.0,1.0
38,BDXiw1E2RuU,2023-05-12T10:00:07Z,870,22741,367,17,14,0.3388888888888889,11.0,-0.17647058823529413,0.0,0.0
39,BDXiw1E2RuU,2023-05-12T10:00:07Z,870,22746,367,17,15,0.3402777777777778,5.0,-0.5294117647058824,0.0,0.0
