,id,date,duration,views,likes,category_id,hour,update_diff,views_diff,views_diff_scaled,likes_diff,likes_diff_scaled
1,2pTspR3TkvU,2023-05-12T10:00:05Z,1572,462217,7784,22,1,0.2875,863.0,1.0251889168765742,6.0,1.0
2,2pTspR3TkvU,2023-05-12T10:00:05Z,1572,462939,7786,22,2,0.28888888888888886,722.0,0.6700251889168766,2.0,-0.3333333333333333
3,2pTspR3TkvU,2023-05-12T10:00:05Z,1572,463694,7787,22,3,0.2902777777777778,755.0,0.7531486146095718,1.0,-0.6666666666666666
4,2pTspR3TkvU,2023-05-12T10:00:05Z,1572,464201,7788,22,4,0.2916666666666667,507.0,0.12846347607052896,1.0,-0.6666666666666666
5,2pTspR3TkvU,2023-05-12T10:00:05Z,1572,464728,7789,22,5,0.29305555555555557,527.0,0.17884130982367757,1.0,-0.6666666666666666
6,2pTspR3TkvU,2023-05-12T10:00:05Z,1572,465066,7790,22,6,0.29444444444444445,338.0,-0.2972292191435768,1.0,-0.6666666666666666
7,2pTspR3TkvU,2023-05-12T10:00:05Z,1572,465231,7790,22,7,0.29583333333333334,165.0,-0.7329974811083123,0.0,-1.0
8,2pTspR3TkvU,2023-05-12T10:00:05Z,1572,465404,7792,22,8,0.2972222222222222,173.0,-0.7128463476070529,2.0,-0.3333333333333333
9,2pTspR3TkvU,2023-05-12T10:00:05Z,1572,465525,7793,22,9,0.2986111111111111,121.0,-0.8438287153652393,1.0,-0.6666666666666666
10,2pTspR3TkvU,2023-05-12T10:00:05Z,1572,465720,7795,22,10,0.3,195.0,-0.6574307304785895,2.0,-0.3333333333333333
11,2pTspR3TkvU,2023-05-12T10:00:05Z,1572,465930,7799,22,11,0.3013888888888889,210.0,-0.6196473551637279,4.0,0.3333333333333333
12,2pTspR3TkvU,2023-05-12T10:00:05Z,1572,466281,7802,22,12,0.30277777777777776,351.0,-0.26448362720403024,3.0,0.0
13,2pTspR3TkvU,2023-05-12T10:00:05Z,1572,466684,7804,22,13,0.30416666666666664,403.0,-0.13350125944584382,2.0,-0.3333333333333333
14,2pTspR3TkvU,2023-05-12T10:00:05Z,1572,467188,7812,22,14,0.3055555555555556,504.0,0.12090680100755667,8.0,1.6666666666666667
15,2pTspR3TkvU,2023-05-12T10:00:05Z,1572,467840,7818,22,15,0.30694444444444446,652.0,0.49370277078085645,6.0,1.0
16,2pTspR3TkvU,2023-05-12T10:00:05Z,1572,468383,7825,22,16,0.30833333333333335,543.0,0.21914357682619648,7.0,1.3333333333333333
17,2pTspR3TkvU,2023-05-12T10:00:05Z,1572,468894,7829,22,17,0.30972222222222223,511.0,0.1385390428211587,4.0,0.3333333333333333
18,2pTspR3TkvU,2023-05-12T10:00:05Z,1572,469811,7833,22,18,0.3111111111111111,917.0,1.1612090680100755,4.0,0.3333333333333333
19,2pTspR3TkvU,2023-05-12T10:00:05Z,1572,470665,7836,22,19,0.3125,854.0,1.0025188916876575,3.0,0.0
20,2pTspR3TkvU,2023-05-12T10:00:05Z,1572,471019,7843,22,20,0.3138888888888889,354.0,-0.25692695214105793,7.0,1.3333333333333333
21,2pTspR3TkvU,2023-05-12T10:00:05Z,1572,471876,7846,22,21,0.31527777777777777,857.0,1.0100755667506298,3.0,0.0
22,2pTspR3TkvU,2023-05-12T10:00:05Z,1572,472370,7853,22,22,0.31666666666666665,494.0,0.09571788413098237,7.0,1.3333333333333333
23,2pTspR3TkvU,2023-05-12T10:00:05Z,1572,473174,7859,22,23,0.31805555555555554,804.0,0.8765743073047859,6.0,1.0
24,2pTspR3TkvU,2023-05-12T10:00:05Z,1572,473685,7863,22,0,0.3194444444444444,511.0,0.1385390428211587,4.0,0.3333333333333333
25,2pTspR3TkvU,2023-05-12T10:00:05Z,1572,474346,7874,22,1,0.32083333333333336,661.0,0.5163727959697733,11.0,2.6666666666666665
26,2pTspR3TkvU,2023-05-12T10:00:05Z,1572,474920,7877,22,2,0.32222222222222224,574.0,0.2972292191435768,3.0,0.0
27,2pTspR3TkvU,2023-05-12T10:00:05Z,1572,475625,7880,22,3,0.3236111111111111,705.0,0.6272040302267002,3.0,0.0
28,2pTspR3TkvU,2023-05-12T10:00:05Z,1572,476106,7881,22,4,0.325,481.0,0.06297229219143577,1.0,-0.6666666666666666
29,2pTspR3TkvU,2023-05-12T10:00:05Z,1572,476562,7882,22,5,0.3263888888888889,456.0,0.0,1.0,-0.6666666666666666
30,2pTspR3TkvU,2023-05-12T10:00:05Z,1572,476778,7882,22,6,0.3277777777777778,216.0,-0.6045340050377834,0.0,-1.0
31,2pTspR3TkvU,2023-05-12T10:00:05Z,1572,476958,7882,22,7,0.32916666666666666,180.0,-0.6952141057934509,0.0,-1.0
32,2pTspR3TkvU,2023-05-12T10:00:05Z,1572,477058,7885,22,8,0.33055555555555555,100.0,-0.8967254408060453,3.0,0.0
33,2pTspR3TkvU,2023-05-12T10:00:05Z,1572,477141,7886,22,9,0.33194444444444443,83.0,-0.9395465994962217,1.0,-0.6666666666666666
34,2pTspR3TkvU,2023-05-12T10:00:05Z,1572,477437,7888,22,10,0.3333333333333333,296.0,-0.40302267002518893,2.0,-0.3333333333333333
35,2pTspR3TkvU,2023-05-12T10:00:05Z,1572,477751,7895,22,11,0.3347222222222222,314.0,-0.35768261964735515,7.0,1.3333333333333333
36,2pTspR3TkvU,2023-05-12T10:00:05Z,1572,477935,7897,22,12,0.33611111111111114,184.0,-0.6851385390428212,2.0,-0.3333333333333333
37,2pTspR3TkvU,2023-05-12T10:00:05Z,1572,478252,7898,22,13,0.3375,317.0,-0.3501259445843829,1.0,-0.6666666666666666
38,2pTspR3TkvU,2023-05-12T10:00:05Z,1572,478691,7901,22,14,0.3388888888888889,439.0,-0.042821158690176324,3.0,0.0
39,2pTspR3TkvU,2023-05-12T10:00:05Z,1572,478907,7905,22,15,0.3402777777777778,216.0,-0.6045340050377834,4.0,0.3333333333333333
