,id,date,duration,views,likes,category_id,hour,update_diff,views_diff,views_diff_scaled,likes_diff,likes_diff_scaled
1,2pTspR3TkvU,2023-05-12T10:00:05Z,1572,442813,7558,22,14,0.2388888888888889,483.0,-0.1504424778761062,5.0,0.0
2,2pTspR3TkvU,2023-05-12T10:00:05Z,1572,443300,7563,22,15,0.24027777777777778,487.0,-0.13274336283185842,5.0,0.0
3,2pTspR3TkvU,2023-05-12T10:00:05Z,1572,443937,7571,22,16,0.24166666666666667,637.0,0.5309734513274337,8.0,0.75
4,2pTspR3TkvU,2023-05-12T10:00:05Z,1572,444370,7577,22,17,0.24305555555555555,433.0,-0.37168141592920356,6.0,0.25
5,2pTspR3TkvU,2023-05-12T10:00:05Z,1572,444922,7581,22,18,0.24444444444444444,552.0,0.15486725663716813,4.0,-0.25
6,2pTspR3TkvU,2023-05-12T10:00:05Z,1572,445344,7594,22,19,0.24583333333333332,422.0,-0.42035398230088494,13.0,2.0
7,2pTspR3TkvU,2023-05-12T10:00:05Z,1572,445938,7608,22,20,0.24722222222222223,594.0,0.3407079646017699,14.0,2.25
8,2pTspR3TkvU,2023-05-12T10:00:05Z,1572,446586,7617,22,21,0.24861111111111112,648.0,0.5796460176991151,9.0,1.0
9,2pTspR3TkvU,2023-05-12T10:00:05Z,1572,447098,7624,22,22,0.25,512.0,-0.022123893805309734,7.0,0.5
10,2pTspR3TkvU,2023-05-12T10:00:05Z,1572,447897,7637,22,23,0.2513888888888889,799.0,1.247787610619469,13.0,2.0
11,2pTspR3TkvU,2023-05-12T10:00:05Z,1572,448534,7646,22,0,0.25277777777777777,637.0,0.5309734513274337,9.0,1.0
12,2pTspR3TkvU,2023-05-12T10:00:05Z,1572,449440,7658,22,1,0.25416666666666665,906.0,1.7212389380530972,12.0,1.75
13,2pTspR3TkvU,2023-05-12T10:00:05Z,1572,450050,7663,22,2,0.25555555555555554,610.0,0.41150442477876104,5.0,0.0
14,2pTspR3TkvU,2023-05-12T10:00:05Z,1572,450980,7667,22,3,0.2569444444444444,930.0,1.8274336283185841,4.0,-0.25
15,2pTspR3TkvU,2023-05-12T10:00:05Z,1572,451639,7668,22,4,0.25833333333333336,659.0,0.6283185840707964,1.0,-1.0
16,2pTspR3TkvU,2023-05-12T10:00:05Z,1572,452156,7669,22,5,0.25972222222222224,517.0,0.0,1.0,-1.0
17,2pTspR3TkvU,2023-05-12T10:00:05Z,1572,452555,7673,22,6,0.2611111111111111,399.0,-0.5221238938053098,4.0,-0.25
18,2pTspR3TkvU,2023-05-12T10:00:05Z,1572,452812,7674,22,7,0.2625,257.0,-1.1504424778761062,1.0,-1.0
19,2pTspR3TkvU,2023-05-12T10:00:05Z,1572,452953,7678,22,8,0.2638888888888889,141.0,-1.663716814159292,4.0,-0.25
20,2pTspR3TkvU,2023-05-12T10:00:05Z,1572,453147,7684,22,9,0.2652777777777778,194.0,-1.4292035398230087,6.0,0.25
21,2pTspR3TkvU,2023-05-12T10:00:05Z,1572,453453,7688,22,10,0.26666666666666666,306.0,-0.9336283185840708,4.0,-0.25
22,2pTspR3TkvU,2023-05-12T10:00:05Z,1572,453817,7695,22,11,0.26805555555555555,364.0,-0.6769911504424779,7.0,0.5
23,2pTspR3TkvU,2023-05-12T10:00:05Z,1572,454315,7704,22,12,0.26944444444444443,498.0,-0.084070796460177,9.0,1.0
24,2pTspR3TkvU,2023-05-12T10:00:05Z,1572,454822,7709,22,13,0.2708333333333333,507.0,-0.04424778761061947,5.0,0.0
25,2pTspR3TkvU,2023-05-12T10:00:05Z,1572,455404,7714,22,14,0.2722222222222222,582.0,0.28761061946902655,5.0,0.0
26,2pTspR3TkvU,2023-05-12T10:00:05Z,1572,455830,7723,22,15,0.27361111111111114,426.0,-0.4026548672566372,9.0,1.0
27,2pTspR3TkvU,2023-05-12T10:00:05Z,1572,456590,7731,22,16,0.275,760.0,1.075221238938053,8.0,0.75
28,2pTspR3TkvU,2023-05-12T10:00:05Z,1572,457276,7734,22,17,0.2763888888888889,686.0,0.7477876106194691,3.0,-0.5
29,2pTspR3TkvU,2023-05-12T10:00:05Z,1572,457820,7741,22,18,0.2777777777777778,544.0,0.11946902654867257,7.0,0.5
30,2pTspR3TkvU,2023-05-12T10:00:05Z,1572,458703,7746,22,19,0.2791666666666667,883.0,1.6194690265486726,5.0,0.0
31,2pTspR3TkvU,2023-05-12T10:00:05Z,1572,459030,7750,22,20,0.28055555555555556,327.0,-0.8407079646017699,4.0,-0.25
32,2pTspR3TkvU,2023-05-12T10:00:05Z,1572,459819,7756,22,21,0.28194444444444444,789.0,1.2035398230088497,6.0,0.25
33,2pTspR3TkvU,2023-05-12T10:00:05Z,1572,460149,7761,22,22,0.2833333333333333,330.0,-0.827433628318584,5.0,0.0
