,id,date,duration,views,likes,category_id,hour,update_diff,views_diff,views_diff_scaled,likes_diff,likes_diff_scaled
1,KyKATvL6f2w,2023-05-11T11:45:09Z,238,397584,15489,20,16,0.20555555555555555,1003.0,0.016886543535620052,7.0,-0.3157894736842105
2,KyKATvL6f2w,2023-05-11T11:45:09Z,238,398216,15501,20,17,0.20694444444444443,632.0,-0.37467018469656993,12.0,0.21052631578947367
3,KyKATvL6f2w,2023-05-11T11:45:09Z,238,399379,15516,20,18,0.20833333333333334,1163.0,0.18575197889182057,15.0,0.5263157894736842
4,KyKATvL6f2w,2023-05-11T11:45:09Z,238,400560,15528,20,19,0.20972222222222223,1181.0,0.20474934036939313,12.0,0.21052631578947367
5,KyKATvL6f2w,2023-05-11T11:45:09Z,238,401738,15541,20,20,0.2111111111111111,1178.0,0.20158311345646437,13.0,0.3157894736842105
6,KyKATvL6f2w,2023-05-11T11:45:09Z,238,403278,15560,20,21,0.2125,1540.0,0.5836411609498681,19.0,0.9473684210526315
7,KyKATvL6f2w,2023-05-11T11:45:09Z,238,404750,15584,20,22,0.21388888888888888,1472.0,0.5118733509234829,24.0,1.4736842105263157
8,KyKATvL6f2w,2023-05-11T11:45:09Z,238,406382,15596,20,23,0.2152777777777778,1632.0,0.6807387862796834,12.0,0.21052631578947367
9,KyKATvL6f2w,2023-05-11T11:45:09Z,238,407949,15616,20,0,0.21666666666666667,1567.0,0.6121372031662269,20.0,1.0526315789473684
10,KyKATvL6f2w,2023-05-11T11:45:09Z,238,409262,15636,20,1,0.21805555555555556,1313.0,0.34406332453825855,20.0,1.0526315789473684
11,KyKATvL6f2w,2023-05-11T11:45:09Z,238,410787,15646,20,2,0.21944444444444444,1525.0,0.5678100263852243,10.0,0.0
12,KyKATvL6f2w,2023-05-11T11:45:09Z,238,412614,15658,20,3,0.22083333333333333,1827.0,0.8865435356200527,12.0,0.21052631578947367
13,KyKATvL6f2w,2023-05-11T11:45:09Z,238,413601,15664,20,4,0.2222222222222222,987.0,0.0,6.0,-0.42105263157894735
14,KyKATvL6f2w,2023-05-11T11:45:09Z,238,414508,15664,20,5,0.22361111111111112,907.0,-0.08443271767810026,0.0,-1.0526315789473684
15,KyKATvL6f2w,2023-05-11T11:45:09Z,238,414875,15664,20,6,0.225,367.0,-0.6543535620052771,0.0,-1.0526315789473684
16,KyKATvL6f2w,2023-05-11T11:45:09Z,238,415187,15668,20,7,0.2263888888888889,312.0,-0.712401055408971,4.0,-0.631578947368421
17,KyKATvL6f2w,2023-05-11T11:45:09Z,238,415286,15681,20,8,0.22777777777777777,99.0,-0.9372031662269129,13.0,0.3157894736842105
18,KyKATvL6f2w,2023-05-11T11:45:09Z,238,415673,15689,20,9,0.22916666666666666,387.0,-0.633245382585752,8.0,-0.21052631578947367
19,KyKATvL6f2w,2023-05-11T11:45:09Z,238,416480,15691,20,10,0.23055555555555557,807.0,-0.18997361477572558,2.0,-0.8421052631578947
20,KyKATvL6f2w,2023-05-11T11:45:09Z,238,417303,15696,20,11,0.23194444444444445,823.0,-0.17308707124010553,5.0,-0.5263157894736842
21,KyKATvL6f2w,2023-05-11T11:45:09Z,238,417890,15700,20,12,0.23333333333333334,587.0,-0.42216358839050133,4.0,-0.631578947368421
22,KyKATvL6f2w,2023-05-11T11:45:09Z,238,418284,15706,20,13,0.23472222222222222,394.0,-0.6258575197889182,6.0,-0.42105263157894735
23,KyKATvL6f2w,2023-05-11T11:45:09Z,238,419275,15710,20,14,0.2361111111111111,991.0,0.004221635883905013,4.0,-0.631578947368421
24,KyKATvL6f2w,2023-05-11T11:45:09Z,238,419919,15718,20,15,0.2375,644.0,-0.36200527704485486,8.0,-0.21052631578947367
25,KyKATvL6f2w,2023-05-11T11:45:09Z,238,420795,15731,20,16,0.2388888888888889,876.0,-0.11715039577836411,13.0,0.3157894736842105
26,KyKATvL6f2w,2023-05-11T11:45:09Z,238,420921,15743,20,17,0.24027777777777778,126.0,-0.9087071240105541,12.0,0.21052631578947367
27,KyKATvL6f2w,2023-05-11T11:45:09Z,238,422136,15751,20,18,0.24166666666666667,1215.0,0.24063324538258576,8.0,-0.21052631578947367
28,KyKATvL6f2w,2023-05-11T11:45:09Z,238,422625,15765,20,19,0.24305555555555555,489.0,-0.5255936675461741,14.0,0.42105263157894735
29,KyKATvL6f2w,2023-05-11T11:45:09Z,238,424240,15781,20,20,0.24444444444444444,1615.0,0.6627968337730871,16.0,0.631578947368421
30,KyKATvL6f2w,2023-05-11T11:45:09Z,238,425472,15789,20,21,0.24583333333333332,1232.0,0.25857519788918204,8.0,-0.21052631578947367
31,KyKATvL6f2w,2023-05-11T11:45:09Z,238,426471,15814,20,22,0.24722222222222223,999.0,0.012664907651715039,25.0,1.5789473684210527
32,KyKATvL6f2w,2023-05-11T11:45:09Z,238,428030,15834,20,23,0.24861111111111112,1559.0,0.6036939313984169,20.0,1.0526315789473684
33,KyKATvL6f2w,2023-05-11T11:45:09Z,238,429734,15845,20,0,0.25,1704.0,0.7567282321899736,11.0,0.10526315789473684
34,KyKATvL6f2w,2023-05-11T11:45:09Z,238,431323,15861,20,1,0.2513888888888889,1589.0,0.6353562005277045,16.0,0.631578947368421
35,KyKATvL6f2w,2023-05-11T11:45:09Z,238,432521,15877,20,2,0.25277777777777777,1198.0,0.22269129287598943,16.0,0.631578947368421
36,KyKATvL6f2w,2023-05-11T11:45:09Z,238,433986,15880,20,3,0.25416666666666665,1465.0,0.5044854881266491,3.0,-0.7368421052631579
37,KyKATvL6f2w,2023-05-11T11:45:09Z,238,434378,15884,20,4,0.25555555555555554,392.0,-0.6279683377308707,4.0,-0.631578947368421
38,KyKATvL6f2w,2023-05-11T11:45:09Z,238,435179,15885,20,5,0.2569444444444444,801.0,-0.19630606860158312,1.0,-0.9473684210526315
39,KyKATvL6f2w,2023-05-11T11:45:09Z,238,435245,15886,20,6,0.25833333333333336,66.0,-0.9720316622691293,1.0,-0.9473684210526315
40,KyKATvL6f2w,2023-05-11T11:45:09Z,238,435427,15889,20,7,0.25972222222222224,182.0,-0.8496042216358839,3.0,-0.7368421052631579
41,KyKATvL6f2w,2023-05-11T11:45:09Z,238,435427,15892,20,8,0.2611111111111111,0.0,-1.041688654353562,3.0,-0.7368421052631579
42,KyKATvL6f2w,2023-05-11T11:45:09Z,238,435659,15902,20,9,0.2625,232.0,-0.7968337730870713,10.0,0.0
43,KyKATvL6f2w,2023-05-11T11:45:09Z,238,436539,15903,20,10,0.2638888888888889,880.0,-0.11292875989445911,1.0,-0.9473684210526315
