,id,date,duration,views,likes,category_id,hour,update_diff,views_diff,views_diff_scaled,likes_diff,likes_diff_scaled
1,KyKATvL6f2w,2023-05-11T11:45:09Z,238,464086,16179,20,1,0.31805555555555554,1255.0,1.667034178610805,10.0,1.25
2,KyKATvL6f2w,2023-05-11T11:45:09Z,238,464976,16185,20,2,0.3194444444444444,890.0,0.8621830209481808,6.0,0.25
3,KyKATvL6f2w,2023-05-11T11:45:09Z,238,465854,16191,20,3,0.32083333333333336,878.0,0.8357221609702316,6.0,0.25
4,KyKATvL6f2w,2023-05-11T11:45:09Z,238,466352,16201,20,4,0.32222222222222224,498.0,-0.002205071664829107,10.0,1.25
5,KyKATvL6f2w,2023-05-11T11:45:09Z,238,466811,16205,20,5,0.3236111111111111,459.0,-0.08820286659316427,4.0,-0.25
6,KyKATvL6f2w,2023-05-11T11:45:09Z,238,467303,16208,20,6,0.325,492.0,-0.015435501653803748,3.0,-0.5
7,KyKATvL6f2w,2023-05-11T11:45:09Z,238,467303,16208,20,7,0.3263888888888889,0.0,-1.1003307607497244,0.0,-1.25
8,KyKATvL6f2w,2023-05-11T11:45:09Z,238,467303,16209,20,8,0.3277777777777778,0.0,-1.1003307607497244,1.0,-1.0
9,KyKATvL6f2w,2023-05-11T11:45:09Z,238,466814,16213,20,9,0.32916666666666666,-489.0,-2.1786108048511577,4.0,-0.25
10,KyKATvL6f2w,2023-05-11T11:45:09Z,238,466863,16217,20,10,0.33055555555555555,49.0,-0.9922822491730982,4.0,-0.25
11,KyKATvL6f2w,2023-05-11T11:45:09Z,238,467027,16220,20,11,0.33194444444444443,164.0,-0.7386990077177509,3.0,-0.5
12,KyKATvL6f2w,2023-05-11T11:45:09Z,238,467549,16227,20,12,0.3333333333333333,522.0,0.050716648291069456,7.0,0.5
13,KyKATvL6f2w,2023-05-11T11:45:09Z,238,468111,16237,20,13,0.3347222222222222,562.0,0.13891951488423374,10.0,1.25
14,KyKATvL6f2w,2023-05-11T11:45:09Z,238,468669,16243,20,14,0.33611111111111114,558.0,0.13009922822491732,6.0,0.25
15,KyKATvL6f2w,2023-05-11T11:45:09Z,238,469419,16250,20,15,0.3375,750.0,0.5534729878721059,7.0,0.5
16,KyKATvL6f2w,2023-05-11T11:45:09Z,238,470176,16257,20,16,0.3388888888888889,757.0,0.5689084895259096,7.0,0.5
17,KyKATvL6f2w,2023-05-11T11:45:09Z,238,470859,16265,20,17,0.3402777777777778,683.0,0.40573318632855565,8.0,0.75
18,KyKATvL6f2w,2023-05-11T11:45:09Z,238,471939,16270,20,18,0.3416666666666667,1080.0,1.2811466372657112,5.0,0.0
19,KyKATvL6f2w,2023-05-11T11:45:09Z,238,473061,16278,20,19,0.34305555555555556,1122.0,1.3737596471885336,8.0,0.75
20,KyKATvL6f2w,2023-05-11T11:45:09Z,238,473372,16285,20,20,0.34444444444444444,311.0,-0.4145534729878721,7.0,0.5
21,KyKATvL6f2w,2023-05-11T11:45:09Z,238,474494,16290,20,21,0.3458333333333333,1122.0,1.3737596471885336,5.0,0.0
22,KyKATvL6f2w,2023-05-11T11:45:09Z,238,475134,16306,20,22,0.3472222222222222,640.0,0.31091510474090406,16.0,2.75
23,KyKATvL6f2w,2023-05-11T11:45:09Z,238,476505,16322,20,23,0.3486111111111111,1371.0,1.9228224917309813,16.0,2.75
24,KyKATvL6f2w,2023-05-11T11:45:09Z,238,477216,16333,20,0,0.35,711.0,0.46747519294377066,11.0,1.5
25,KyKATvL6f2w,2023-05-11T11:45:09Z,238,478234,16341,20,1,0.35138888888888886,1018.0,1.1444321940463065,8.0,0.75
26,KyKATvL6f2w,2023-05-11T11:45:09Z,238,478672,16345,20,2,0.3527777777777778,438.0,-0.1345093715545755,4.0,-0.25
27,KyKATvL6f2w,2023-05-11T11:45:09Z,238,479537,16349,20,3,0.3541666666666667,865.0,0.8070562293274531,4.0,-0.25
28,KyKATvL6f2w,2023-05-11T11:45:09Z,238,479830,16351,20,4,0.35555555555555557,293.0,-0.45424476295479604,2.0,-0.75
29,KyKATvL6f2w,2023-05-11T11:45:09Z,238,480191,16351,20,5,0.35694444444444445,361.0,-0.30429988974641675,0.0,-1.25
30,KyKATvL6f2w,2023-05-11T11:45:09Z,238,480325,16353,20,6,0.35833333333333334,134.0,-0.804851157662624,2.0,-0.75
31,KyKATvL6f2w,2023-05-11T11:45:09Z,238,480622,16355,20,7,0.3597222222222222,297.0,-0.4454244762954796,2.0,-0.75
32,KyKATvL6f2w,2023-05-11T11:45:09Z,238,480624,16358,20,8,0.3611111111111111,2.0,-1.0959206174200662,3.0,-0.5
33,KyKATvL6f2w,2023-05-11T11:45:09Z,238,480649,16363,20,9,0.3625,25.0,-1.0452039691289967,5.0,0.0
34,KyKATvL6f2w,2023-05-11T11:45:09Z,238,481264,16365,20,10,0.3638888888888889,615.0,0.2557883131201764,2.0,-0.75
35,KyKATvL6f2w,2023-05-11T11:45:09Z,238,481763,16367,20,11,0.36527777777777776,499.0,0.0,2.0,-0.75
36,KyKATvL6f2w,2023-05-11T11:45:09Z,238,482166,16371,20,12,0.36666666666666664,403.0,-0.21168687982359427,4.0,-0.25
37,KyKATvL6f2w,2023-05-11T11:45:09Z,238,482610,16373,20,13,0.3680555555555556,444.0,-0.12127894156560089,2.0,-0.75
38,KyKATvL6f2w,2023-05-11T11:45:09Z,238,483130,16379,20,14,0.37083333333333335,520.0,0.04630650496141125,6.0,0.25
39,KyKATvL6f2w,2023-05-11T11:45:09Z,238,483433,16382,20,15,0.37083333333333335,303.0,-0.432194046306505,3.0,-0.5
