,id,date,duration,views,likes,category_id,hour,update_diff,views_diff,views_diff_scaled,likes_diff,likes_diff_scaled
1,tIcJ3OTloO8,2023-05-14T13:12:55Z,3994,14839,838,22,10,0.0625,26.0,0.0,1.0,0.0
2,tIcJ3OTloO8,2023-05-14T13:12:55Z,3994,14868,838,22,11,0.06388888888888888,29.0,0.15789473684210525,0.0,-1.0
3,tIcJ3OTloO8,2023-05-14T13:12:55Z,3994,14905,839,22,12,0.06527777777777778,37.0,0.5789473684210527,1.0,0.0
4,tIcJ3OTloO8,2023-05-14T13:12:55Z,3994,14930,840,22,13,0.06666666666666667,25.0,-0.05263157894736842,1.0,0.0
5,tIcJ3OTloO8,2023-05-14T13:12:55Z,3994,14965,843,22,14,0.06805555555555555,35.0,0.47368421052631576,3.0,2.0
6,tIcJ3OTloO8,2023-05-14T13:12:55Z,3994,14988,846,22,15,0.06944444444444445,23.0,-0.15789473684210525,3.0,2.0
7,tIcJ3OTloO8,2023-05-14T13:12:55Z,3994,15035,847,22,16,0.07083333333333333,47.0,1.105263157894737,1.0,0.0
8,tIcJ3OTloO8,2023-05-14T13:12:55Z,3994,15051,847,22,17,0.07222222222222222,16.0,-0.5263157894736842,0.0,-1.0
9,tIcJ3OTloO8,2023-05-14T13:12:55Z,3994,15053,847,22,18,0.07361111111111111,2.0,-1.263157894736842,0.0,-1.0
10,tIcJ3OTloO8,2023-05-14T13:12:55Z,3994,15124,848,22,19,0.075,71.0,2.3684210526315788,1.0,0.0
11,tIcJ3OTloO8,2023-05-14T13:12:55Z,3994,15127,849,22,20,0.0763888888888889,3.0,-1.2105263157894737,1.0,0.0
12,tIcJ3OTloO8,2023-05-14T13:12:55Z,3994,15138,850,22,21,0.07777777777777778,11.0,-0.7894736842105263,1.0,0.0
13,tIcJ3OTloO8,2023-05-14T13:12:55Z,3994,15167,851,22,22,0.07916666666666666,29.0,0.15789473684210525,1.0,0.0
14,tIcJ3OTloO8,2023-05-14T13:12:55Z,3994,15198,852,22,23,0.08055555555555556,31.0,0.2631578947368421,1.0,0.0
15,tIcJ3OTloO8,2023-05-14T13:12:55Z,3994,15229,851,22,0,0.08194444444444444,31.0,0.2631578947368421,-1.0,-2.0
16,tIcJ3OTloO8,2023-05-14T13:12:55Z,3994,15267,853,22,1,0.08333333333333333,38.0,0.631578947368421,2.0,1.0
17,tIcJ3OTloO8,2023-05-14T13:12:55Z,3994,15293,853,22,2,0.08472222222222223,26.0,0.0,0.0,-1.0
18,tIcJ3OTloO8,2023-05-14T13:12:55Z,3994,15318,853,22,3,0.08611111111111111,25.0,-0.05263157894736842,0.0,-1.0
19,tIcJ3OTloO8,2023-05-14T13:12:55Z,3994,15375,853,22,4,0.0875,57.0,1.631578947368421,0.0,-1.0
20,tIcJ3OTloO8,2023-05-14T13:12:55Z,3994,15413,853,22,5,0.08888888888888889,38.0,0.631578947368421,0.0,-1.0
21,tIcJ3OTloO8,2023-05-14T13:12:55Z,3994,15421,854,22,6,0.09027777777777778,8.0,-0.9473684210526315,1.0,0.0
22,tIcJ3OTloO8,2023-05-14T13:12:55Z,3994,15437,855,22,7,0.09166666666666666,16.0,-0.5263157894736842,1.0,0.0
23,tIcJ3OTloO8,2023-05-14T13:12:55Z,3994,15456,855,22,8,0.09305555555555556,19.0,-0.3684210526315789,0.0,-1.0
24,tIcJ3OTloO8,2023-05-14T13:12:55Z,3994,15462,856,22,9,0.09444444444444444,6.0,-1.0526315789473684,1.0,0.0
25,tIcJ3OTloO8,2023-05-14T13:12:55Z,3994,15473,857,22,10,0.09583333333333334,11.0,-0.7894736842105263,1.0,0.0
