,id,date,duration,views,likes,category_id,hour,update_diff,views_diff,views_diff_scaled,likes_diff,likes_diff_scaled
1,tIcJ3OTloO8,2023-05-14T13:12:55Z,3994,16702,899,22,1,0.21666666666666667,10.0,0.5,0.0,0.0
2,tIcJ3OTloO8,2023-05-14T13:12:55Z,3994,16711,900,22,2,0.21805555555555556,9.0,0.3333333333333333,1.0,1.0
3,tIcJ3OTloO8,2023-05-14T13:12:55Z,3994,16721,901,22,3,0.21944444444444444,10.0,0.5,1.0,1.0
4,tIcJ3OTloO8,2023-05-14T13:12:55Z,3994,16737,900,22,4,0.22083333333333333,16.0,1.5,-1.0,-1.0
5,tIcJ3OTloO8,2023-05-14T13:12:55Z,3994,16753,900,22,5,0.2222222222222222,16.0,1.5,0.0,0.0
6,tIcJ3OTloO8,2023-05-14T13:12:55Z,3994,16767,900,22,6,0.22361111111111112,14.0,1.1666666666666667,0.0,0.0
7,tIcJ3OTloO8,2023-05-14T13:12:55Z,3994,16771,900,22,7,0.225,4.0,-0.5,0.0,0.0
8,tIcJ3OTloO8,2023-05-14T13:12:55Z,3994,16777,899,22,8,0.2263888888888889,6.0,-0.16666666666666666,-1.0,-1.0
9,tIcJ3OTloO8,2023-05-14T13:12:55Z,3994,16781,899,22,9,0.22777777777777777,4.0,-0.5,0.0,0.0
10,tIcJ3OTloO8,2023-05-14T13:12:55Z,3994,16785,899,22,10,0.22916666666666666,4.0,-0.5,0.0,0.0
11,tIcJ3OTloO8,2023-05-14T13:12:55Z,3994,16787,901,22,11,0.23055555555555557,2.0,-0.8333333333333334,2.0,2.0
12,tIcJ3OTloO8,2023-05-14T13:12:55Z,3994,16791,902,22,12,0.23194444444444445,4.0,-0.5,1.0,1.0
13,tIcJ3OTloO8,2023-05-14T13:12:55Z,3994,16798,902,22,13,0.23333333333333334,7.0,0.0,0.0,0.0
14,tIcJ3OTloO8,2023-05-14T13:12:55Z,3994,16803,902,22,14,0.23472222222222222,5.0,-0.3333333333333333,0.0,0.0
15,tIcJ3OTloO8,2023-05-14T13:12:55Z,3994,16812,902,22,15,0.2361111111111111,9.0,0.3333333333333333,0.0,0.0
16,tIcJ3OTloO8,2023-05-14T13:12:55Z,3994,16821,902,22,16,0.2375,9.0,0.3333333333333333,0.0,0.0
17,tIcJ3OTloO8,2023-05-14T13:12:55Z,3994,16831,902,22,17,0.2388888888888889,10.0,0.5,0.0,0.0
18,tIcJ3OTloO8,2023-05-14T13:12:55Z,3994,16850,902,22,18,0.24027777777777778,19.0,2.0,0.0,0.0
19,tIcJ3OTloO8,2023-05-14T13:12:55Z,3994,16881,903,22,19,0.24166666666666667,31.0,4.0,1.0,1.0
20,tIcJ3OTloO8,2023-05-14T13:12:55Z,3994,16891,906,22,20,0.24305555555555555,10.0,0.5,3.0,3.0
21,tIcJ3OTloO8,2023-05-14T13:12:55Z,3994,16906,906,22,21,0.24444444444444444,15.0,1.3333333333333333,0.0,0.0
22,tIcJ3OTloO8,2023-05-14T13:12:55Z,3994,16913,906,22,22,0.24583333333333332,7.0,0.0,0.0,0.0
23,tIcJ3OTloO8,2023-05-14T13:12:55Z,3994,16932,906,22,23,0.24722222222222223,19.0,2.0,0.0,0.0
24,tIcJ3OTloO8,2023-05-14T13:12:55Z,3994,16936,906,22,0,0.24861111111111112,4.0,-0.5,0.0,0.0
25,tIcJ3OTloO8,2023-05-14T13:12:55Z,3994,16944,906,22,1,0.25,8.0,0.16666666666666666,0.0,0.0
26,tIcJ3OTloO8,2023-05-14T13:12:55Z,3994,16949,906,22,2,0.2513888888888889,5.0,-0.3333333333333333,0.0,0.0
27,tIcJ3OTloO8,2023-05-14T13:12:55Z,3994,16955,906,22,3,0.25277777777777777,6.0,-0.16666666666666666,0.0,0.0
28,tIcJ3OTloO8,2023-05-14T13:12:55Z,3994,16958,906,22,4,0.25416666666666665,3.0,-0.6666666666666666,0.0,0.0
29,tIcJ3OTloO8,2023-05-14T13:12:55Z,3994,16969,906,22,5,0.25555555555555554,11.0,0.6666666666666666,0.0,0.0
30,tIcJ3OTloO8,2023-05-14T13:12:55Z,3994,16974,906,22,6,0.2569444444444444,5.0,-0.3333333333333333,0.0,0.0
31,tIcJ3OTloO8,2023-05-14T13:12:55Z,3994,16984,906,22,7,0.25833333333333336,10.0,0.5,0.0,0.0
32,tIcJ3OTloO8,2023-05-14T13:12:55Z,3994,16991,906,22,8,0.25972222222222224,7.0,0.0,0.0,0.0
33,tIcJ3OTloO8,2023-05-14T13:12:55Z,3994,16993,906,22,9,0.2611111111111111,2.0,-0.8333333333333334,0.0,0.0
34,tIcJ3OTloO8,2023-05-14T13:12:55Z,3994,16994,907,22,10,0.2625,1.0,-1.0,1.0,1.0
35,tIcJ3OTloO8,2023-05-14T13:12:55Z,3994,16998,907,22,11,0.2638888888888889,4.0,-0.5,0.0,0.0
36,tIcJ3OTloO8,2023-05-14T13:12:55Z,3994,17002,907,22,12,0.2652777777777778,4.0,-0.5,0.0,0.0
37,tIcJ3OTloO8,2023-05-14T13:12:55Z,3994,17006,907,22,13,0.26666666666666666,4.0,-0.5,0.0,0.0
38,tIcJ3OTloO8,2023-05-14T13:12:55Z,3994,17011,907,22,14,0.26805555555555555,5.0,-0.3333333333333333,0.0,0.0
39,tIcJ3OTloO8,2023-05-14T13:12:55Z,3994,17013,907,22,15,0.26944444444444443,2.0,-0.8333333333333334,0.0,0.0
