,id,date,duration,views,likes,category_id,hour,update_diff,views_diff,views_diff_scaled,likes_diff,likes_diff_scaled
1,tIcJ3OTloO8,2023-05-14T13:12:55Z,3994,15564,860,22,16,0.10416666666666667,33.0,1.9,1.0,1.0
2,tIcJ3OTloO8,2023-05-14T13:12:55Z,3994,15578,860,22,17,0.10555555555555556,14.0,0.0,0.0,0.0
3,tIcJ3OTloO8,2023-05-14T13:12:55Z,3994,15595,861,22,18,0.10694444444444444,17.0,0.3,1.0,1.0
4,tIcJ3OTloO8,2023-05-14T13:12:55Z,3994,15613,862,22,19,0.10833333333333334,18.0,0.4,1.0,1.0
5,tIcJ3OTloO8,2023-05-14T13:12:55Z,3994,15634,862,22,20,0.10972222222222222,21.0,0.7,0.0,0.0
6,tIcJ3OTloO8,2023-05-14T13:12:55Z,3994,15662,862,22,21,0.1111111111111111,28.0,1.4,0.0,0.0
7,tIcJ3OTloO8,2023-05-14T13:12:55Z,3994,15682,862,22,22,0.1125,20.0,0.6,0.0,0.0
8,tIcJ3OTloO8,2023-05-14T13:12:55Z,3994,15690,862,22,23,0.11388888888888889,8.0,-0.6,0.0,0.0
9,tIcJ3OTloO8,2023-05-14T13:12:55Z,3994,15703,862,22,0,0.11527777777777778,13.0,-0.1,0.0,0.0
10,tIcJ3OTloO8,2023-05-14T13:12:55Z,3994,15720,862,22,1,0.11666666666666667,17.0,0.3,0.0,0.0
11,tIcJ3OTloO8,2023-05-14T13:12:55Z,3994,15731,862,22,2,0.11805555555555555,11.0,-0.3,0.0,0.0
12,tIcJ3OTloO8,2023-05-14T13:12:55Z,3994,15746,862,22,3,0.11944444444444445,15.0,0.1,0.0,0.0
13,tIcJ3OTloO8,2023-05-14T13:12:55Z,3994,15760,862,22,4,0.12083333333333333,14.0,0.0,0.0,0.0
14,tIcJ3OTloO8,2023-05-14T13:12:55Z,3994,15775,862,22,5,0.12222222222222222,15.0,0.1,0.0,0.0
15,tIcJ3OTloO8,2023-05-14T13:12:55Z,3994,15780,862,22,6,0.12361111111111112,5.0,-0.9,0.0,0.0
16,tIcJ3OTloO8,2023-05-14T13:12:55Z,3994,15794,862,22,7,0.125,14.0,0.0,0.0,0.0
17,tIcJ3OTloO8,2023-05-14T13:12:55Z,3994,15799,862,22,8,0.12638888888888888,5.0,-0.9,0.0,0.0
18,tIcJ3OTloO8,2023-05-14T13:12:55Z,3994,15804,862,22,9,0.12777777777777777,5.0,-0.9,0.0,0.0
19,tIcJ3OTloO8,2023-05-14T13:12:55Z,3994,15813,862,22,10,0.12916666666666668,9.0,-0.5,0.0,0.0
20,tIcJ3OTloO8,2023-05-14T13:12:55Z,3994,15825,863,22,11,0.13055555555555556,12.0,-0.2,1.0,1.0
21,tIcJ3OTloO8,2023-05-14T13:12:55Z,3994,15831,863,22,12,0.13194444444444445,6.0,-0.8,0.0,0.0
22,tIcJ3OTloO8,2023-05-14T13:12:55Z,3994,15834,863,22,13,0.13333333333333333,3.0,-1.1,0.0,0.0
23,tIcJ3OTloO8,2023-05-14T13:12:55Z,3994,15857,863,22,14,0.13472222222222222,23.0,0.9,0.0,0.0
24,tIcJ3OTloO8,2023-05-14T13:12:55Z,3994,15863,863,22,15,0.1361111111111111,6.0,-0.8,0.0,0.0
25,tIcJ3OTloO8,2023-05-14T13:12:55Z,3994,15871,863,22,16,0.1375,8.0,-0.6,0.0,0.0
26,tIcJ3OTloO8,2023-05-14T13:12:55Z,3994,15870,864,22,17,0.1388888888888889,-1.0,-1.5,1.0,1.0
27,tIcJ3OTloO8,2023-05-14T13:12:55Z,3994,15888,864,22,18,0.14027777777777778,18.0,0.4,0.0,0.0
28,tIcJ3OTloO8,2023-05-14T13:12:55Z,3994,15895,865,22,19,0.14166666666666666,7.0,-0.7,1.0,1.0
29,tIcJ3OTloO8,2023-05-14T13:12:55Z,3994,15915,865,22,20,0.14305555555555555,20.0,0.6,0.0,0.0
30,tIcJ3OTloO8,2023-05-14T13:12:55Z,3994,15931,865,22,21,0.14444444444444443,16.0,0.2,0.0,0.0
31,tIcJ3OTloO8,2023-05-14T13:12:55Z,3994,15941,867,22,22,0.14583333333333334,10.0,-0.4,2.0,2.0
32,tIcJ3OTloO8,2023-05-14T13:12:55Z,3994,15960,868,22,23,0.14722222222222223,19.0,0.5,1.0,1.0
33,tIcJ3OTloO8,2023-05-14T13:12:55Z,3994,15981,869,22,0,0.1486111111111111,21.0,0.7,1.0,1.0
34,tIcJ3OTloO8,2023-05-14T13:12:55Z,3994,15997,871,22,1,0.15,16.0,0.2,2.0,2.0
35,tIcJ3OTloO8,2023-05-14T13:12:55Z,3994,16004,871,22,2,0.15138888888888888,7.0,-0.7,0.0,0.0
36,tIcJ3OTloO8,2023-05-14T13:12:55Z,3994,16030,871,22,3,0.1527777777777778,26.0,1.2,0.0,0.0
37,tIcJ3OTloO8,2023-05-14T13:12:55Z,3994,16045,871,22,4,0.15416666666666667,15.0,0.1,0.0,0.0
38,tIcJ3OTloO8,2023-05-14T13:12:55Z,3994,16056,872,22,5,0.15555555555555556,11.0,-0.3,1.0,1.0
39,tIcJ3OTloO8,2023-05-14T13:12:55Z,3994,16063,873,22,6,0.15694444444444444,7.0,-0.7,1.0,1.0
40,tIcJ3OTloO8,2023-05-14T13:12:55Z,3994,16073,874,22,7,0.15833333333333333,10.0,-0.4,1.0,1.0
41,tIcJ3OTloO8,2023-05-14T13:12:55Z,3994,16074,876,22,8,0.1597222222222222,1.0,-1.3,2.0,2.0
42,tIcJ3OTloO8,2023-05-14T13:12:55Z,3994,16088,876,22,9,0.16111111111111112,14.0,0.0,0.0,0.0
43,tIcJ3OTloO8,2023-05-14T13:12:55Z,3994,16102,876,22,10,0.1625,14.0,0.0,0.0,0.0
