,id,date,duration,views,likes,category_id,hour,update_diff,views_diff,views_diff_scaled,likes_diff,likes_diff_scaled
1,YwsSdkVzU1s,2023-05-13T11:00:21Z,886,485586,16852,22,1,0.25277777777777777,1217.0,5.174515235457064,23.0,2.4285714285714284
2,YwsSdkVzU1s,2023-05-13T11:00:21Z,886,486264,16864,22,2,0.25416666666666665,678.0,2.188365650969529,12.0,0.8571428571428571
3,YwsSdkVzU1s,2023-05-13T11:00:21Z,886,486849,16870,22,3,0.25555555555555554,585.0,1.6731301939058172,6.0,0.0
4,YwsSdkVzU1s,2023-05-13T11:00:21Z,886,487260,16873,22,4,0.2569444444444444,411.0,0.7091412742382271,3.0,-0.42857142857142855
5,YwsSdkVzU1s,2023-05-13T11:00:21Z,886,487576,16878,22,5,0.25833333333333336,316.0,0.18282548476454294,5.0,-0.14285714285714285
6,YwsSdkVzU1s,2023-05-13T11:00:21Z,886,487870,16886,22,6,0.25972222222222224,294.0,0.060941828254847646,8.0,0.2857142857142857
7,YwsSdkVzU1s,2023-05-13T11:00:21Z,886,488064,16894,22,7,0.2611111111111111,194.0,-0.4930747922437673,8.0,0.2857142857142857
8,YwsSdkVzU1s,2023-05-13T11:00:21Z,886,488278,16909,22,8,0.2625,214.0,-0.38227146814404434,15.0,1.2857142857142858
9,YwsSdkVzU1s,2023-05-13T11:00:21Z,886,488538,16920,22,9,0.2638888888888889,260.0,-0.12742382271468145,11.0,0.7142857142857143
10,YwsSdkVzU1s,2023-05-13T11:00:21Z,886,488848,16931,22,10,0.2652777777777778,310.0,0.14958448753462603,11.0,0.7142857142857143
11,YwsSdkVzU1s,2023-05-13T11:00:21Z,886,489133,16947,22,11,0.26666666666666666,285.0,0.0110803324099723,16.0,1.4285714285714286
12,YwsSdkVzU1s,2023-05-13T11:00:21Z,886,489428,16960,22,12,0.26805555555555555,295.0,0.0664819944598338,13.0,1.0
13,YwsSdkVzU1s,2023-05-13T11:00:21Z,886,489827,16968,22,13,0.26944444444444443,399.0,0.6426592797783933,8.0,0.2857142857142857
14,YwsSdkVzU1s,2023-05-13T11:00:21Z,886,490173,16977,22,14,0.2708333333333333,346.0,0.3490304709141274,9.0,0.42857142857142855
15,YwsSdkVzU1s,2023-05-13T11:00:21Z,886,490549,16989,22,15,0.2722222222222222,376.0,0.5152354570637119,12.0,0.8571428571428571
16,YwsSdkVzU1s,2023-05-13T11:00:21Z,886,490764,16998,22,16,0.27361111111111114,215.0,-0.3767313019390582,9.0,0.42857142857142855
17,YwsSdkVzU1s,2023-05-13T11:00:21Z,886,491001,17003,22,17,0.275,237.0,-0.2548476454293629,5.0,-0.14285714285714285
18,YwsSdkVzU1s,2023-05-13T11:00:21Z,886,491339,17017,22,18,0.2763888888888889,338.0,0.3047091412742382,14.0,1.1428571428571428
19,YwsSdkVzU1s,2023-05-13T11:00:21Z,886,491658,17024,22,19,0.2777777777777778,319.0,0.1994459833795014,7.0,0.14285714285714285
20,YwsSdkVzU1s,2023-05-13T11:00:21Z,886,491819,17038,22,20,0.2791666666666667,161.0,-0.6759002770083102,14.0,1.1428571428571428
21,YwsSdkVzU1s,2023-05-13T11:00:21Z,886,492290,17052,22,21,0.28055555555555556,471.0,1.0415512465373962,14.0,1.1428571428571428
22,YwsSdkVzU1s,2023-05-13T11:00:21Z,886,492586,17059,22,22,0.28194444444444444,296.0,0.07202216066481995,7.0,0.14285714285714285
23,YwsSdkVzU1s,2023-05-13T11:00:21Z,886,493052,17068,22,23,0.2833333333333333,466.0,1.0138504155124655,9.0,0.42857142857142855
24,YwsSdkVzU1s,2023-05-13T11:00:21Z,886,493321,17074,22,0,0.2847222222222222,269.0,-0.07756232686980609,6.0,0.0
25,YwsSdkVzU1s,2023-05-13T11:00:21Z,886,493659,17079,22,1,0.2861111111111111,338.0,0.3047091412742382,5.0,-0.14285714285714285
26,YwsSdkVzU1s,2023-05-13T11:00:21Z,886,493956,17080,22,2,0.2875,297.0,0.07756232686980609,1.0,-0.7142857142857143
27,YwsSdkVzU1s,2023-05-13T11:00:21Z,886,494239,17081,22,3,0.28888888888888886,283.0,0.0,1.0,-0.7142857142857143
28,YwsSdkVzU1s,2023-05-13T11:00:21Z,886,494409,17084,22,4,0.2902777777777778,170.0,-0.6260387811634349,3.0,-0.42857142857142855
29,YwsSdkVzU1s,2023-05-13T11:00:21Z,886,494563,17087,22,5,0.2916666666666667,154.0,-0.7146814404432132,3.0,-0.42857142857142855
30,YwsSdkVzU1s,2023-05-13T11:00:21Z,886,494648,17091,22,6,0.29305555555555557,85.0,-1.0969529085872576,4.0,-0.2857142857142857
31,YwsSdkVzU1s,2023-05-13T11:00:21Z,886,494757,17092,22,7,0.29444444444444445,109.0,-0.96398891966759,1.0,-0.7142857142857143
32,YwsSdkVzU1s,2023-05-13T11:00:21Z,886,494818,17098,22,8,0.29583333333333334,61.0,-1.2299168975069252,6.0,0.0
33,YwsSdkVzU1s,2023-05-13T11:00:21Z,886,494897,17103,22,9,0.2972222222222222,79.0,-1.1301939058171746,5.0,-0.14285714285714285
34,YwsSdkVzU1s,2023-05-13T11:00:21Z,886,495034,17107,22,10,0.2986111111111111,137.0,-0.8088642659279779,4.0,-0.2857142857142857
35,YwsSdkVzU1s,2023-05-13T11:00:21Z,886,495161,17110,22,11,0.3,127.0,-0.8642659279778393,3.0,-0.42857142857142855
36,YwsSdkVzU1s,2023-05-13T11:00:21Z,886,495254,17114,22,12,0.3013888888888889,93.0,-1.0526315789473684,4.0,-0.2857142857142857
37,YwsSdkVzU1s,2023-05-13T11:00:21Z,886,495377,17118,22,13,0.30277777777777776,123.0,-0.8864265927977839,4.0,-0.2857142857142857
38,YwsSdkVzU1s,2023-05-13T11:00:21Z,886,495552,17124,22,14,0.30416666666666664,175.0,-0.5983379501385041,6.0,0.0
39,YwsSdkVzU1s,2023-05-13T11:00:21Z,886,495631,17126,22,15,0.3055555555555556,79.0,-1.1301939058171746,2.0,-0.5714285714285714
