,id,date,duration,views,likes,category_id,hour,update_diff,views_diff,views_diff_scaled,likes_diff,likes_diff_scaled
1,Rnk8cLUfJ_A,2023-05-18T02:30:10Z,705,124784,5248,15,1,0.09861111111111111,126.0,0.9494949494949495,1.0,0.0
2,Rnk8cLUfJ_A,2023-05-18T02:30:10Z,705,124895,5248,15,2,0.1,111.0,0.6464646464646465,0.0,-0.6666666666666666
3,Rnk8cLUfJ_A,2023-05-18T02:30:10Z,705,124959,5250,15,3,0.10138888888888889,64.0,-0.30303030303030304,2.0,0.6666666666666666
4,Rnk8cLUfJ_A,2023-05-18T02:30:10Z,705,125033,5250,15,4,0.10277777777777777,74.0,-0.10101010101010101,0.0,-0.6666666666666666
5,Rnk8cLUfJ_A,2023-05-18T02:30:10Z,705,125119,5250,15,5,0.10416666666666667,86.0,0.1414141414141414,0.0,-0.6666666666666666
6,Rnk8cLUfJ_A,2023-05-18T02:30:10Z,705,125180,5251,15,6,0.10555555555555556,61.0,-0.36363636363636365,1.0,0.0
7,Rnk8cLUfJ_A,2023-05-18T02:30:10Z,705,125234,5254,15,7,0.10694444444444444,54.0,-0.5050505050505051,3.0,1.3333333333333333
8,Rnk8cLUfJ_A,2023-05-18T02:30:10Z,705,125301,5254,15,8,0.10833333333333334,67.0,-0.24242424242424243,0.0,-0.6666666666666666
9,Rnk8cLUfJ_A,2023-05-18T02:30:10Z,705,125345,5255,15,9,0.10972222222222222,44.0,-0.7070707070707071,1.0,0.0
10,Rnk8cLUfJ_A,2023-05-18T02:30:10Z,705,125428,5259,15,10,0.1111111111111111,83.0,0.08080808080808081,4.0,2.0
11,Rnk8cLUfJ_A,2023-05-18T02:30:10Z,705,125522,5261,15,11,0.1125,94.0,0.30303030303030304,2.0,0.6666666666666666
12,Rnk8cLUfJ_A,2023-05-18T02:30:10Z,705,125622,5263,15,12,0.11388888888888889,100.0,0.42424242424242425,2.0,0.6666666666666666
13,Rnk8cLUfJ_A,2023-05-18T02:30:10Z,705,125766,5266,15,13,0.11527777777777778,144.0,1.3131313131313131,3.0,1.3333333333333333
14,Rnk8cLUfJ_A,2023-05-18T02:30:10Z,705,125893,5267,15,14,0.11666666666666667,127.0,0.9696969696969697,1.0,0.0
15,Rnk8cLUfJ_A,2023-05-18T02:30:10Z,705,126046,5271,15,15,0.11805555555555555,153.0,1.494949494949495,4.0,2.0
16,Rnk8cLUfJ_A,2023-05-18T02:30:10Z,705,126138,5273,15,16,0.11944444444444445,92.0,0.26262626262626265,2.0,0.6666666666666666
17,Rnk8cLUfJ_A,2023-05-18T02:30:10Z,705,126251,5275,15,17,0.12083333333333333,113.0,0.6868686868686869,2.0,0.6666666666666666
18,Rnk8cLUfJ_A,2023-05-18T02:30:10Z,705,126363,5275,15,18,0.12222222222222222,112.0,0.6666666666666666,0.0,-0.6666666666666666
19,Rnk8cLUfJ_A,2023-05-18T02:30:10Z,705,126458,5277,15,19,0.12361111111111112,95.0,0.32323232323232326,2.0,0.6666666666666666
20,Rnk8cLUfJ_A,2023-05-18T02:30:10Z,705,126508,5277,15,20,0.125,50.0,-0.5858585858585859,0.0,-0.6666666666666666
21,Rnk8cLUfJ_A,2023-05-18T02:30:10Z,705,126620,5277,15,21,0.12638888888888888,112.0,0.6666666666666666,0.0,-0.6666666666666666
22,Rnk8cLUfJ_A,2023-05-18T02:30:10Z,705,126703,5277,15,22,0.12777777777777777,83.0,0.08080808080808081,0.0,-0.6666666666666666
23,Rnk8cLUfJ_A,2023-05-18T02:30:10Z,705,126784,5277,15,23,0.12916666666666668,81.0,0.04040404040404041,0.0,-0.6666666666666666
24,Rnk8cLUfJ_A,2023-05-18T02:30:10Z,705,126874,5278,15,0,0.13055555555555556,90.0,0.2222222222222222,1.0,0.0
25,Rnk8cLUfJ_A,2023-05-18T02:30:10Z,705,126978,5279,15,1,0.13194444444444445,104.0,0.5050505050505051,1.0,0.0
26,Rnk8cLUfJ_A,2023-05-18T02:30:10Z,705,127057,5279,15,2,0.13333333333333333,79.0,0.0,0.0,-0.6666666666666666
27,Rnk8cLUfJ_A,2023-05-18T02:30:10Z,705,127146,5279,15,3,0.13472222222222222,89.0,0.20202020202020202,0.0,-0.6666666666666666
28,Rnk8cLUfJ_A,2023-05-18T02:30:10Z,705,127200,5279,15,4,0.1361111111111111,54.0,-0.5050505050505051,0.0,-0.6666666666666666
29,Rnk8cLUfJ_A,2023-05-18T02:30:10Z,705,127247,5279,15,5,0.1375,47.0,-0.6464646464646465,0.0,-0.6666666666666666
30,Rnk8cLUfJ_A,2023-05-18T02:30:10Z,705,127278,5279,15,6,0.1388888888888889,31.0,-0.9696969696969697,0.0,-0.6666666666666666
31,Rnk8cLUfJ_A,2023-05-18T02:30:10Z,705,127311,5279,15,7,0.14027777777777778,33.0,-0.9292929292929293,0.0,-0.6666666666666666
32,Rnk8cLUfJ_A,2023-05-18T02:30:10Z,705,127349,5280,15,8,0.14166666666666666,38.0,-0.8282828282828283,1.0,0.0
33,Rnk8cLUfJ_A,2023-05-18T02:30:10Z,705,127372,5280,15,9,0.14305555555555555,23.0,-1.1313131313131313,0.0,-0.6666666666666666
34,Rnk8cLUfJ_A,2023-05-18T02:30:10Z,705,127421,5280,15,10,0.14444444444444443,49.0,-0.6060606060606061,0.0,-0.6666666666666666
35,Rnk8cLUfJ_A,2023-05-18T02:30:10Z,705,127462,5281,15,11,0.14583333333333334,41.0,-0.7676767676767676,1.0,0.0
36,Rnk8cLUfJ_A,2023-05-18T02:30:10Z,705,127491,5282,15,12,0.14722222222222223,29.0,-1.0101010101010102,1.0,0.0
37,Rnk8cLUfJ_A,2023-05-18T02:30:10Z,705,127533,5282,15,13,0.1486111111111111,42.0,-0.7474747474747475,0.0,-0.6666666666666666
38,Rnk8cLUfJ_A,2023-05-18T02:30:10Z,705,127585,5283,15,14,0.15,52.0,-0.5454545454545454,1.0,0.0
39,Rnk8cLUfJ_A,2023-05-18T02:30:10Z,705,127614,5284,15,15,0.15138888888888888,29.0,-1.0101010101010102,1.0,0.0
