,id,date,duration,views,likes,category_id,hour,update_diff,views_diff,views_diff_scaled,likes_diff,likes_diff_scaled
1,Rnk8cLUfJ_A,2023-05-18T02:30:10Z,705,114389,5110,15,14,0.05,1060.0,3.439655172413793,12.0,2.6666666666666665
2,Rnk8cLUfJ_A,2023-05-18T02:30:10Z,705,115046,5119,15,15,0.05138888888888889,657.0,1.7025862068965518,9.0,1.6666666666666667
3,Rnk8cLUfJ_A,2023-05-18T02:30:10Z,705,115796,5124,15,16,0.05277777777777778,750.0,2.103448275862069,5.0,0.3333333333333333
4,Rnk8cLUfJ_A,2023-05-18T02:30:10Z,705,116232,5133,15,17,0.05416666666666667,436.0,0.75,9.0,1.6666666666666667
5,Rnk8cLUfJ_A,2023-05-18T02:30:10Z,705,116807,5140,15,18,0.05555555555555555,575.0,1.3491379310344827,7.0,1.0
6,Rnk8cLUfJ_A,2023-05-18T02:30:10Z,705,117243,5149,15,19,0.05694444444444444,436.0,0.75,9.0,1.6666666666666667
7,Rnk8cLUfJ_A,2023-05-18T02:30:10Z,705,117674,5154,15,20,0.058333333333333334,431.0,0.728448275862069,5.0,0.3333333333333333
8,Rnk8cLUfJ_A,2023-05-18T02:30:10Z,705,118037,5155,15,21,0.059722222222222225,363.0,0.4353448275862069,1.0,-1.0
9,Rnk8cLUfJ_A,2023-05-18T02:30:10Z,705,118271,5160,15,22,0.06111111111111111,234.0,-0.1206896551724138,5.0,0.3333333333333333
10,Rnk8cLUfJ_A,2023-05-18T02:30:10Z,705,118621,5168,15,23,0.0625,350.0,0.3793103448275862,8.0,1.3333333333333333
11,Rnk8cLUfJ_A,2023-05-18T02:30:10Z,705,119004,5172,15,0,0.06388888888888888,383.0,0.521551724137931,4.0,0.0
12,Rnk8cLUfJ_A,2023-05-18T02:30:10Z,705,119507,5185,15,1,0.06527777777777778,503.0,1.0387931034482758,13.0,3.0
13,Rnk8cLUfJ_A,2023-05-18T02:30:10Z,705,119925,5190,15,2,0.06666666666666667,418.0,0.6724137931034483,5.0,0.3333333333333333
14,Rnk8cLUfJ_A,2023-05-18T02:30:10Z,705,120531,5192,15,3,0.06805555555555555,606.0,1.4827586206896552,2.0,-0.6666666666666666
15,Rnk8cLUfJ_A,2023-05-18T02:30:10Z,705,120875,5197,15,4,0.06944444444444445,344.0,0.35344827586206895,5.0,0.3333333333333333
16,Rnk8cLUfJ_A,2023-05-18T02:30:10Z,705,121101,5197,15,5,0.07083333333333333,226.0,-0.15517241379310345,0.0,-1.3333333333333333
17,Rnk8cLUfJ_A,2023-05-18T02:30:10Z,705,121289,5198,15,6,0.07222222222222222,188.0,-0.31896551724137934,1.0,-1.0
18,Rnk8cLUfJ_A,2023-05-18T02:30:10Z,705,121410,5201,15,7,0.07361111111111111,121.0,-0.6077586206896551,3.0,-0.3333333333333333
19,Rnk8cLUfJ_A,2023-05-18T02:30:10Z,705,121544,5204,15,8,0.075,134.0,-0.5517241379310345,3.0,-0.3333333333333333
20,Rnk8cLUfJ_A,2023-05-18T02:30:10Z,705,121673,5208,15,9,0.0763888888888889,129.0,-0.5732758620689655,4.0,0.0
21,Rnk8cLUfJ_A,2023-05-18T02:30:10Z,705,121847,5209,15,10,0.07777777777777778,174.0,-0.3793103448275862,1.0,-1.0
22,Rnk8cLUfJ_A,2023-05-18T02:30:10Z,705,122046,5212,15,11,0.07916666666666666,199.0,-0.27155172413793105,3.0,-0.3333333333333333
23,Rnk8cLUfJ_A,2023-05-18T02:30:10Z,705,122297,5211,15,12,0.08055555555555556,251.0,-0.04741379310344827,-1.0,-1.6666666666666667
24,Rnk8cLUfJ_A,2023-05-18T02:30:10Z,705,122605,5216,15,13,0.08194444444444444,308.0,0.19827586206896552,5.0,0.3333333333333333
25,Rnk8cLUfJ_A,2023-05-18T02:30:10Z,705,122860,5221,15,14,0.08333333333333333,255.0,-0.03017241379310345,5.0,0.3333333333333333
26,Rnk8cLUfJ_A,2023-05-18T02:30:10Z,705,123082,5229,15,15,0.08472222222222223,222.0,-0.1724137931034483,8.0,1.3333333333333333
27,Rnk8cLUfJ_A,2023-05-18T02:30:10Z,705,123424,5230,15,16,0.08611111111111111,342.0,0.3448275862068966,1.0,-1.0
28,Rnk8cLUfJ_A,2023-05-18T02:30:10Z,705,123686,5233,15,17,0.0875,262.0,0.0,3.0,-0.3333333333333333
29,Rnk8cLUfJ_A,2023-05-18T02:30:10Z,705,123814,5236,15,18,0.08888888888888889,128.0,-0.5775862068965517,3.0,-0.3333333333333333
30,Rnk8cLUfJ_A,2023-05-18T02:30:10Z,705,124035,5238,15,19,0.09027777777777778,221.0,-0.17672413793103448,2.0,-0.6666666666666666
31,Rnk8cLUfJ_A,2023-05-18T02:30:10Z,705,124133,5240,15,20,0.09166666666666666,98.0,-0.7068965517241379,2.0,-0.6666666666666666
32,Rnk8cLUfJ_A,2023-05-18T02:30:10Z,705,124363,5241,15,21,0.09305555555555556,230.0,-0.13793103448275862,1.0,-1.0
33,Rnk8cLUfJ_A,2023-05-18T02:30:10Z,705,124446,5242,15,22,0.09444444444444444,83.0,-0.771551724137931,1.0,-1.0
