,id,date,duration,views,likes,category_id,hour,update_diff,views_diff,views_diff_scaled,likes_diff,likes_diff_scaled
1,LinW-otoj5Q,2023-05-03T03:25:04Z,1702,428893,6430,20,1,0.5972222222222222,281.0,0.17567567567567569,1.0,-0.5
2,LinW-otoj5Q,2023-05-03T03:25:04Z,1702,429126,6432,20,2,0.5986111111111111,233.0,-0.14864864864864866,2.0,0.0
3,LinW-otoj5Q,2023-05-03T03:25:04Z,1702,429340,6433,20,3,0.6,214.0,-0.27702702702702703,1.0,-0.5
4,LinW-otoj5Q,2023-05-03T03:25:04Z,1702,429580,6435,20,4,0.6013888888888889,240.0,-0.10135135135135136,2.0,0.0
5,LinW-otoj5Q,2023-05-03T03:25:04Z,1702,429780,6437,20,5,0.6027777777777777,200.0,-0.3716216216216216,2.0,0.0
6,LinW-otoj5Q,2023-05-03T03:25:04Z,1702,429909,6438,20,6,0.6041666666666666,129.0,-0.8513513513513513,1.0,-0.5
7,LinW-otoj5Q,2023-05-03T03:25:04Z,1702,430007,6439,20,7,0.6055555555555555,98.0,-1.0608108108108107,1.0,-0.5
8,LinW-otoj5Q,2023-05-03T03:25:04Z,1702,430106,6440,20,8,0.6069444444444444,99.0,-1.054054054054054,1.0,-0.5
9,LinW-otoj5Q,2023-05-03T03:25:04Z,1702,430186,6442,20,9,0.6083333333333333,80.0,-1.1824324324324325,2.0,0.0
10,LinW-otoj5Q,2023-05-03T03:25:04Z,1702,430302,6442,20,10,0.6097222222222223,116.0,-0.9391891891891891,0.0,-1.0
11,LinW-otoj5Q,2023-05-03T03:25:04Z,1702,430466,6444,20,11,0.6111111111111112,164.0,-0.6148648648648649,2.0,0.0
12,LinW-otoj5Q,2023-05-03T03:25:04Z,1702,430705,6447,20,12,0.6125,239.0,-0.10810810810810811,3.0,0.5
13,LinW-otoj5Q,2023-05-03T03:25:04Z,1702,431008,6450,20,13,0.6138888888888889,303.0,0.32432432432432434,3.0,0.5
14,LinW-otoj5Q,2023-05-03T03:25:04Z,1702,431284,6452,20,14,0.6152777777777778,276.0,0.14189189189189189,2.0,0.0
15,LinW-otoj5Q,2023-05-03T03:25:04Z,1702,431688,6456,20,15,0.6166666666666667,404.0,1.0067567567567568,4.0,1.0
16,LinW-otoj5Q,2023-05-03T03:25:04Z,1702,431979,6459,20,16,0.6180555555555556,291.0,0.24324324324324326,3.0,0.5
17,LinW-otoj5Q,2023-05-03T03:25:04Z,1702,432259,6462,20,17,0.6194444444444445,280.0,0.16891891891891891,3.0,0.5
18,LinW-otoj5Q,2023-05-03T03:25:04Z,1702,432641,6464,20,18,0.6208333333333333,382.0,0.8581081081081081,2.0,0.0
19,LinW-otoj5Q,2023-05-03T03:25:04Z,1702,432999,6467,20,19,0.6222222222222222,358.0,0.6959459459459459,3.0,0.5
20,LinW-otoj5Q,2023-05-03T03:25:04Z,1702,433182,6469,20,20,0.6236111111111111,183.0,-0.4864864864864865,2.0,0.0
21,LinW-otoj5Q,2023-05-03T03:25:04Z,1702,433713,6471,20,21,0.625,531.0,1.864864864864865,2.0,0.0
22,LinW-otoj5Q,2023-05-03T03:25:04Z,1702,434006,6474,20,22,0.6263888888888889,293.0,0.25675675675675674,3.0,0.5
23,LinW-otoj5Q,2023-05-03T03:25:04Z,1702,434396,6477,20,23,0.6277777777777778,390.0,0.9121621621621622,3.0,0.5
24,LinW-otoj5Q,2023-05-03T03:25:04Z,1702,434700,6478,20,0,0.6291666666666667,304.0,0.3310810810810811,1.0,-0.5
25,LinW-otoj5Q,2023-05-03T03:25:04Z,1702,435008,6481,20,1,0.6305555555555555,308.0,0.3581081081081081,3.0,0.5
26,LinW-otoj5Q,2023-05-03T03:25:04Z,1702,435263,6485,20,2,0.6319444444444444,255.0,0.0,4.0,1.0
27,LinW-otoj5Q,2023-05-03T03:25:04Z,1702,435617,6485,20,3,0.6333333333333333,354.0,0.668918918918919,0.0,-1.0
28,LinW-otoj5Q,2023-05-03T03:25:04Z,1702,435896,6486,20,4,0.6347222222222222,279.0,0.16216216216216217,1.0,-0.5
29,LinW-otoj5Q,2023-05-03T03:25:04Z,1702,436123,6486,20,5,0.6361111111111111,227.0,-0.1891891891891892,0.0,-1.0
30,LinW-otoj5Q,2023-05-03T03:25:04Z,1702,436269,6488,20,6,0.6375,146.0,-0.7364864864864865,2.0,0.0
31,LinW-otoj5Q,2023-05-03T03:25:04Z,1702,436412,6490,20,7,0.6388888888888888,143.0,-0.7567567567567568,2.0,0.0
32,LinW-otoj5Q,2023-05-03T03:25:04Z,1702,436494,6493,20,8,0.6402777777777777,82.0,-1.1689189189189189,3.0,0.5
33,LinW-otoj5Q,2023-05-03T03:25:04Z,1702,436620,6493,20,9,0.6416666666666667,126.0,-0.8716216216216216,0.0,-1.0
34,LinW-otoj5Q,2023-05-03T03:25:04Z,1702,436958,6494,20,10,0.6430555555555556,338.0,0.5608108108108109,1.0,-0.5
35,LinW-otoj5Q,2023-05-03T03:25:04Z,1702,437333,6495,20,11,0.6444444444444445,375.0,0.8108108108108109,1.0,-0.5
36,LinW-otoj5Q,2023-05-03T03:25:04Z,1702,437523,6498,20,12,0.6458333333333334,190.0,-0.4391891891891892,3.0,0.5
37,LinW-otoj5Q,2023-05-03T03:25:04Z,1702,437778,6499,20,13,0.6472222222222223,255.0,0.0,1.0,-0.5
38,LinW-otoj5Q,2023-05-03T03:25:04Z,1702,438075,6499,20,14,0.6486111111111111,297.0,0.28378378378378377,0.0,-1.0
39,LinW-otoj5Q,2023-05-03T03:25:04Z,1702,438222,6500,20,15,0.65,147.0,-0.7297297297297297,1.0,-0.5
