,id,date,duration,views,likes,category_id,hour,update_diff,views_diff,views_diff_scaled,likes_diff,likes_diff_scaled
1,p7DQxDbTA0c,2023-05-11T09:45:11Z,1656,176138,3311,20,1,0.32083333333333336,166.0,0.3314917127071823,2.0,0.6666666666666666
2,p7DQxDbTA0c,2023-05-11T09:45:11Z,1656,176267,3311,20,2,0.32222222222222224,129.0,-0.07734806629834254,0.0,-0.6666666666666666
3,p7DQxDbTA0c,2023-05-11T09:45:11Z,1656,176414,3311,20,3,0.3236111111111111,147.0,0.12154696132596685,0.0,-0.6666666666666666
4,p7DQxDbTA0c,2023-05-11T09:45:11Z,1656,176569,3311,20,4,0.325,155.0,0.20994475138121546,0.0,-0.6666666666666666
5,p7DQxDbTA0c,2023-05-11T09:45:11Z,1656,176719,3310,20,5,0.3263888888888889,150.0,0.15469613259668508,-1.0,-1.3333333333333333
6,p7DQxDbTA0c,2023-05-11T09:45:11Z,1656,176823,3310,20,6,0.3277777777777778,104.0,-0.35359116022099446,0.0,-0.6666666666666666
7,p7DQxDbTA0c,2023-05-11T09:45:11Z,1656,176889,3310,20,7,0.32916666666666666,66.0,-0.7734806629834254,0.0,-0.6666666666666666
8,p7DQxDbTA0c,2023-05-11T09:45:11Z,1656,176946,3310,20,8,0.33055555555555555,57.0,-0.8729281767955801,0.0,-0.6666666666666666
9,p7DQxDbTA0c,2023-05-11T09:45:11Z,1656,177008,3310,20,9,0.33194444444444443,62.0,-0.8176795580110497,0.0,-0.6666666666666666
10,p7DQxDbTA0c,2023-05-11T09:45:11Z,1656,177097,3311,20,10,0.3333333333333333,89.0,-0.5193370165745856,1.0,0.0
11,p7DQxDbTA0c,2023-05-11T09:45:11Z,1656,177195,3313,20,11,0.3347222222222222,98.0,-0.4198895027624309,2.0,0.6666666666666666
12,p7DQxDbTA0c,2023-05-11T09:45:11Z,1656,177384,3314,20,12,0.33611111111111114,189.0,0.585635359116022,1.0,0.0
13,p7DQxDbTA0c,2023-05-11T09:45:11Z,1656,177606,3316,20,13,0.3375,222.0,0.9502762430939227,2.0,0.6666666666666666
14,p7DQxDbTA0c,2023-05-11T09:45:11Z,1656,177822,3318,20,14,0.3388888888888889,216.0,0.8839779005524862,2.0,0.6666666666666666
15,p7DQxDbTA0c,2023-05-11T09:45:11Z,1656,178064,3319,20,15,0.3402777777777778,242.0,1.171270718232044,1.0,0.0
16,p7DQxDbTA0c,2023-05-11T09:45:11Z,1656,178303,3320,20,16,0.3416666666666667,239.0,1.138121546961326,1.0,0.0
17,p7DQxDbTA0c,2023-05-11T09:45:11Z,1656,178498,3322,20,17,0.34305555555555556,195.0,0.6519337016574586,2.0,0.6666666666666666
18,p7DQxDbTA0c,2023-05-11T09:45:11Z,1656,178783,3324,20,18,0.34444444444444444,285.0,1.6464088397790055,2.0,0.6666666666666666
19,p7DQxDbTA0c,2023-05-11T09:45:11Z,1656,179026,3325,20,19,0.3458333333333333,243.0,1.1823204419889504,1.0,0.0
20,p7DQxDbTA0c,2023-05-11T09:45:11Z,1656,179141,3328,20,20,0.3472222222222222,115.0,-0.23204419889502761,3.0,1.3333333333333333
21,p7DQxDbTA0c,2023-05-11T09:45:11Z,1656,179445,3330,20,21,0.3486111111111111,304.0,1.856353591160221,2.0,0.6666666666666666
22,p7DQxDbTA0c,2023-05-11T09:45:11Z,1656,179611,3331,20,22,0.35,166.0,0.3314917127071823,1.0,0.0
23,p7DQxDbTA0c,2023-05-11T09:45:11Z,1656,179815,3334,20,23,0.35138888888888886,204.0,0.7513812154696132,3.0,1.3333333333333333
24,p7DQxDbTA0c,2023-05-11T09:45:11Z,1656,179972,3334,20,0,0.3527777777777778,157.0,0.23204419889502761,0.0,-0.6666666666666666
25,p7DQxDbTA0c,2023-05-11T09:45:11Z,1656,180139,3335,20,1,0.3541666666666667,167.0,0.3425414364640884,1.0,0.0
26,p7DQxDbTA0c,2023-05-11T09:45:11Z,1656,180245,3335,20,2,0.35555555555555557,106.0,-0.3314917127071823,0.0,-0.6666666666666666
27,p7DQxDbTA0c,2023-05-11T09:45:11Z,1656,180424,3335,20,3,0.35694444444444445,179.0,0.47513812154696133,0.0,-0.6666666666666666
28,p7DQxDbTA0c,2023-05-11T09:45:11Z,1656,180537,3335,20,4,0.35833333333333334,113.0,-0.2541436464088398,0.0,-0.6666666666666666
29,p7DQxDbTA0c,2023-05-11T09:45:11Z,1656,180648,3337,20,5,0.3597222222222222,111.0,-0.27624309392265195,2.0,0.6666666666666666
30,p7DQxDbTA0c,2023-05-11T09:45:11Z,1656,180702,3337,20,6,0.3611111111111111,54.0,-0.9060773480662984,0.0,-0.6666666666666666
31,p7DQxDbTA0c,2023-05-11T09:45:11Z,1656,180779,3337,20,7,0.3625,77.0,-0.6519337016574586,0.0,-0.6666666666666666
32,p7DQxDbTA0c,2023-05-11T09:45:11Z,1656,180822,3337,20,8,0.3638888888888889,43.0,-1.0276243093922652,0.0,-0.6666666666666666
33,p7DQxDbTA0c,2023-05-11T09:45:11Z,1656,180872,3336,20,9,0.36527777777777776,50.0,-0.9502762430939227,-1.0,-1.3333333333333333
34,p7DQxDbTA0c,2023-05-11T09:45:11Z,1656,181008,3336,20,10,0.36666666666666664,136.0,0.0,0.0,-0.6666666666666666
35,p7DQxDbTA0c,2023-05-11T09:45:11Z,1656,181125,3337,20,11,0.3680555555555556,117.0,-0.20994475138121546,1.0,0.0
36,p7DQxDbTA0c,2023-05-11T09:45:11Z,1656,181213,3338,20,12,0.36944444444444446,88.0,-0.5303867403314917,1.0,0.0
37,p7DQxDbTA0c,2023-05-11T09:45:11Z,1656,181343,3339,20,13,0.37083333333333335,130.0,-0.06629834254143646,1.0,0.0
38,p7DQxDbTA0c,2023-05-11T09:45:11Z,1656,181486,3339,20,14,0.3736111111111111,143.0,0.07734806629834254,0.0,-0.6666666666666666
39,p7DQxDbTA0c,2023-05-11T09:45:11Z,1656,181547,3340,20,15,0.3736111111111111,61.0,-0.8287292817679558,1.0,0.0
