,date,duration,views,likes,category_id,hour,update_diff,id,views_diff,views_diff_scaled,likes_diff,likes_diff_scaled
1,2023-05-04T09:38:28Z,2100,240014,6068,20,11,0.36944444444444446,,50.0,-2.116279069767442,2.0,1.1428571428571428
2,2023-05-04T09:38:28Z,2100,240099,6068,20,12,0.37083333333333335,,85.0,-0.4883720930232558,0.0,0.0
3,2023-05-04T09:38:28Z,2100,240198,6068,20,13,0.37222222222222223,,99.0,0.16279069767441862,0.0,0.0
4,2023-05-04T09:38:28Z,2100,240301,6068,20,15,0.3736111111111111,,103.0,0.3488372093023256,0.0,0.0
5,2023-05-04T09:38:28Z,2100,240409,6071,20,16,0.375,,108.0,0.5813953488372093,3.0,1.7142857142857142
6,2023-05-04T09:38:28Z,2100,240471,6073,20,17,0.3763888888888889,,62.0,-1.558139534883721,2.0,1.1428571428571428
7,2023-05-04T09:38:28Z,2100,240585,6075,20,18,0.37777777777777777,ha01MiqFVZo,114.0,0.8604651162790697,2.0,1.1428571428571428
8,2023-05-04T09:38:28Z,2100,240677,6075,20,19,0.37916666666666665,ha01MiqFVZo,92.0,-0.16279069767441862,0.0,0.0
9,2023-05-04T09:38:28Z,2100,240760,6076,20,20,0.38055555555555554,ha01MiqFVZo,83.0,-0.5813953488372093,1.0,0.5714285714285714
10,2023-05-04T09:38:28Z,2100,240880,6076,20,21,0.3819444444444444,ha01MiqFVZo,120.0,1.1395348837209303,0.0,0.0
11,2023-05-04T09:38:28Z,2100,240990,6076,20,22,0.38333333333333336,ha01MiqFVZo,110.0,0.6744186046511628,0.0,0.0
12,2023-05-04T09:38:28Z,2100,241081,6076,20,23,0.38472222222222224,ha01MiqFVZo,91.0,-0.20930232558139536,0.0,0.0
13,2023-05-04T09:38:28Z,2100,241167,6077,20,0,0.3861111111111111,ha01MiqFVZo,86.0,-0.4418604651162791,1.0,0.5714285714285714
14,2023-05-04T09:38:28Z,2100,241267,6077,20,1,0.3875,ha01MiqFVZo,100.0,0.20930232558139536,0.0,0.0
