,id,date,duration,views,likes,category_id,hour,update_diff,views_diff,views_diff_scaled,likes_diff,likes_diff_scaled
1,5ZGYUPG0NkU,2023-05-08T07:30:01Z,202,184303,7166,22,1,0.425,904.0,2.8555555555555556,13.0,0.8
2,5ZGYUPG0NkU,2023-05-08T07:30:01Z,202,185030,7176,22,2,0.4263888888888889,727.0,1.8722222222222222,10.0,0.2
3,5ZGYUPG0NkU,2023-05-08T07:30:01Z,202,185772,7186,22,3,0.42777777777777776,742.0,1.9555555555555555,10.0,0.2
4,5ZGYUPG0NkU,2023-05-08T07:30:01Z,202,186444,7195,22,4,0.42916666666666664,672.0,1.5666666666666667,9.0,0.0
5,5ZGYUPG0NkU,2023-05-08T07:30:01Z,202,187111,7205,22,5,0.4305555555555556,667.0,1.538888888888889,10.0,0.2
6,5ZGYUPG0NkU,2023-05-08T07:30:01Z,202,187660,7216,22,6,0.43194444444444446,549.0,0.8833333333333333,11.0,0.4
7,5ZGYUPG0NkU,2023-05-08T07:30:01Z,202,188016,7222,22,7,0.43333333333333335,356.0,-0.18888888888888888,6.0,-0.6
8,5ZGYUPG0NkU,2023-05-08T07:30:01Z,202,188369,7225,22,8,0.43472222222222223,353.0,-0.20555555555555555,3.0,-1.2
9,5ZGYUPG0NkU,2023-05-08T07:30:01Z,202,188701,7233,22,9,0.4361111111111111,332.0,-0.32222222222222224,8.0,-0.2
10,5ZGYUPG0NkU,2023-05-08T07:30:01Z,202,189028,7242,22,10,0.4375,327.0,-0.35,9.0,0.0
11,5ZGYUPG0NkU,2023-05-08T07:30:01Z,202,189325,7255,22,11,0.4388888888888889,297.0,-0.5166666666666667,13.0,0.8
12,5ZGYUPG0NkU,2023-05-08T07:30:01Z,202,189767,7266,22,12,0.44027777777777777,442.0,0.28888888888888886,11.0,0.4
13,5ZGYUPG0NkU,2023-05-08T07:30:01Z,202,190215,7273,22,13,0.44166666666666665,448.0,0.32222222222222224,7.0,-0.4
14,5ZGYUPG0NkU,2023-05-08T07:30:01Z,202,190682,7287,22,14,0.44305555555555554,467.0,0.42777777777777776,14.0,1.0
15,5ZGYUPG0NkU,2023-05-08T07:30:01Z,202,191120,7295,22,15,0.4444444444444444,438.0,0.26666666666666666,8.0,-0.2
16,5ZGYUPG0NkU,2023-05-08T07:30:01Z,202,191443,7306,22,16,0.44583333333333336,323.0,-0.37222222222222223,11.0,0.4
17,5ZGYUPG0NkU,2023-05-08T07:30:01Z,202,191753,7320,22,17,0.44722222222222224,310.0,-0.4444444444444444,14.0,1.0
18,5ZGYUPG0NkU,2023-05-08T07:30:01Z,202,192187,7327,22,18,0.4486111111111111,434.0,0.24444444444444444,7.0,-0.4
19,5ZGYUPG0NkU,2023-05-08T07:30:01Z,202,192710,7342,22,19,0.45,523.0,0.7388888888888889,15.0,1.2
20,5ZGYUPG0NkU,2023-05-08T07:30:01Z,202,192889,7347,22,20,0.4513888888888889,179.0,-1.1722222222222223,5.0,-0.8
21,5ZGYUPG0NkU,2023-05-08T07:30:01Z,202,193409,7360,22,21,0.4527777777777778,520.0,0.7222222222222222,13.0,0.8
22,5ZGYUPG0NkU,2023-05-08T07:30:01Z,202,193669,7368,22,22,0.45416666666666666,260.0,-0.7222222222222222,8.0,-0.2
23,5ZGYUPG0NkU,2023-05-08T07:30:01Z,202,194118,7376,22,23,0.45555555555555555,449.0,0.3277777777777778,8.0,-0.2
24,5ZGYUPG0NkU,2023-05-08T07:30:01Z,202,194508,7394,22,0,0.45694444444444443,390.0,0.0,18.0,1.8
25,5ZGYUPG0NkU,2023-05-08T07:30:01Z,202,195112,7410,22,1,0.4583333333333333,604.0,1.1888888888888889,16.0,1.4
26,5ZGYUPG0NkU,2023-05-08T07:30:01Z,202,195512,7415,22,2,0.4597222222222222,400.0,0.05555555555555555,5.0,-0.8
27,5ZGYUPG0NkU,2023-05-08T07:30:01Z,202,196156,7424,22,3,0.46111111111111114,644.0,1.4111111111111112,9.0,0.0
28,5ZGYUPG0NkU,2023-05-08T07:30:01Z,202,196603,7435,22,4,0.4625,447.0,0.31666666666666665,11.0,0.4
29,5ZGYUPG0NkU,2023-05-08T07:30:01Z,202,197038,7439,22,5,0.4638888888888889,435.0,0.25,4.0,-1.0
30,5ZGYUPG0NkU,2023-05-08T07:30:01Z,202,197297,7443,22,6,0.4652777777777778,259.0,-0.7277777777777777,4.0,-1.0
31,5ZGYUPG0NkU,2023-05-08T07:30:01Z,202,197577,7447,22,7,0.4666666666666667,280.0,-0.6111111111111112,4.0,-1.0
32,5ZGYUPG0NkU,2023-05-08T07:30:01Z,202,197774,7457,22,8,0.46805555555555556,197.0,-1.0722222222222222,10.0,0.2
33,5ZGYUPG0NkU,2023-05-08T07:30:01Z,202,197951,7466,22,9,0.46944444444444444,177.0,-1.1833333333333333,9.0,0.0
34,5ZGYUPG0NkU,2023-05-08T07:30:01Z,202,198303,7472,22,10,0.4708333333333333,352.0,-0.2111111111111111,6.0,-0.6
35,5ZGYUPG0NkU,2023-05-08T07:30:01Z,202,198628,7486,22,11,0.4722222222222222,325.0,-0.3611111111111111,14.0,1.0
36,5ZGYUPG0NkU,2023-05-08T07:30:01Z,202,198831,7495,22,12,0.4736111111111111,203.0,-1.038888888888889,9.0,0.0
37,5ZGYUPG0NkU,2023-05-08T07:30:01Z,202,199148,7507,22,13,0.475,317.0,-0.40555555555555556,12.0,0.6
38,5ZGYUPG0NkU,2023-05-08T07:30:01Z,202,199530,7513,22,14,0.47638888888888886,382.0,-0.044444444444444446,6.0,-0.6
39,5ZGYUPG0NkU,2023-05-08T07:30:01Z,202,199704,7519,22,15,0.4777777777777778,174.0,-1.2,6.0,-0.6
