,id,date,duration,views,likes,category_id,hour,update_diff,views_diff,views_diff_scaled,likes_diff,likes_diff_scaled
1,RI4ysZ7w28k,2023-05-13T12:00:26Z,1247,2121038,49327,23,16,0.1388888888888889,13650.0,0.5738446702766857,154.0,-0.17100371747211895
2,RI4ysZ7w28k,2023-05-13T12:00:26Z,1247,2128762,49501,23,17,0.14027777777777778,7724.0,-0.30531859654328314,174.0,-0.022304832713754646
3,RI4ysZ7w28k,2023-05-13T12:00:26Z,1247,2140058,49714,23,18,0.14166666666666666,11296.0,0.22461241747644833,213.0,0.26765799256505574
4,RI4ysZ7w28k,2023-05-13T12:00:26Z,1247,2150007,49949,23,19,0.14305555555555555,9949.0,0.024775610117943773,235.0,0.4312267657992565
5,RI4ysZ7w28k,2023-05-13T12:00:26Z,1247,2160131,50195,23,20,0.14444444444444443,10124.0,0.050738075810399824,246.0,0.5130111524163569
6,RI4ysZ7w28k,2023-05-13T12:00:26Z,1247,2172982,50448,23,21,0.14583333333333334,12851.0,0.4553074697722721,253.0,0.5650557620817844
7,RI4ysZ7w28k,2023-05-13T12:00:26Z,1247,2186586,50655,23,22,0.14722222222222223,13604.0,0.5670202507232401,207.0,0.22304832713754646
8,RI4ysZ7w28k,2023-05-13T12:00:26Z,1247,2199872,50830,23,23,0.1486111111111111,13286.0,0.5198427416363771,175.0,-0.01486988847583643
9,RI4ysZ7w28k,2023-05-13T12:00:26Z,1247,2210845,51025,23,0,0.15,10973.0,0.17669312365551518,195.0,0.13382899628252787
10,RI4ysZ7w28k,2023-05-13T12:00:26Z,1247,2218567,51191,23,1,0.15138888888888888,7722.0,-0.3056153104369112,166.0,-0.08178438661710037
11,RI4ysZ7w28k,2023-05-13T12:00:26Z,1247,2228349,51312,23,2,0.1527777777777778,9782.0,0.0,121.0,-0.4163568773234201
12,RI4ysZ7w28k,2023-05-13T12:00:26Z,1247,2240004,51388,23,3,0.15416666666666667,11655.0,0.27787256138268673,76.0,-0.7509293680297398
13,RI4ysZ7w28k,2023-05-13T12:00:26Z,1247,2248101,51438,23,4,0.15555555555555556,8097.0,-0.24998145538164823,50.0,-0.9442379182156134
14,RI4ysZ7w28k,2023-05-13T12:00:26Z,1247,2254660,51476,23,5,0.15694444444444444,6559.0,-0.4781544395816334,38.0,-1.033457249070632
15,RI4ysZ7w28k,2023-05-13T12:00:26Z,1247,2257626,51508,23,6,0.15833333333333333,2966.0,-1.0112009494844596,32.0,-1.0780669144981412
16,RI4ysZ7w28k,2023-05-13T12:00:26Z,1247,2260001,51553,23,7,0.1597222222222222,2375.0,-1.098879905051554,45.0,-0.9814126394052045
17,RI4ysZ7w28k,2023-05-13T12:00:26Z,1247,2261489,51628,23,8,0.16111111111111112,1488.0,-1.2304725168756028,75.0,-0.758364312267658
18,RI4ysZ7w28k,2023-05-13T12:00:26Z,1247,2265442,51763,23,9,0.1625,3953.0,-0.8647726429790075,135.0,-0.31226765799256506
19,RI4ysZ7w28k,2023-05-13T12:00:26Z,1247,2271915,51954,23,10,0.1638888888888889,6473.0,-0.4909131370076404,191.0,0.10408921933085502
20,RI4ysZ7w28k,2023-05-13T12:00:26Z,1247,2279381,52138,23,11,0.16527777777777777,7466.0,-0.34359468882130406,184.0,0.05204460966542751
21,RI4ysZ7w28k,2023-05-13T12:00:26Z,1247,2287911,52352,23,12,0.16666666666666666,8530.0,-0.18574289741117128,214.0,0.275092936802974
22,RI4ysZ7w28k,2023-05-13T12:00:26Z,1247,2293914,52685,23,13,0.16805555555555557,6003.0,-0.5606409020102366,333.0,1.1598513011152416
23,RI4ysZ7w28k,2023-05-13T12:00:26Z,1247,2310328,52964,23,14,0.16944444444444445,16414.0,0.9839032712706772,279.0,0.758364312267658
24,RI4ysZ7w28k,2023-05-13T12:00:26Z,1247,2323555,53190,23,15,0.17083333333333334,13227.0,0.5110896817743491,226.0,0.3643122676579926
25,RI4ysZ7w28k,2023-05-13T12:00:26Z,1247,2340983,53367,23,16,0.17222222222222222,17428.0,1.1343372153401083,177.0,0.0
26,RI4ysZ7w28k,2023-05-13T12:00:26Z,1247,2349834,53576,23,17,0.1736111111111111,8851.0,-0.1381203174838662,209.0,0.2379182156133829
27,RI4ysZ7w28k,2023-05-13T12:00:26Z,1247,2363768,53814,23,18,0.175,13934.0,0.6159780431718715,238.0,0.45353159851301117
28,RI4ysZ7w28k,2023-05-13T12:00:26Z,1247,2370886,54107,23,19,0.1763888888888889,7118.0,-0.3952229063125881,293.0,0.862453531598513
29,RI4ysZ7w28k,2023-05-13T12:00:26Z,1247,2387533,54450,23,20,0.17777777777777778,16647.0,1.0184704398783473,343.0,1.2342007434944238
30,RI4ysZ7w28k,2023-05-13T12:00:26Z,1247,2401327,54770,23,21,0.17916666666666667,13794.0,0.5952080706179067,320.0,1.063197026022305
31,RI4ysZ7w28k,2023-05-13T12:00:26Z,1247,2414329,54993,23,22,0.18055555555555555,13002.0,0.4777093687411913,223.0,0.3420074349442379
32,RI4ysZ7w28k,2023-05-13T12:00:26Z,1247,2435357,55170,23,23,0.18194444444444444,21028.0,1.6684222238706328,177.0,0.0
33,RI4ysZ7w28k,2023-05-13T12:00:26Z,1247,2452786,55378,23,0,0.18333333333333332,17429.0,1.1344855722869223,208.0,0.23048327137546468
34,RI4ysZ7w28k,2023-05-13T12:00:26Z,1247,2465609,55572,23,1,0.18472222222222223,12823.0,0.45115347526147914,194.0,0.12639405204460966
35,RI4ysZ7w28k,2023-05-13T12:00:26Z,1247,2475872,55676,23,2,0.18611111111111112,10263.0,0.07135969141755062,104.0,-0.5427509293680297
36,RI4ysZ7w28k,2023-05-13T12:00:26Z,1247,2489668,55748,23,3,0.1875,13796.0,0.5955047845115348,72.0,-0.7806691449814126
37,RI4ysZ7w28k,2023-05-13T12:00:26Z,1247,2495838,55799,23,4,0.18888888888888888,6170.0,-0.5358652918922928,51.0,-0.9368029739776952
38,RI4ysZ7w28k,2023-05-13T12:00:26Z,1247,2502908,55841,23,5,0.19027777777777777,7070.0,-0.40234403975966176,42.0,-1.003717472118959
39,RI4ysZ7w28k,2023-05-13T12:00:26Z,1247,2505055,55872,23,6,0.19166666666666668,2147.0,-1.1327052889251539,31.0,-1.0855018587360594
40,RI4ysZ7w28k,2023-05-13T12:00:26Z,1247,2508125,55927,23,7,0.19305555555555556,3070.0,-0.9957718270158,55.0,-0.9070631970260223
41,RI4ysZ7w28k,2023-05-13T12:00:26Z,1247,2508692,56019,23,8,0.19444444444444445,567.0,-1.3671092648913286,92.0,-0.6319702602230484
42,RI4ysZ7w28k,2023-05-13T12:00:26Z,1247,2513355,56128,23,9,0.19583333333333333,4663.0,-0.7594392107410429,109.0,-0.5055762081784386
43,RI4ysZ7w28k,2023-05-13T12:00:26Z,1247,2520646,56241,23,10,0.19722222222222222,7291.0,-0.3695571545137601,113.0,-0.4758364312267658
