,id,date,duration,views,likes,category_id,hour,update_diff,views_diff,views_diff_scaled,likes_diff,likes_diff_scaled
1,Sg-DluCDbYk,2023-04-18T04:19:28Z,1967,90224,2414,19,1,1.0958333333333334,41.0,0.2222222222222222,1.0,1.0
2,Sg-DluCDbYk,2023-04-18T04:19:28Z,1967,90269,2414,19,2,1.0972222222222223,45.0,0.37037037037037035,0.0,0.0
3,Sg-DluCDbYk,2023-04-18T04:19:28Z,1967,90324,2414,19,3,1.0986111111111112,55.0,0.7407407407407407,0.0,0.0
4,Sg-DluCDbYk,2023-04-18T04:19:28Z,1967,90374,2414,19,4,1.1,50.0,0.5555555555555556,0.0,0.0
5,Sg-DluCDbYk,2023-04-18T04:19:28Z,1967,90401,2414,19,5,1.101388888888889,27.0,-0.2962962962962963,0.0,0.0
6,Sg-DluCDbYk,2023-04-18T04:19:28Z,1967,90432,2414,19,6,1.1027777777777779,31.0,-0.14814814814814814,0.0,0.0
7,Sg-DluCDbYk,2023-04-18T04:19:28Z,1967,90444,2414,19,7,1.1041666666666667,12.0,-0.8518518518518519,0.0,0.0
8,Sg-DluCDbYk,2023-04-18T04:19:28Z,1967,90461,2414,19,8,1.1055555555555556,17.0,-0.6666666666666666,0.0,0.0
9,Sg-DluCDbYk,2023-04-18T04:19:28Z,1967,90472,2414,19,9,1.1069444444444445,11.0,-0.8888888888888888,0.0,0.0
10,Sg-DluCDbYk,2023-04-18T04:19:28Z,1967,90488,2414,19,10,1.1083333333333334,16.0,-0.7037037037037037,0.0,0.0
11,Sg-DluCDbYk,2023-04-18T04:19:28Z,1967,90514,2415,19,11,1.1097222222222223,26.0,-0.3333333333333333,1.0,1.0
12,Sg-DluCDbYk,2023-04-18T04:19:28Z,1967,90548,2415,19,12,1.1111111111111112,34.0,-0.037037037037037035,0.0,0.0
13,Sg-DluCDbYk,2023-04-18T04:19:28Z,1967,90579,2415,19,13,1.1125,31.0,-0.14814814814814814,0.0,0.0
14,Sg-DluCDbYk,2023-04-18T04:19:28Z,1967,90625,2415,19,14,1.113888888888889,46.0,0.4074074074074074,0.0,0.0
15,Sg-DluCDbYk,2023-04-18T04:19:28Z,1967,90666,2417,19,15,1.1152777777777778,41.0,0.2222222222222222,2.0,2.0
16,Sg-DluCDbYk,2023-04-18T04:19:28Z,1967,90701,2418,19,16,1.1166666666666667,35.0,0.0,1.0,1.0
17,Sg-DluCDbYk,2023-04-18T04:19:28Z,1967,90747,2420,19,17,1.1180555555555556,46.0,0.4074074074074074,2.0,2.0
18,Sg-DluCDbYk,2023-04-18T04:19:28Z,1967,90805,2422,19,18,1.1194444444444445,58.0,0.8518518518518519,2.0,2.0
19,Sg-DluCDbYk,2023-04-18T04:19:28Z,1967,90854,2422,19,19,1.1208333333333333,49.0,0.5185185185185185,0.0,0.0
20,Sg-DluCDbYk,2023-04-18T04:19:28Z,1967,90884,2423,19,20,1.1222222222222222,30.0,-0.18518518518518517,1.0,1.0
21,Sg-DluCDbYk,2023-04-18T04:19:28Z,1967,90942,2424,19,21,1.1236111111111111,58.0,0.8518518518518519,1.0,1.0
22,Sg-DluCDbYk,2023-04-18T04:19:28Z,1967,90978,2425,19,22,1.125,36.0,0.037037037037037035,1.0,1.0
23,Sg-DluCDbYk,2023-04-18T04:19:28Z,1967,91051,2427,19,23,1.1263888888888889,73.0,1.4074074074074074,2.0,2.0
24,Sg-DluCDbYk,2023-04-18T04:19:28Z,1967,91113,2427,19,0,1.1277777777777778,62.0,1.0,0.0,0.0
25,Sg-DluCDbYk,2023-04-18T04:19:28Z,1967,91182,2429,19,1,1.1291666666666667,69.0,1.2592592592592593,2.0,2.0
26,Sg-DluCDbYk,2023-04-18T04:19:28Z,1967,91217,2430,19,2,1.1305555555555555,35.0,0.0,1.0,1.0
27,Sg-DluCDbYk,2023-04-18T04:19:28Z,1967,91289,2430,19,3,1.1319444444444444,72.0,1.3703703703703705,0.0,0.0
28,Sg-DluCDbYk,2023-04-18T04:19:28Z,1967,91342,2430,19,4,1.1333333333333333,53.0,0.6666666666666666,0.0,0.0
29,Sg-DluCDbYk,2023-04-18T04:19:28Z,1967,91384,2430,19,5,1.1347222222222222,42.0,0.25925925925925924,0.0,0.0
30,Sg-DluCDbYk,2023-04-18T04:19:28Z,1967,91402,2430,19,6,1.136111111111111,18.0,-0.6296296296296297,0.0,0.0
31,Sg-DluCDbYk,2023-04-18T04:19:28Z,1967,91421,2431,19,7,1.1375,19.0,-0.5925925925925926,1.0,1.0
32,Sg-DluCDbYk,2023-04-18T04:19:28Z,1967,91433,2431,19,8,1.1388888888888888,12.0,-0.8518518518518519,0.0,0.0
33,Sg-DluCDbYk,2023-04-18T04:19:28Z,1967,91436,2431,19,9,1.1402777777777777,3.0,-1.1851851851851851,0.0,0.0
34,Sg-DluCDbYk,2023-04-18T04:19:28Z,1967,91458,2431,19,10,1.1416666666666666,22.0,-0.48148148148148145,0.0,0.0
35,Sg-DluCDbYk,2023-04-18T04:19:28Z,1967,91472,2432,19,11,1.1430555555555555,14.0,-0.7777777777777778,1.0,1.0
36,Sg-DluCDbYk,2023-04-18T04:19:28Z,1967,91496,2432,19,12,1.1444444444444444,24.0,-0.4074074074074074,0.0,0.0
37,Sg-DluCDbYk,2023-04-18T04:19:28Z,1967,91526,2433,19,13,1.1458333333333333,30.0,-0.18518518518518517,1.0,1.0
38,Sg-DluCDbYk,2023-04-18T04:19:28Z,1967,91563,2432,19,14,1.1472222222222221,37.0,0.07407407407407407,-1.0,-1.0
39,Sg-DluCDbYk,2023-04-18T04:19:28Z,1967,91576,2432,19,15,1.148611111111111,13.0,-0.8148148148148148,0.0,0.0
