,id,date,duration,views,likes,category_id,hour,update_diff,views_diff,views_diff_scaled,likes_diff,likes_diff_scaled
1,Sg-DluCDbYk,2023-04-18T04:19:28Z,1967,87151,2370,19,16,0.9833333333333333,54.0,0.6382978723404256,1.0,1.0
2,Sg-DluCDbYk,2023-04-18T04:19:28Z,1967,87182,2370,19,17,0.9847222222222223,31.0,-0.3404255319148936,0.0,0.0
3,Sg-DluCDbYk,2023-04-18T04:19:28Z,1967,87230,2371,19,18,0.9861111111111112,48.0,0.3829787234042553,1.0,1.0
4,Sg-DluCDbYk,2023-04-18T04:19:28Z,1967,87269,2373,19,19,0.9875,39.0,0.0,2.0,2.0
5,Sg-DluCDbYk,2023-04-18T04:19:28Z,1967,87303,2374,19,20,0.9888888888888889,34.0,-0.2127659574468085,1.0,1.0
6,Sg-DluCDbYk,2023-04-18T04:19:28Z,1967,87331,2376,19,21,0.9902777777777778,28.0,-0.46808510638297873,2.0,2.0
7,Sg-DluCDbYk,2023-04-18T04:19:28Z,1967,87390,2376,19,22,0.9916666666666667,59.0,0.851063829787234,0.0,0.0
8,Sg-DluCDbYk,2023-04-18T04:19:28Z,1967,87445,2376,19,23,0.9930555555555556,55.0,0.6808510638297872,0.0,0.0
9,Sg-DluCDbYk,2023-04-18T04:19:28Z,1967,87490,2377,19,0,0.9944444444444445,45.0,0.2553191489361702,1.0,1.0
10,Sg-DluCDbYk,2023-04-18T04:19:28Z,1967,87533,2378,19,1,0.9958333333333333,43.0,0.1702127659574468,1.0,1.0
11,Sg-DluCDbYk,2023-04-18T04:19:28Z,1967,87605,2378,19,2,0.9972222222222222,72.0,1.4042553191489362,0.0,0.0
12,Sg-DluCDbYk,2023-04-18T04:19:28Z,1967,87681,2378,19,3,0.9986111111111111,76.0,1.574468085106383,0.0,0.0
13,Sg-DluCDbYk,2023-04-18T04:19:28Z,1967,87737,2378,19,4,1.0,56.0,0.723404255319149,0.0,0.0
14,Sg-DluCDbYk,2023-04-18T04:19:28Z,1967,87796,2379,19,5,1.0013888888888889,59.0,0.851063829787234,1.0,1.0
15,Sg-DluCDbYk,2023-04-18T04:19:28Z,1967,87822,2379,19,6,1.0027777777777778,26.0,-0.5531914893617021,0.0,0.0
16,Sg-DluCDbYk,2023-04-18T04:19:28Z,1967,87851,2379,19,7,1.0041666666666667,29.0,-0.425531914893617,0.0,0.0
17,Sg-DluCDbYk,2023-04-18T04:19:28Z,1967,87866,2379,19,8,1.0055555555555555,15.0,-1.0212765957446808,0.0,0.0
18,Sg-DluCDbYk,2023-04-18T04:19:28Z,1967,87893,2380,19,9,1.0069444444444444,27.0,-0.5106382978723404,1.0,1.0
19,Sg-DluCDbYk,2023-04-18T04:19:28Z,1967,87923,2380,19,10,1.0083333333333333,30.0,-0.3829787234042553,0.0,0.0
20,Sg-DluCDbYk,2023-04-18T04:19:28Z,1967,87961,2381,19,11,1.0097222222222222,38.0,-0.0425531914893617,1.0,1.0
21,Sg-DluCDbYk,2023-04-18T04:19:28Z,1967,87994,2381,19,12,1.011111111111111,33.0,-0.2553191489361702,0.0,0.0
22,Sg-DluCDbYk,2023-04-18T04:19:28Z,1967,88012,2381,19,13,1.0125,18.0,-0.8936170212765957,0.0,0.0
23,Sg-DluCDbYk,2023-04-18T04:19:28Z,1967,88069,2382,19,14,1.0138888888888888,57.0,0.7659574468085106,1.0,1.0
24,Sg-DluCDbYk,2023-04-18T04:19:28Z,1967,88118,2382,19,15,1.0152777777777777,49.0,0.425531914893617,0.0,0.0
25,Sg-DluCDbYk,2023-04-18T04:19:28Z,1967,88169,2384,19,16,1.0166666666666666,51.0,0.5106382978723404,2.0,2.0
26,Sg-DluCDbYk,2023-04-18T04:19:28Z,1967,88198,2383,19,17,1.0180555555555555,29.0,-0.425531914893617,-1.0,-1.0
27,Sg-DluCDbYk,2023-04-18T04:19:28Z,1967,88233,2383,19,18,1.0194444444444444,35.0,-0.1702127659574468,0.0,0.0
28,Sg-DluCDbYk,2023-04-18T04:19:28Z,1967,88272,2385,19,19,1.0208333333333333,39.0,0.0,2.0,2.0
29,Sg-DluCDbYk,2023-04-18T04:19:28Z,1967,88330,2385,19,20,1.0222222222222221,58.0,0.8085106382978723,0.0,0.0
30,Sg-DluCDbYk,2023-04-18T04:19:28Z,1967,88347,2386,19,21,1.023611111111111,17.0,-0.9361702127659575,1.0,1.0
31,Sg-DluCDbYk,2023-04-18T04:19:28Z,1967,88385,2388,19,22,1.025,38.0,-0.0425531914893617,2.0,2.0
32,Sg-DluCDbYk,2023-04-18T04:19:28Z,1967,88437,2388,19,23,1.0263888888888888,52.0,0.5531914893617021,0.0,0.0
33,Sg-DluCDbYk,2023-04-18T04:19:28Z,1967,88487,2389,19,0,1.0277777777777777,50.0,0.46808510638297873,1.0,1.0
34,Sg-DluCDbYk,2023-04-18T04:19:28Z,1967,88514,2389,19,1,1.0291666666666666,27.0,-0.5106382978723404,0.0,0.0
35,Sg-DluCDbYk,2023-04-18T04:19:28Z,1967,88553,2389,19,2,1.0305555555555554,39.0,0.0,0.0,0.0
36,Sg-DluCDbYk,2023-04-18T04:19:28Z,1967,88619,2389,19,3,1.0319444444444446,66.0,1.148936170212766,0.0,0.0
37,Sg-DluCDbYk,2023-04-18T04:19:28Z,1967,88652,2389,19,4,1.0333333333333334,33.0,-0.2553191489361702,0.0,0.0
38,Sg-DluCDbYk,2023-04-18T04:19:28Z,1967,88706,2389,19,5,1.0347222222222223,54.0,0.6382978723404256,0.0,0.0
39,Sg-DluCDbYk,2023-04-18T04:19:28Z,1967,88725,2389,19,6,1.0361111111111112,19.0,-0.851063829787234,0.0,0.0
40,Sg-DluCDbYk,2023-04-18T04:19:28Z,1967,88765,2389,19,7,1.0375,40.0,0.0425531914893617,0.0,0.0
41,Sg-DluCDbYk,2023-04-18T04:19:28Z,1967,88770,2389,19,8,1.038888888888889,5.0,-1.446808510638298,0.0,0.0
42,Sg-DluCDbYk,2023-04-18T04:19:28Z,1967,88805,2389,19,9,1.0402777777777779,35.0,-0.1702127659574468,0.0,0.0
43,Sg-DluCDbYk,2023-04-18T04:19:28Z,1967,88842,2389,19,10,1.0416666666666667,37.0,-0.0851063829787234,0.0,0.0
