,id,date,duration,views,likes,category_id,hour,update_diff,views_diff,views_diff_scaled,likes_diff,likes_diff_scaled
1,kbgUjCaGaeQ,2023-05-14T09:08:36Z,714,240508,10752,15,1,0.2222222222222222,678.0,0.8022388059701493,11.0,0.9090909090909091
2,kbgUjCaGaeQ,2023-05-14T09:08:36Z,714,240994,10761,15,2,0.22361111111111112,486.0,0.08582089552238806,9.0,0.5454545454545454
3,kbgUjCaGaeQ,2023-05-14T09:08:36Z,714,241605,10763,15,3,0.225,611.0,0.5522388059701493,2.0,-0.7272727272727273
4,kbgUjCaGaeQ,2023-05-14T09:08:36Z,714,242054,10763,15,4,0.2263888888888889,449.0,-0.05223880597014925,0.0,-1.0909090909090908
5,kbgUjCaGaeQ,2023-05-14T09:08:36Z,714,242439,10765,15,5,0.22777777777777777,385.0,-0.291044776119403,2.0,-0.7272727272727273
6,kbgUjCaGaeQ,2023-05-14T09:08:36Z,714,242699,10768,15,6,0.22916666666666666,260.0,-0.7574626865671642,3.0,-0.5454545454545454
7,kbgUjCaGaeQ,2023-05-14T09:08:36Z,714,242890,10771,15,7,0.23055555555555557,191.0,-1.0149253731343284,3.0,-0.5454545454545454
8,kbgUjCaGaeQ,2023-05-14T09:08:36Z,714,243147,10779,15,8,0.23194444444444445,257.0,-0.7686567164179104,8.0,0.36363636363636365
9,kbgUjCaGaeQ,2023-05-14T09:08:36Z,714,243482,10784,15,9,0.23333333333333334,335.0,-0.47761194029850745,5.0,-0.18181818181818182
10,kbgUjCaGaeQ,2023-05-14T09:08:36Z,714,243996,10790,15,10,0.23472222222222222,514.0,0.19029850746268656,6.0,0.0
11,kbgUjCaGaeQ,2023-05-14T09:08:36Z,714,244449,10802,15,11,0.2361111111111111,453.0,-0.03731343283582089,12.0,1.0909090909090908
12,kbgUjCaGaeQ,2023-05-14T09:08:36Z,714,245011,10808,15,12,0.2375,562.0,0.3694029850746269,6.0,0.0
13,kbgUjCaGaeQ,2023-05-14T09:08:36Z,714,245522,10813,15,13,0.2388888888888889,511.0,0.1791044776119403,5.0,-0.18181818181818182
14,kbgUjCaGaeQ,2023-05-14T09:08:36Z,714,245966,10822,15,14,0.24027777777777778,444.0,-0.0708955223880597,9.0,0.5454545454545454
15,kbgUjCaGaeQ,2023-05-14T09:08:36Z,714,246429,10826,15,15,0.24166666666666667,463.0,0.0,4.0,-0.36363636363636365
16,kbgUjCaGaeQ,2023-05-14T09:08:36Z,714,246824,10834,15,16,0.24305555555555555,395.0,-0.2537313432835821,8.0,0.36363636363636365
17,kbgUjCaGaeQ,2023-05-14T09:08:36Z,714,247187,10850,15,17,0.24444444444444444,363.0,-0.373134328358209,16.0,1.8181818181818181
18,kbgUjCaGaeQ,2023-05-14T09:08:36Z,714,247793,10862,15,18,0.24583333333333332,606.0,0.5335820895522388,12.0,1.0909090909090908
19,kbgUjCaGaeQ,2023-05-14T09:08:36Z,714,248443,10873,15,19,0.24722222222222223,650.0,0.6977611940298507,11.0,0.9090909090909091
20,kbgUjCaGaeQ,2023-05-14T09:08:36Z,714,248756,10891,15,20,0.24861111111111112,313.0,-0.5597014925373134,18.0,2.1818181818181817
21,kbgUjCaGaeQ,2023-05-14T09:08:36Z,714,249681,10902,15,21,0.25,925.0,1.7238805970149254,11.0,0.9090909090909091
22,kbgUjCaGaeQ,2023-05-14T09:08:36Z,714,250187,10920,15,22,0.2513888888888889,506.0,0.16044776119402984,18.0,2.1818181818181817
23,kbgUjCaGaeQ,2023-05-14T09:08:36Z,714,251582,10930,15,23,0.25277777777777777,1395.0,3.4776119402985075,10.0,0.7272727272727273
24,kbgUjCaGaeQ,2023-05-14T09:08:36Z,714,252495,10935,15,0,0.25416666666666665,913.0,1.6791044776119404,5.0,-0.18181818181818182
25,kbgUjCaGaeQ,2023-05-14T09:08:36Z,714,253501,10942,15,1,0.25555555555555554,1006.0,2.0261194029850746,7.0,0.18181818181818182
26,kbgUjCaGaeQ,2023-05-14T09:08:36Z,714,254029,10943,15,2,0.2569444444444444,528.0,0.24253731343283583,1.0,-0.9090909090909091
27,kbgUjCaGaeQ,2023-05-14T09:08:36Z,714,254670,10945,15,3,0.25833333333333336,641.0,0.664179104477612,2.0,-0.7272727272727273
28,kbgUjCaGaeQ,2023-05-14T09:08:36Z,714,255038,10948,15,4,0.25972222222222224,368.0,-0.35447761194029853,3.0,-0.5454545454545454
29,kbgUjCaGaeQ,2023-05-14T09:08:36Z,714,255354,10952,15,5,0.2611111111111111,316.0,-0.5485074626865671,4.0,-0.36363636363636365
30,kbgUjCaGaeQ,2023-05-14T09:08:36Z,714,255492,10954,15,6,0.2625,138.0,-1.212686567164179,2.0,-0.7272727272727273
31,kbgUjCaGaeQ,2023-05-14T09:08:36Z,714,255708,10961,15,7,0.2638888888888889,216.0,-0.9216417910447762,7.0,0.18181818181818182
32,kbgUjCaGaeQ,2023-05-14T09:08:36Z,714,255871,10963,15,8,0.2652777777777778,163.0,-1.1194029850746268,2.0,-0.7272727272727273
33,kbgUjCaGaeQ,2023-05-14T09:08:36Z,714,256048,10968,15,9,0.26666666666666666,177.0,-1.0671641791044777,5.0,-0.18181818181818182
34,kbgUjCaGaeQ,2023-05-14T09:08:36Z,714,256541,10973,15,10,0.26805555555555555,493.0,0.11194029850746269,5.0,-0.18181818181818182
35,kbgUjCaGaeQ,2023-05-14T09:08:36Z,714,257099,10981,15,11,0.26944444444444443,558.0,0.35447761194029853,8.0,0.36363636363636365
36,kbgUjCaGaeQ,2023-05-14T09:08:36Z,714,257394,10987,15,12,0.2708333333333333,295.0,-0.6268656716417911,6.0,0.0
37,kbgUjCaGaeQ,2023-05-14T09:08:36Z,714,257867,10996,15,13,0.2722222222222222,473.0,0.03731343283582089,9.0,0.5454545454545454
38,kbgUjCaGaeQ,2023-05-14T09:08:36Z,714,258470,11003,15,14,0.27361111111111114,603.0,0.5223880597014925,7.0,0.18181818181818182
39,kbgUjCaGaeQ,2023-05-14T09:08:36Z,714,258756,11008,15,15,0.275,286.0,-0.6604477611940298,5.0,-0.18181818181818182
