,id,date,duration,views,likes,category_id,hour,update_diff,views_diff,views_diff_scaled,likes_diff,likes_diff_scaled
1,ibOKDFO9sCE,2023-05-16T22:22:27Z,25974,20865,204,20,14,0.08888888888888889,77.0,-0.08333333333333333,2.0,1.0
2,ibOKDFO9sCE,2023-05-16T22:22:27Z,25974,20940,205,20,15,0.09027777777777778,75.0,-0.1388888888888889,1.0,0.0
3,ibOKDFO9sCE,2023-05-16T22:22:27Z,25974,21050,204,20,16,0.09166666666666666,110.0,0.8333333333333334,-1.0,-2.0
4,ibOKDFO9sCE,2023-05-16T22:22:27Z,25974,21135,205,20,17,0.09305555555555556,85.0,0.1388888888888889,1.0,0.0
5,ibOKDFO9sCE,2023-05-16T22:22:27Z,25974,21215,205,20,18,0.09444444444444444,80.0,0.0,0.0,-1.0
6,ibOKDFO9sCE,2023-05-16T22:22:27Z,25974,21316,205,20,19,0.09583333333333334,101.0,0.5833333333333334,0.0,-1.0
7,ibOKDFO9sCE,2023-05-16T22:22:27Z,25974,21428,206,20,20,0.09722222222222222,112.0,0.8888888888888888,1.0,0.0
8,ibOKDFO9sCE,2023-05-16T22:22:27Z,25974,21528,206,20,21,0.09861111111111111,100.0,0.5555555555555556,0.0,-1.0
9,ibOKDFO9sCE,2023-05-16T22:22:27Z,25974,21582,208,20,22,0.1,54.0,-0.7222222222222222,2.0,1.0
10,ibOKDFO9sCE,2023-05-16T22:22:27Z,25974,21628,208,20,23,0.10138888888888889,46.0,-0.9444444444444444,0.0,-1.0
11,ibOKDFO9sCE,2023-05-16T22:22:27Z,25974,21692,209,20,0,0.10277777777777777,64.0,-0.4444444444444444,1.0,0.0
12,ibOKDFO9sCE,2023-05-16T22:22:27Z,25974,21793,210,20,1,0.10416666666666667,101.0,0.5833333333333334,1.0,0.0
13,ibOKDFO9sCE,2023-05-16T22:22:27Z,25974,21873,210,20,2,0.10555555555555556,80.0,0.0,0.0,-1.0
14,ibOKDFO9sCE,2023-05-16T22:22:27Z,25974,21984,210,20,3,0.10694444444444444,111.0,0.8611111111111112,0.0,-1.0
15,ibOKDFO9sCE,2023-05-16T22:22:27Z,25974,22083,210,20,4,0.10833333333333334,99.0,0.5277777777777778,0.0,-1.0
16,ibOKDFO9sCE,2023-05-16T22:22:27Z,25974,22150,210,20,5,0.10972222222222222,67.0,-0.3611111111111111,0.0,-1.0
17,ibOKDFO9sCE,2023-05-16T22:22:27Z,25974,22224,210,20,6,0.1111111111111111,74.0,-0.16666666666666666,0.0,-1.0
18,ibOKDFO9sCE,2023-05-16T22:22:27Z,25974,22280,211,20,7,0.1125,56.0,-0.6666666666666666,1.0,0.0
19,ibOKDFO9sCE,2023-05-16T22:22:27Z,25974,22310,212,20,8,0.11388888888888889,30.0,-1.3888888888888888,1.0,0.0
20,ibOKDFO9sCE,2023-05-16T22:22:27Z,25974,22339,212,20,9,0.11527777777777778,29.0,-1.4166666666666667,0.0,-1.0
21,ibOKDFO9sCE,2023-05-16T22:22:27Z,25974,22386,211,20,10,0.11666666666666667,47.0,-0.9166666666666666,-1.0,-2.0
22,ibOKDFO9sCE,2023-05-16T22:22:27Z,25974,22433,212,20,11,0.11805555555555555,47.0,-0.9166666666666666,1.0,0.0
23,ibOKDFO9sCE,2023-05-16T22:22:27Z,25974,22525,215,20,12,0.11944444444444445,92.0,0.3333333333333333,3.0,2.0
24,ibOKDFO9sCE,2023-05-16T22:22:27Z,25974,22614,215,20,13,0.12083333333333333,89.0,0.25,0.0,-1.0
25,ibOKDFO9sCE,2023-05-16T22:22:27Z,25974,22712,217,20,14,0.12222222222222222,98.0,0.5,2.0,1.0
26,ibOKDFO9sCE,2023-05-16T22:22:27Z,25974,22794,218,20,15,0.12361111111111112,82.0,0.05555555555555555,1.0,0.0
27,ibOKDFO9sCE,2023-05-16T22:22:27Z,25974,22911,220,20,16,0.125,117.0,1.0277777777777777,2.0,1.0
28,ibOKDFO9sCE,2023-05-16T22:22:27Z,25974,23026,220,20,17,0.12638888888888888,115.0,0.9722222222222222,0.0,-1.0
29,ibOKDFO9sCE,2023-05-16T22:22:27Z,25974,23103,221,20,18,0.12777777777777777,77.0,-0.08333333333333333,1.0,0.0
30,ibOKDFO9sCE,2023-05-16T22:22:27Z,25974,23236,222,20,19,0.12916666666666668,133.0,1.4722222222222223,1.0,0.0
31,ibOKDFO9sCE,2023-05-16T22:22:27Z,25974,23280,224,20,20,0.13055555555555556,44.0,-1.0,2.0,1.0
32,ibOKDFO9sCE,2023-05-16T22:22:27Z,25974,23365,225,20,21,0.13194444444444445,85.0,0.1388888888888889,1.0,0.0
33,ibOKDFO9sCE,2023-05-16T22:22:27Z,25974,23429,226,20,22,0.13333333333333333,64.0,-0.4444444444444444,1.0,0.0
