,id,date,duration,views,likes,category_id,hour,update_diff,views_diff,views_diff_scaled,likes_diff,likes_diff_scaled
1,IdyS8Rc1iVI,2023-05-12T08:22:19Z,28548,115060,1234,20,16,0.17777777777777778,408.0,0.6503067484662577,4.0,1.5
2,IdyS8Rc1iVI,2023-05-12T08:22:19Z,28548,115341,1235,20,17,0.17916666666666667,281.0,-0.12883435582822086,1.0,0.0
3,IdyS8Rc1iVI,2023-05-12T08:22:19Z,28548,115709,1235,20,18,0.18055555555555555,368.0,0.4049079754601227,0.0,-0.5
4,IdyS8Rc1iVI,2023-05-12T08:22:19Z,28548,116123,1237,20,19,0.18194444444444444,414.0,0.6871165644171779,2.0,0.5
5,IdyS8Rc1iVI,2023-05-12T08:22:19Z,28548,116444,1238,20,20,0.18333333333333332,321.0,0.1165644171779141,1.0,0.0
6,IdyS8Rc1iVI,2023-05-12T08:22:19Z,28548,116876,1240,20,21,0.18472222222222223,432.0,0.7975460122699386,2.0,0.5
7,IdyS8Rc1iVI,2023-05-12T08:22:19Z,28548,117267,1240,20,22,0.18611111111111112,391.0,0.5460122699386503,0.0,-0.5
8,IdyS8Rc1iVI,2023-05-12T08:22:19Z,28548,117633,1241,20,23,0.1875,366.0,0.39263803680981596,1.0,0.0
9,IdyS8Rc1iVI,2023-05-12T08:22:19Z,28548,117927,1248,20,0,0.18888888888888888,294.0,-0.049079754601226995,7.0,3.0
10,IdyS8Rc1iVI,2023-05-12T08:22:19Z,28548,118207,1250,20,1,0.19027777777777777,280.0,-0.13496932515337423,2.0,0.5
11,IdyS8Rc1iVI,2023-05-12T08:22:19Z,28548,118525,1251,20,2,0.19166666666666668,318.0,0.09815950920245399,1.0,0.0
12,IdyS8Rc1iVI,2023-05-12T08:22:19Z,28548,118902,1254,20,3,0.19305555555555556,377.0,0.4601226993865031,3.0,1.0
13,IdyS8Rc1iVI,2023-05-12T08:22:19Z,28548,119240,1254,20,4,0.19444444444444445,338.0,0.22085889570552147,0.0,-0.5
14,IdyS8Rc1iVI,2023-05-12T08:22:19Z,28548,119496,1254,20,5,0.19583333333333333,256.0,-0.2822085889570552,0.0,-0.5
15,IdyS8Rc1iVI,2023-05-12T08:22:19Z,28548,119694,1254,20,6,0.19722222222222222,198.0,-0.6380368098159509,0.0,-0.5
16,IdyS8Rc1iVI,2023-05-12T08:22:19Z,28548,119834,1255,20,7,0.1986111111111111,140.0,-0.9938650306748467,1.0,0.0
17,IdyS8Rc1iVI,2023-05-12T08:22:19Z,28548,119923,1256,20,8,0.2,89.0,-1.3067484662576687,1.0,0.0
18,IdyS8Rc1iVI,2023-05-12T08:22:19Z,28548,120061,1256,20,9,0.2013888888888889,138.0,-1.0061349693251533,0.0,-0.5
19,IdyS8Rc1iVI,2023-05-12T08:22:19Z,28548,120238,1257,20,10,0.20277777777777778,177.0,-0.7668711656441718,1.0,0.0
20,IdyS8Rc1iVI,2023-05-12T08:22:19Z,28548,120443,1256,20,11,0.20416666666666666,205.0,-0.5950920245398773,-1.0,-1.0
21,IdyS8Rc1iVI,2023-05-12T08:22:19Z,28548,120632,1257,20,12,0.20555555555555555,189.0,-0.6932515337423313,1.0,0.0
22,IdyS8Rc1iVI,2023-05-12T08:22:19Z,28548,120760,1257,20,13,0.20694444444444443,128.0,-1.0674846625766872,0.0,-0.5
23,IdyS8Rc1iVI,2023-05-12T08:22:19Z,28548,121094,1259,20,14,0.20833333333333334,334.0,0.19631901840490798,2.0,0.5
24,IdyS8Rc1iVI,2023-05-12T08:22:19Z,28548,121396,1261,20,15,0.20972222222222223,302.0,0.0,2.0,0.5
25,IdyS8Rc1iVI,2023-05-12T08:22:19Z,28548,121759,1261,20,16,0.2111111111111111,363.0,0.37423312883435583,0.0,-0.5
26,IdyS8Rc1iVI,2023-05-12T08:22:19Z,28548,121973,1261,20,17,0.2125,214.0,-0.5398773006134969,0.0,-0.5
27,IdyS8Rc1iVI,2023-05-12T08:22:19Z,28548,122317,1264,20,18,0.21388888888888888,344.0,0.25766871165644173,3.0,1.0
28,IdyS8Rc1iVI,2023-05-12T08:22:19Z,28548,122586,1265,20,19,0.2152777777777778,269.0,-0.20245398773006135,1.0,0.0
29,IdyS8Rc1iVI,2023-05-12T08:22:19Z,28548,122978,1263,20,20,0.21666666666666667,392.0,0.5521472392638037,-2.0,-1.5
30,IdyS8Rc1iVI,2023-05-12T08:22:19Z,28548,123297,1263,20,21,0.21805555555555556,319.0,0.10429447852760736,0.0,-0.5
31,IdyS8Rc1iVI,2023-05-12T08:22:19Z,28548,123534,1265,20,22,0.21944444444444444,237.0,-0.3987730061349693,2.0,0.5
32,IdyS8Rc1iVI,2023-05-12T08:22:19Z,28548,123898,1264,20,23,0.22083333333333333,364.0,0.3803680981595092,-1.0,-1.0
33,IdyS8Rc1iVI,2023-05-12T08:22:19Z,28548,124282,1266,20,0,0.2222222222222222,384.0,0.5030674846625767,2.0,0.5
34,IdyS8Rc1iVI,2023-05-12T08:22:19Z,28548,124605,1266,20,1,0.22361111111111112,323.0,0.12883435582822086,0.0,-0.5
35,IdyS8Rc1iVI,2023-05-12T08:22:19Z,28548,124910,1266,20,2,0.225,305.0,0.018404907975460124,0.0,-0.5
36,IdyS8Rc1iVI,2023-05-12T08:22:19Z,28548,125260,1268,20,3,0.2263888888888889,350.0,0.294478527607362,2.0,0.5
37,IdyS8Rc1iVI,2023-05-12T08:22:19Z,28548,125441,1268,20,4,0.22777777777777777,181.0,-0.7423312883435583,0.0,-0.5
38,IdyS8Rc1iVI,2023-05-12T08:22:19Z,28548,125763,1268,20,5,0.22916666666666666,322.0,0.12269938650306748,0.0,-0.5
39,IdyS8Rc1iVI,2023-05-12T08:22:19Z,28548,125904,1268,20,6,0.23055555555555557,141.0,-0.9877300613496932,0.0,-0.5
40,IdyS8Rc1iVI,2023-05-12T08:22:19Z,28548,126074,1268,20,7,0.23194444444444445,170.0,-0.8098159509202454,0.0,-0.5
41,IdyS8Rc1iVI,2023-05-12T08:22:19Z,28548,126121,1269,20,8,0.23333333333333334,47.0,-1.5644171779141105,1.0,0.0
42,IdyS8Rc1iVI,2023-05-12T08:22:19Z,28548,126230,1271,20,9,0.23472222222222222,109.0,-1.1840490797546013,2.0,0.5
43,IdyS8Rc1iVI,2023-05-12T08:22:19Z,28548,126432,1272,20,10,0.2361111111111111,202.0,-0.6134969325153374,1.0,0.0
