,id,date,duration,views,likes,category_id,hour,update_diff,views_diff,views_diff_scaled,likes_diff,likes_diff_scaled
1,uJ3DRId4qww,2023-05-13T08:30:01Z,33042,66603,538,20,1,0.2569444444444444,187.0,0.23255813953488372,0.0,0.0
2,uJ3DRId4qww,2023-05-13T08:30:01Z,33042,66793,540,20,2,0.25833333333333336,190.0,0.26744186046511625,2.0,2.0
3,uJ3DRId4qww,2023-05-13T08:30:01Z,33042,66983,540,20,3,0.25972222222222224,190.0,0.26744186046511625,0.0,0.0
4,uJ3DRId4qww,2023-05-13T08:30:01Z,33042,67152,541,20,4,0.2611111111111111,169.0,0.023255813953488372,1.0,1.0
5,uJ3DRId4qww,2023-05-13T08:30:01Z,33042,67299,541,20,5,0.2625,147.0,-0.23255813953488372,0.0,0.0
6,uJ3DRId4qww,2023-05-13T08:30:01Z,33042,67485,541,20,6,0.2638888888888889,186.0,0.22093023255813954,0.0,0.0
7,uJ3DRId4qww,2023-05-13T08:30:01Z,33042,67598,541,20,7,0.2652777777777778,113.0,-0.627906976744186,0.0,0.0
8,uJ3DRId4qww,2023-05-13T08:30:01Z,33042,67691,541,20,8,0.26666666666666666,93.0,-0.8604651162790697,0.0,0.0
9,uJ3DRId4qww,2023-05-13T08:30:01Z,33042,67745,540,20,9,0.26805555555555555,54.0,-1.313953488372093,-1.0,-1.0
10,uJ3DRId4qww,2023-05-13T08:30:01Z,33042,67820,540,20,10,0.26944444444444443,75.0,-1.069767441860465,0.0,0.0
11,uJ3DRId4qww,2023-05-13T08:30:01Z,33042,67905,540,20,11,0.2708333333333333,85.0,-0.9534883720930233,0.0,0.0
12,uJ3DRId4qww,2023-05-13T08:30:01Z,33042,68035,541,20,12,0.2722222222222222,130.0,-0.43023255813953487,1.0,1.0
13,uJ3DRId4qww,2023-05-13T08:30:01Z,33042,68207,541,20,13,0.27361111111111114,172.0,0.05813953488372093,0.0,0.0
14,uJ3DRId4qww,2023-05-13T08:30:01Z,33042,68410,544,20,14,0.275,203.0,0.4186046511627907,3.0,3.0
15,uJ3DRId4qww,2023-05-13T08:30:01Z,33042,68659,544,20,15,0.2763888888888889,249.0,0.9534883720930233,0.0,0.0
16,uJ3DRId4qww,2023-05-13T08:30:01Z,33042,68861,545,20,16,0.2777777777777778,202.0,0.4069767441860465,1.0,1.0
17,uJ3DRId4qww,2023-05-13T08:30:01Z,33042,69050,547,20,17,0.2791666666666667,189.0,0.2558139534883721,2.0,2.0
18,uJ3DRId4qww,2023-05-13T08:30:01Z,33042,69263,548,20,18,0.28055555555555556,213.0,0.5348837209302325,1.0,1.0
19,uJ3DRId4qww,2023-05-13T08:30:01Z,33042,69573,549,20,19,0.28194444444444444,310.0,1.6627906976744187,1.0,1.0
20,uJ3DRId4qww,2023-05-13T08:30:01Z,33042,69687,550,20,20,0.2833333333333333,114.0,-0.6162790697674418,1.0,1.0
21,uJ3DRId4qww,2023-05-13T08:30:01Z,33042,69978,551,20,21,0.2847222222222222,291.0,1.441860465116279,1.0,1.0
22,uJ3DRId4qww,2023-05-13T08:30:01Z,33042,70145,553,20,22,0.2861111111111111,167.0,0.0,2.0,2.0
23,uJ3DRId4qww,2023-05-13T08:30:01Z,33042,70400,553,20,23,0.2875,255.0,1.0232558139534884,0.0,0.0
24,uJ3DRId4qww,2023-05-13T08:30:01Z,33042,70596,555,20,0,0.28888888888888886,196.0,0.3372093023255814,2.0,2.0
25,uJ3DRId4qww,2023-05-13T08:30:01Z,33042,70834,557,20,1,0.2902777777777778,238.0,0.8255813953488372,2.0,2.0
26,uJ3DRId4qww,2023-05-13T08:30:01Z,33042,70983,558,20,2,0.2916666666666667,149.0,-0.20930232558139536,1.0,1.0
27,uJ3DRId4qww,2023-05-13T08:30:01Z,33042,71197,558,20,3,0.29305555555555557,214.0,0.5465116279069767,0.0,0.0
28,uJ3DRId4qww,2023-05-13T08:30:01Z,33042,71364,558,20,4,0.29444444444444445,167.0,0.0,0.0,0.0
29,uJ3DRId4qww,2023-05-13T08:30:01Z,33042,71537,558,20,5,0.29583333333333334,173.0,0.06976744186046512,0.0,0.0
30,uJ3DRId4qww,2023-05-13T08:30:01Z,33042,71644,558,20,6,0.2972222222222222,107.0,-0.6976744186046512,0.0,0.0
31,uJ3DRId4qww,2023-05-13T08:30:01Z,33042,71751,558,20,7,0.2986111111111111,107.0,-0.6976744186046512,0.0,0.0
32,uJ3DRId4qww,2023-05-13T08:30:01Z,33042,71817,558,20,8,0.3,66.0,-1.1744186046511629,0.0,0.0
33,uJ3DRId4qww,2023-05-13T08:30:01Z,33042,71861,558,20,9,0.3013888888888889,44.0,-1.430232558139535,0.0,0.0
34,uJ3DRId4qww,2023-05-13T08:30:01Z,33042,71943,558,20,10,0.30277777777777776,82.0,-0.9883720930232558,0.0,0.0
35,uJ3DRId4qww,2023-05-13T08:30:01Z,33042,72050,560,20,11,0.30416666666666664,107.0,-0.6976744186046512,2.0,2.0
36,uJ3DRId4qww,2023-05-13T08:30:01Z,33042,72142,561,20,12,0.3055555555555556,92.0,-0.872093023255814,1.0,1.0
37,uJ3DRId4qww,2023-05-13T08:30:01Z,33042,72253,561,20,13,0.30694444444444446,111.0,-0.6511627906976745,0.0,0.0
38,uJ3DRId4qww,2023-05-13T08:30:01Z,33042,72431,561,20,14,0.30833333333333335,178.0,0.12790697674418605,0.0,0.0
39,uJ3DRId4qww,2023-05-13T08:30:01Z,33042,72535,562,20,15,0.30972222222222223,104.0,-0.7325581395348837,1.0,1.0
