,id,date,duration,views,likes,category_id,hour,update_diff,views_diff,views_diff_scaled,likes_diff,likes_diff_scaled
1,ibOKDFO9sCE,2023-05-16T22:22:27Z,25974,23702,232,20,1,0.1375,110.0,1.0526315789473684,2.0,2.0
2,ibOKDFO9sCE,2023-05-16T22:22:27Z,25974,23767,233,20,2,0.1388888888888889,65.0,-0.13157894736842105,1.0,1.0
3,ibOKDFO9sCE,2023-05-16T22:22:27Z,25974,23845,234,20,3,0.14027777777777778,78.0,0.21052631578947367,1.0,1.0
4,ibOKDFO9sCE,2023-05-16T22:22:27Z,25974,23933,234,20,4,0.14166666666666666,88.0,0.47368421052631576,0.0,0.0
5,ibOKDFO9sCE,2023-05-16T22:22:27Z,25974,24017,235,20,5,0.14305555555555555,84.0,0.3684210526315789,1.0,1.0
6,ibOKDFO9sCE,2023-05-16T22:22:27Z,25974,24113,235,20,6,0.14444444444444443,96.0,0.6842105263157895,0.0,0.0
7,ibOKDFO9sCE,2023-05-16T22:22:27Z,25974,24173,235,20,7,0.14583333333333334,60.0,-0.2631578947368421,0.0,0.0
8,ibOKDFO9sCE,2023-05-16T22:22:27Z,25974,24216,236,20,8,0.14722222222222223,43.0,-0.7105263157894737,1.0,1.0
9,ibOKDFO9sCE,2023-05-16T22:22:27Z,25974,24242,236,20,9,0.1486111111111111,26.0,-1.1578947368421053,0.0,0.0
10,ibOKDFO9sCE,2023-05-16T22:22:27Z,25974,24280,238,20,10,0.15,38.0,-0.8421052631578947,2.0,2.0
11,ibOKDFO9sCE,2023-05-16T22:22:27Z,25974,24325,240,20,11,0.15138888888888888,45.0,-0.6578947368421053,2.0,2.0
12,ibOKDFO9sCE,2023-05-16T22:22:27Z,25974,24378,240,20,12,0.1527777777777778,53.0,-0.4473684210526316,0.0,0.0
13,ibOKDFO9sCE,2023-05-16T22:22:27Z,25974,24461,241,20,13,0.15416666666666667,83.0,0.34210526315789475,1.0,1.0
14,ibOKDFO9sCE,2023-05-16T22:22:27Z,25974,24544,241,20,14,0.15555555555555556,83.0,0.34210526315789475,0.0,0.0
15,ibOKDFO9sCE,2023-05-16T22:22:27Z,25974,24674,241,20,15,0.15694444444444444,130.0,1.5789473684210527,0.0,0.0
16,ibOKDFO9sCE,2023-05-16T22:22:27Z,25974,24764,242,20,16,0.15833333333333333,90.0,0.5263157894736842,1.0,1.0
17,ibOKDFO9sCE,2023-05-16T22:22:27Z,25974,24849,243,20,17,0.1597222222222222,85.0,0.39473684210526316,1.0,1.0
18,ibOKDFO9sCE,2023-05-16T22:22:27Z,25974,24962,243,20,18,0.16111111111111112,113.0,1.131578947368421,0.0,0.0
19,ibOKDFO9sCE,2023-05-16T22:22:27Z,25974,25091,243,20,19,0.1625,129.0,1.5526315789473684,0.0,0.0
20,ibOKDFO9sCE,2023-05-16T22:22:27Z,25974,25140,243,20,20,0.1638888888888889,49.0,-0.5526315789473685,0.0,0.0
21,ibOKDFO9sCE,2023-05-16T22:22:27Z,25974,25252,243,20,21,0.16527777777777777,112.0,1.105263157894737,0.0,0.0
22,ibOKDFO9sCE,2023-05-16T22:22:27Z,25974,25300,243,20,22,0.16666666666666666,48.0,-0.5789473684210527,0.0,0.0
23,ibOKDFO9sCE,2023-05-16T22:22:27Z,25974,25387,243,20,23,0.16805555555555557,87.0,0.4473684210526316,0.0,0.0
24,ibOKDFO9sCE,2023-05-16T22:22:27Z,25974,25453,243,20,0,0.16944444444444445,66.0,-0.10526315789473684,0.0,0.0
25,ibOKDFO9sCE,2023-05-16T22:22:27Z,25974,25546,243,20,1,0.17083333333333334,93.0,0.6052631578947368,0.0,0.0
26,ibOKDFO9sCE,2023-05-16T22:22:27Z,25974,25629,243,20,2,0.17222222222222222,83.0,0.34210526315789475,0.0,0.0
27,ibOKDFO9sCE,2023-05-16T22:22:27Z,25974,25709,243,20,3,0.1736111111111111,80.0,0.2631578947368421,0.0,0.0
28,ibOKDFO9sCE,2023-05-16T22:22:27Z,25974,25781,245,20,4,0.175,72.0,0.05263157894736842,2.0,2.0
29,ibOKDFO9sCE,2023-05-16T22:22:27Z,25974,25849,245,20,5,0.1763888888888889,68.0,-0.05263157894736842,0.0,0.0
30,ibOKDFO9sCE,2023-05-16T22:22:27Z,25974,25906,246,20,6,0.17777777777777778,57.0,-0.34210526315789475,1.0,1.0
31,ibOKDFO9sCE,2023-05-16T22:22:27Z,25974,25976,246,20,7,0.17916666666666667,70.0,0.0,0.0,0.0
32,ibOKDFO9sCE,2023-05-16T22:22:27Z,25974,26005,246,20,8,0.18055555555555555,29.0,-1.0789473684210527,0.0,0.0
33,ibOKDFO9sCE,2023-05-16T22:22:27Z,25974,26028,246,20,9,0.18194444444444444,23.0,-1.236842105263158,0.0,0.0
34,ibOKDFO9sCE,2023-05-16T22:22:27Z,25974,26076,247,20,10,0.18333333333333332,48.0,-0.5789473684210527,1.0,1.0
35,ibOKDFO9sCE,2023-05-16T22:22:27Z,25974,26113,247,20,11,0.18472222222222223,37.0,-0.868421052631579,0.0,0.0
36,ibOKDFO9sCE,2023-05-16T22:22:27Z,25974,26161,249,20,12,0.18611111111111112,48.0,-0.5789473684210527,2.0,2.0
37,ibOKDFO9sCE,2023-05-16T22:22:27Z,25974,26211,249,20,13,0.1875,50.0,-0.5263157894736842,0.0,0.0
38,ibOKDFO9sCE,2023-05-16T22:22:27Z,25974,26283,249,20,14,0.18888888888888888,72.0,0.05263157894736842,0.0,0.0
39,ibOKDFO9sCE,2023-05-16T22:22:27Z,25974,26328,250,20,15,0.19027777777777777,45.0,-0.6578947368421053,1.0,1.0
