,id,date,duration,views,likes,category_id,hour,update_diff,views_diff,views_diff_scaled,likes_diff,likes_diff_scaled
1,F7GHz5G5akk,2023-05-14T22:43:24Z,25335,23478,249,20,16,0.09027777777777778,109.0,0.28865979381443296,0.0,0.0
2,F7GHz5G5akk,2023-05-14T22:43:24Z,25335,23561,249,20,17,0.09166666666666666,83.0,-0.24742268041237114,0.0,0.0
3,F7GHz5G5akk,2023-05-14T22:43:24Z,25335,23704,251,20,18,0.09305555555555556,143.0,0.9896907216494846,2.0,2.0
4,F7GHz5G5akk,2023-05-14T22:43:24Z,25335,23861,253,20,19,0.09444444444444444,157.0,1.2783505154639174,2.0,2.0
5,F7GHz5G5akk,2023-05-14T22:43:24Z,25335,23956,254,20,20,0.09583333333333334,95.0,0.0,1.0,1.0
6,F7GHz5G5akk,2023-05-14T22:43:24Z,25335,24105,254,20,21,0.09722222222222222,149.0,1.1134020618556701,0.0,0.0
7,F7GHz5G5akk,2023-05-14T22:43:24Z,25335,24246,255,20,22,0.09861111111111111,141.0,0.9484536082474226,1.0,1.0
8,F7GHz5G5akk,2023-05-14T22:43:24Z,25335,24399,256,20,23,0.1,153.0,1.1958762886597938,1.0,1.0
9,F7GHz5G5akk,2023-05-14T22:43:24Z,25335,24517,256,20,0,0.10138888888888889,118.0,0.4742268041237113,0.0,0.0
10,F7GHz5G5akk,2023-05-14T22:43:24Z,25335,24629,257,20,1,0.10277777777777777,112.0,0.35051546391752575,1.0,1.0
11,F7GHz5G5akk,2023-05-14T22:43:24Z,25335,24744,260,20,2,0.10416666666666667,115.0,0.41237113402061853,3.0,3.0
12,F7GHz5G5akk,2023-05-14T22:43:24Z,25335,24903,260,20,3,0.10555555555555556,159.0,1.3195876288659794,0.0,0.0
13,F7GHz5G5akk,2023-05-14T22:43:24Z,25335,25016,260,20,4,0.10694444444444444,113.0,0.3711340206185567,0.0,0.0
14,F7GHz5G5akk,2023-05-14T22:43:24Z,25335,25126,261,20,5,0.10833333333333334,110.0,0.30927835051546393,1.0,1.0
15,F7GHz5G5akk,2023-05-14T22:43:24Z,25335,25177,261,20,6,0.10972222222222222,51.0,-0.9072164948453608,0.0,0.0
16,F7GHz5G5akk,2023-05-14T22:43:24Z,25335,25217,261,20,7,0.1111111111111111,40.0,-1.134020618556701,0.0,0.0
17,F7GHz5G5akk,2023-05-14T22:43:24Z,25335,25242,261,20,8,0.1125,25.0,-1.443298969072165,0.0,0.0
18,F7GHz5G5akk,2023-05-14T22:43:24Z,25335,25298,261,20,9,0.11388888888888889,56.0,-0.8041237113402062,0.0,0.0
19,F7GHz5G5akk,2023-05-14T22:43:24Z,25335,25380,261,20,10,0.11527777777777778,82.0,-0.26804123711340205,0.0,0.0
20,F7GHz5G5akk,2023-05-14T22:43:24Z,25335,25459,262,20,11,0.11666666666666667,79.0,-0.32989690721649484,1.0,1.0
21,F7GHz5G5akk,2023-05-14T22:43:24Z,25335,25532,263,20,12,0.11805555555555555,73.0,-0.4536082474226804,1.0,1.0
22,F7GHz5G5akk,2023-05-14T22:43:24Z,25335,25559,264,20,13,0.11944444444444445,27.0,-1.402061855670103,1.0,1.0
23,F7GHz5G5akk,2023-05-14T22:43:24Z,25335,25662,264,20,14,0.12083333333333333,103.0,0.16494845360824742,0.0,0.0
24,F7GHz5G5akk,2023-05-14T22:43:24Z,25335,25749,264,20,15,0.12222222222222222,87.0,-0.16494845360824742,0.0,0.0
25,F7GHz5G5akk,2023-05-14T22:43:24Z,25335,25861,265,20,16,0.12361111111111112,112.0,0.35051546391752575,1.0,1.0
26,F7GHz5G5akk,2023-05-14T22:43:24Z,25335,25925,265,20,17,0.125,64.0,-0.6391752577319587,0.0,0.0
27,F7GHz5G5akk,2023-05-14T22:43:24Z,25335,26039,266,20,18,0.12638888888888888,114.0,0.3917525773195876,1.0,1.0
28,F7GHz5G5akk,2023-05-14T22:43:24Z,25335,26133,266,20,19,0.12777777777777777,94.0,-0.020618556701030927,0.0,0.0
29,F7GHz5G5akk,2023-05-14T22:43:24Z,25335,26268,266,20,20,0.12916666666666668,135.0,0.8247422680412371,0.0,0.0
30,F7GHz5G5akk,2023-05-14T22:43:24Z,25335,26357,267,20,21,0.13055555555555556,89.0,-0.12371134020618557,1.0,1.0
31,F7GHz5G5akk,2023-05-14T22:43:24Z,25335,26425,269,20,22,0.13194444444444445,68.0,-0.5567010309278351,2.0,2.0
32,F7GHz5G5akk,2023-05-14T22:43:24Z,25335,26530,270,20,23,0.13333333333333333,105.0,0.20618556701030927,1.0,1.0
33,F7GHz5G5akk,2023-05-14T22:43:24Z,25335,26632,271,20,0,0.13472222222222222,102.0,0.14432989690721648,1.0,1.0
34,F7GHz5G5akk,2023-05-14T22:43:24Z,25335,26728,271,20,1,0.1361111111111111,96.0,0.020618556701030927,0.0,0.0
35,F7GHz5G5akk,2023-05-14T22:43:24Z,25335,26815,273,20,2,0.1375,87.0,-0.16494845360824742,2.0,2.0
36,F7GHz5G5akk,2023-05-14T22:43:24Z,25335,26932,273,20,3,0.1388888888888889,117.0,0.4536082474226804,0.0,0.0
37,F7GHz5G5akk,2023-05-14T22:43:24Z,25335,26998,273,20,4,0.14027777777777778,66.0,-0.5979381443298969,0.0,0.0
38,F7GHz5G5akk,2023-05-14T22:43:24Z,25335,27108,273,20,5,0.14166666666666666,110.0,0.30927835051546393,0.0,0.0
39,F7GHz5G5akk,2023-05-14T22:43:24Z,25335,27161,273,20,6,0.14305555555555555,53.0,-0.865979381443299,0.0,0.0
40,F7GHz5G5akk,2023-05-14T22:43:24Z,25335,27214,273,20,7,0.14444444444444443,53.0,-0.865979381443299,0.0,0.0
41,F7GHz5G5akk,2023-05-14T22:43:24Z,25335,27236,273,20,8,0.14583333333333334,22.0,-1.5051546391752577,0.0,0.0
42,F7GHz5G5akk,2023-05-14T22:43:24Z,25335,27285,273,20,9,0.14722222222222223,49.0,-0.9484536082474226,0.0,0.0
43,F7GHz5G5akk,2023-05-14T22:43:24Z,25335,27342,274,20,10,0.1486111111111111,57.0,-0.7835051546391752,1.0,1.0
