,id,date,duration,views,likes,category_id,hour,update_diff,views_diff,views_diff_scaled,likes_diff,likes_diff_scaled
1,ddGvOEdBF44,2023-04-23T09:39:29Z,719,432955,15359,19,1,0.9208333333333333,55.0,0.8135593220338984,2.0,2.0
2,ddGvOEdBF44,2023-04-23T09:39:29Z,719,432992,15359,19,2,0.9222222222222223,37.0,0.2033898305084746,0.0,0.0
3,ddGvOEdBF44,2023-04-23T09:39:29Z,719,433041,15359,19,3,0.9236111111111112,49.0,0.6101694915254238,0.0,0.0
4,ddGvOEdBF44,2023-04-23T09:39:29Z,719,433080,15359,19,4,0.925,39.0,0.2711864406779661,0.0,0.0
5,ddGvOEdBF44,2023-04-23T09:39:29Z,719,433108,15359,19,5,0.9263888888888889,28.0,-0.1016949152542373,0.0,0.0
6,ddGvOEdBF44,2023-04-23T09:39:29Z,719,433137,15359,19,6,0.9277777777777778,29.0,-0.06779661016949153,0.0,0.0
7,ddGvOEdBF44,2023-04-23T09:39:29Z,719,433156,15359,19,7,0.9291666666666667,19.0,-0.4067796610169492,0.0,0.0
8,ddGvOEdBF44,2023-04-23T09:39:29Z,719,433171,15359,19,8,0.9305555555555556,15.0,-0.5423728813559322,0.0,0.0
9,ddGvOEdBF44,2023-04-23T09:39:29Z,719,433187,15359,19,9,0.9319444444444445,16.0,-0.5084745762711864,0.0,0.0
10,ddGvOEdBF44,2023-04-23T09:39:29Z,719,433203,15364,19,10,0.9333333333333333,16.0,-0.5084745762711864,5.0,5.0
11,ddGvOEdBF44,2023-04-23T09:39:29Z,719,433228,15364,19,11,0.9347222222222222,25.0,-0.2033898305084746,0.0,0.0
12,ddGvOEdBF44,2023-04-23T09:39:29Z,719,433259,15365,19,12,0.9361111111111111,31.0,0.0,1.0,1.0
13,ddGvOEdBF44,2023-04-23T09:39:29Z,719,433288,15365,19,13,0.9375,29.0,-0.06779661016949153,0.0,0.0
14,ddGvOEdBF44,2023-04-23T09:39:29Z,719,433314,15365,19,14,0.9388888888888889,26.0,-0.1694915254237288,0.0,0.0
15,ddGvOEdBF44,2023-04-23T09:39:29Z,719,433364,15365,19,15,0.9402777777777778,50.0,0.6440677966101694,0.0,0.0
16,ddGvOEdBF44,2023-04-23T09:39:29Z,719,433400,15365,19,16,0.9416666666666667,36.0,0.1694915254237288,0.0,0.0
17,ddGvOEdBF44,2023-04-23T09:39:29Z,719,433443,15367,19,17,0.9430555555555555,43.0,0.4067796610169492,2.0,2.0
18,ddGvOEdBF44,2023-04-23T09:39:29Z,719,433490,15368,19,18,0.9444444444444444,47.0,0.5423728813559322,1.0,1.0
19,ddGvOEdBF44,2023-04-23T09:39:29Z,719,433544,15370,19,19,0.9458333333333333,54.0,0.7796610169491526,2.0,2.0
20,ddGvOEdBF44,2023-04-23T09:39:29Z,719,433570,15372,19,20,0.9472222222222222,26.0,-0.1694915254237288,2.0,2.0
21,ddGvOEdBF44,2023-04-23T09:39:29Z,719,433628,15374,19,21,0.9486111111111111,58.0,0.9152542372881356,2.0,2.0
22,ddGvOEdBF44,2023-04-23T09:39:29Z,719,433674,15375,19,22,0.95,46.0,0.5084745762711864,1.0,1.0
23,ddGvOEdBF44,2023-04-23T09:39:29Z,719,433744,15377,19,23,0.9513888888888888,70.0,1.3220338983050848,2.0,2.0
24,ddGvOEdBF44,2023-04-23T09:39:29Z,719,433803,15377,19,0,0.9527777777777777,59.0,0.9491525423728814,0.0,0.0
25,ddGvOEdBF44,2023-04-23T09:39:29Z,719,433871,15378,19,1,0.9541666666666667,68.0,1.2542372881355932,1.0,1.0
26,ddGvOEdBF44,2023-04-23T09:39:29Z,719,433924,15378,19,2,0.9555555555555556,53.0,0.7457627118644068,0.0,0.0
27,ddGvOEdBF44,2023-04-23T09:39:29Z,719,433983,15379,19,3,0.9569444444444445,59.0,0.9491525423728814,1.0,1.0
28,ddGvOEdBF44,2023-04-23T09:39:29Z,719,434026,15380,19,4,0.9583333333333334,43.0,0.4067796610169492,1.0,1.0
29,ddGvOEdBF44,2023-04-23T09:39:29Z,719,434060,15380,19,5,0.9597222222222223,34.0,0.1016949152542373,0.0,0.0
30,ddGvOEdBF44,2023-04-23T09:39:29Z,719,434076,15380,19,6,0.9611111111111111,16.0,-0.5084745762711864,0.0,0.0
31,ddGvOEdBF44,2023-04-23T09:39:29Z,719,434090,15380,19,7,0.9625,14.0,-0.576271186440678,0.0,0.0
32,ddGvOEdBF44,2023-04-23T09:39:29Z,719,434095,15380,19,8,0.9638888888888889,5.0,-0.8813559322033898,0.0,0.0
33,ddGvOEdBF44,2023-04-23T09:39:29Z,719,434102,15380,19,9,0.9652777777777778,7.0,-0.8135593220338984,0.0,0.0
34,ddGvOEdBF44,2023-04-23T09:39:29Z,719,434118,15383,19,10,0.9666666666666667,16.0,-0.5084745762711864,3.0,3.0
35,ddGvOEdBF44,2023-04-23T09:39:29Z,719,434141,15383,19,11,0.9680555555555556,23.0,-0.2711864406779661,0.0,0.0
36,ddGvOEdBF44,2023-04-23T09:39:29Z,719,434159,15382,19,12,0.9694444444444444,18.0,-0.4406779661016949,-1.0,-1.0
37,ddGvOEdBF44,2023-04-23T09:39:29Z,719,434184,15382,19,13,0.9708333333333333,25.0,-0.2033898305084746,0.0,0.0
38,ddGvOEdBF44,2023-04-23T09:39:29Z,719,434227,15383,19,14,0.9736111111111111,43.0,0.4067796610169492,1.0,1.0
39,ddGvOEdBF44,2023-04-23T09:39:29Z,719,434242,15383,19,15,0.9736111111111111,15.0,-0.5423728813559322,0.0,0.0
