,id,date,duration,views,likes,category_id,hour,update_diff,views_diff,views_diff_scaled,likes_diff,likes_diff_scaled
1,-CJa1On8gh4,2023-05-13T11:00:00Z,1014,276145,12477,20,14,0.20416666666666666,366.0,-0.13157894736842105,7.0,-0.25
2,-CJa1On8gh4,2023-05-13T11:00:00Z,1014,276433,12482,20,15,0.20555555555555555,288.0,-0.47368421052631576,5.0,-0.75
3,-CJa1On8gh4,2023-05-13T11:00:00Z,1014,276936,12485,20,16,0.20694444444444443,503.0,0.4692982456140351,3.0,-1.25
4,-CJa1On8gh4,2023-05-13T11:00:00Z,1014,277245,12498,20,17,0.20833333333333334,309.0,-0.3815789473684211,13.0,1.25
5,-CJa1On8gh4,2023-05-13T11:00:00Z,1014,277727,12512,20,18,0.20972222222222223,482.0,0.37719298245614036,14.0,1.5
6,-CJa1On8gh4,2023-05-13T11:00:00Z,1014,278042,12519,20,19,0.2111111111111111,315.0,-0.35526315789473684,7.0,-0.25
7,-CJa1On8gh4,2023-05-13T11:00:00Z,1014,278603,12532,20,20,0.2125,561.0,0.7236842105263158,13.0,1.25
8,-CJa1On8gh4,2023-05-13T11:00:00Z,1014,279122,12546,20,21,0.21388888888888888,519.0,0.5394736842105263,14.0,1.5
9,-CJa1On8gh4,2023-05-13T11:00:00Z,1014,279508,12549,20,22,0.2152777777777778,386.0,-0.043859649122807015,3.0,-1.25
10,-CJa1On8gh4,2023-05-13T11:00:00Z,1014,280113,12563,20,23,0.21666666666666667,605.0,0.9166666666666666,14.0,1.5
11,-CJa1On8gh4,2023-05-13T11:00:00Z,1014,280578,12571,20,0,0.21805555555555556,465.0,0.3026315789473684,8.0,0.0
12,-CJa1On8gh4,2023-05-13T11:00:00Z,1014,281136,12582,20,1,0.21944444444444444,558.0,0.7105263157894737,11.0,0.75
13,-CJa1On8gh4,2023-05-13T11:00:00Z,1014,281497,12587,20,2,0.22083333333333333,361.0,-0.15350877192982457,5.0,-0.75
14,-CJa1On8gh4,2023-05-13T11:00:00Z,1014,282073,12593,20,3,0.2222222222222222,576.0,0.7894736842105263,6.0,-0.5
15,-CJa1On8gh4,2023-05-13T11:00:00Z,1014,282435,12599,20,4,0.22361111111111112,362.0,-0.14912280701754385,6.0,-0.5
16,-CJa1On8gh4,2023-05-13T11:00:00Z,1014,282911,12605,20,5,0.225,476.0,0.3508771929824561,6.0,-0.5
17,-CJa1On8gh4,2023-05-13T11:00:00Z,1014,283240,12607,20,6,0.2263888888888889,329.0,-0.29385964912280704,2.0,-1.5
18,-CJa1On8gh4,2023-05-13T11:00:00Z,1014,283550,12610,20,7,0.22777777777777777,310.0,-0.37719298245614036,3.0,-1.25
19,-CJa1On8gh4,2023-05-13T11:00:00Z,1014,283739,12616,20,8,0.22916666666666666,189.0,-0.9078947368421053,6.0,-0.5
20,-CJa1On8gh4,2023-05-13T11:00:00Z,1014,283872,12623,20,9,0.23055555555555557,133.0,-1.1535087719298245,7.0,-0.25
21,-CJa1On8gh4,2023-05-13T11:00:00Z,1014,284067,12639,20,10,0.23194444444444445,195.0,-0.881578947368421,16.0,2.0
22,-CJa1On8gh4,2023-05-13T11:00:00Z,1014,284330,12649,20,11,0.23333333333333334,263.0,-0.5833333333333334,10.0,0.5
23,-CJa1On8gh4,2023-05-13T11:00:00Z,1014,284816,12659,20,12,0.23472222222222222,486.0,0.39473684210526316,10.0,0.5
24,-CJa1On8gh4,2023-05-13T11:00:00Z,1014,285358,12669,20,13,0.2361111111111111,542.0,0.6403508771929824,10.0,0.5
25,-CJa1On8gh4,2023-05-13T11:00:00Z,1014,285895,12684,20,14,0.2375,537.0,0.618421052631579,15.0,1.75
26,-CJa1On8gh4,2023-05-13T11:00:00Z,1014,286188,12694,20,15,0.2388888888888889,293.0,-0.4517543859649123,10.0,0.5
27,-CJa1On8gh4,2023-05-13T11:00:00Z,1014,286827,12704,20,16,0.24027777777777778,639.0,1.0657894736842106,10.0,0.5
28,-CJa1On8gh4,2023-05-13T11:00:00Z,1014,287366,12713,20,17,0.24166666666666667,539.0,0.6271929824561403,9.0,0.25
29,-CJa1On8gh4,2023-05-13T11:00:00Z,1014,287762,12722,20,18,0.24305555555555555,396.0,0.0,9.0,0.25
30,-CJa1On8gh4,2023-05-13T11:00:00Z,1014,288312,12730,20,19,0.24444444444444444,550.0,0.6754385964912281,8.0,0.0
31,-CJa1On8gh4,2023-05-13T11:00:00Z,1014,288515,12731,20,20,0.24583333333333332,203.0,-0.8464912280701754,1.0,-1.75
32,-CJa1On8gh4,2023-05-13T11:00:00Z,1014,289033,12737,20,21,0.24722222222222223,518.0,0.5350877192982456,6.0,-0.5
33,-CJa1On8gh4,2023-05-13T11:00:00Z,1014,289271,12742,20,22,0.24861111111111112,238.0,-0.6929824561403509,5.0,-0.75
