,id,date,duration,views,likes,category_id,hour,update_diff,views_diff,views_diff_scaled,likes_diff,likes_diff_scaled
1,-CJa1On8gh4,2023-05-13T11:00:00Z,1014,290246,12758,20,1,0.25277777777777777,380.0,0.5105263157894737,5.0,0.2222222222222222
2,-CJa1On8gh4,2023-05-13T11:00:00Z,1014,290532,12762,20,2,0.25416666666666665,286.0,0.015789473684210527,4.0,0.0
3,-CJa1On8gh4,2023-05-13T11:00:00Z,1014,290864,12767,20,3,0.25555555555555554,332.0,0.2578947368421053,5.0,0.2222222222222222
4,-CJa1On8gh4,2023-05-13T11:00:00Z,1014,291190,12770,20,4,0.2569444444444444,326.0,0.22631578947368422,3.0,-0.2222222222222222
5,-CJa1On8gh4,2023-05-13T11:00:00Z,1014,291581,12774,20,5,0.25833333333333336,391.0,0.5684210526315789,4.0,0.0
6,-CJa1On8gh4,2023-05-13T11:00:00Z,1014,291924,12774,20,6,0.25972222222222224,343.0,0.3157894736842105,0.0,-0.8888888888888888
7,-CJa1On8gh4,2023-05-13T11:00:00Z,1014,292134,12778,20,7,0.2611111111111111,210.0,-0.38421052631578945,4.0,0.0
8,-CJa1On8gh4,2023-05-13T11:00:00Z,1014,292288,12778,20,8,0.2625,154.0,-0.6789473684210526,0.0,-0.8888888888888888
9,-CJa1On8gh4,2023-05-13T11:00:00Z,1014,292366,12782,20,9,0.2638888888888889,78.0,-1.0789473684210527,4.0,0.0
10,-CJa1On8gh4,2023-05-13T11:00:00Z,1014,292370,12784,20,10,0.2652777777777778,4.0,-1.4684210526315788,2.0,-0.4444444444444444
11,-CJa1On8gh4,2023-05-13T11:00:00Z,1014,292534,12792,20,11,0.26666666666666666,164.0,-0.6263157894736842,8.0,0.8888888888888888
12,-CJa1On8gh4,2023-05-13T11:00:00Z,1014,292637,12799,20,12,0.26805555555555555,103.0,-0.9473684210526315,7.0,0.6666666666666666
13,-CJa1On8gh4,2023-05-13T11:00:00Z,1014,292947,12815,20,13,0.26944444444444443,310.0,0.14210526315789473,16.0,2.6666666666666665
14,-CJa1On8gh4,2023-05-13T11:00:00Z,1014,293282,12829,20,14,0.2708333333333333,335.0,0.2736842105263158,14.0,2.2222222222222223
15,-CJa1On8gh4,2023-05-13T11:00:00Z,1014,293696,12841,20,15,0.2722222222222222,414.0,0.6894736842105263,12.0,1.7777777777777777
16,-CJa1On8gh4,2023-05-13T11:00:00Z,1014,294004,12847,20,16,0.27361111111111114,308.0,0.13157894736842105,6.0,0.4444444444444444
17,-CJa1On8gh4,2023-05-13T11:00:00Z,1014,294317,12859,20,17,0.275,313.0,0.15789473684210525,12.0,1.7777777777777777
18,-CJa1On8gh4,2023-05-13T11:00:00Z,1014,294784,12870,20,18,0.2763888888888889,467.0,0.968421052631579,11.0,1.5555555555555556
19,-CJa1On8gh4,2023-05-13T11:00:00Z,1014,295360,12874,20,19,0.2777777777777778,576.0,1.5421052631578946,4.0,0.0
20,-CJa1On8gh4,2023-05-13T11:00:00Z,1014,295629,12882,20,20,0.2791666666666667,269.0,-0.07368421052631578,8.0,0.8888888888888888
21,-CJa1On8gh4,2023-05-13T11:00:00Z,1014,296301,12887,20,21,0.28055555555555556,672.0,2.0473684210526315,5.0,0.2222222222222222
22,-CJa1On8gh4,2023-05-13T11:00:00Z,1014,296595,12894,20,22,0.28194444444444444,294.0,0.05789473684210526,7.0,0.6666666666666666
23,-CJa1On8gh4,2023-05-13T11:00:00Z,1014,297030,12897,20,23,0.2833333333333333,435.0,0.8,3.0,-0.2222222222222222
24,-CJa1On8gh4,2023-05-13T11:00:00Z,1014,297319,12904,20,0,0.2847222222222222,289.0,0.031578947368421054,7.0,0.6666666666666666
25,-CJa1On8gh4,2023-05-13T11:00:00Z,1014,297693,12909,20,1,0.2861111111111111,374.0,0.4789473684210526,5.0,0.2222222222222222
26,-CJa1On8gh4,2023-05-13T11:00:00Z,1014,297961,12912,20,2,0.2875,268.0,-0.07894736842105263,3.0,-0.2222222222222222
27,-CJa1On8gh4,2023-05-13T11:00:00Z,1014,298314,12918,20,3,0.28888888888888886,353.0,0.3684210526315789,6.0,0.4444444444444444
28,-CJa1On8gh4,2023-05-13T11:00:00Z,1014,298560,12921,20,4,0.2902777777777778,246.0,-0.19473684210526315,3.0,-0.2222222222222222
29,-CJa1On8gh4,2023-05-13T11:00:00Z,1014,298843,12922,20,5,0.2916666666666667,283.0,0.0,1.0,-0.6666666666666666
30,-CJa1On8gh4,2023-05-13T11:00:00Z,1014,298987,12923,20,6,0.29305555555555557,144.0,-0.7315789473684211,1.0,-0.6666666666666666
31,-CJa1On8gh4,2023-05-13T11:00:00Z,1014,299113,12925,20,7,0.29444444444444445,126.0,-0.8263157894736842,2.0,-0.4444444444444444
32,-CJa1On8gh4,2023-05-13T11:00:00Z,1014,299113,12928,20,8,0.29583333333333334,0.0,-1.4894736842105263,3.0,-0.2222222222222222
33,-CJa1On8gh4,2023-05-13T11:00:00Z,1014,299113,12930,20,9,0.2972222222222222,0.0,-1.4894736842105263,2.0,-0.4444444444444444
34,-CJa1On8gh4,2023-05-13T11:00:00Z,1014,299202,12930,20,10,0.2986111111111111,89.0,-1.0210526315789474,0.0,-0.8888888888888888
35,-CJa1On8gh4,2023-05-13T11:00:00Z,1014,299390,12932,20,11,0.3,188.0,-0.5,2.0,-0.4444444444444444
36,-CJa1On8gh4,2023-05-13T11:00:00Z,1014,299477,12933,20,12,0.3013888888888889,87.0,-1.0315789473684212,1.0,-0.6666666666666666
37,-CJa1On8gh4,2023-05-13T11:00:00Z,1014,299692,12934,20,13,0.30277777777777776,215.0,-0.35789473684210527,1.0,-0.6666666666666666
38,-CJa1On8gh4,2023-05-13T11:00:00Z,1014,299910,12938,20,14,0.30416666666666664,218.0,-0.34210526315789475,4.0,0.0
39,-CJa1On8gh4,2023-05-13T11:00:00Z,1014,300004,12940,20,15,0.3055555555555556,94.0,-0.9947368421052631,2.0,-0.4444444444444444
