,id,date,duration,views,likes,category_id,hour,update_diff,views_diff,views_diff_scaled,likes_diff,likes_diff_scaled
1,JlVAf1UzzuI,2023-05-16T16:29:49Z,503,26370,1774,20,18,26,944.0,4.649122807017544,56.0,6.25
2,JlVAf1UzzuI,2023-05-16T16:29:49Z,503,27144,1825,20,19,27,774.0,3.654970760233918,51.0,5.625
3,JlVAf1UzzuI,2023-05-16T16:29:49Z,503,27840,1861,20,20,28,696.0,3.198830409356725,36.0,3.75
4,JlVAf1UzzuI,2023-05-16T16:29:49Z,503,28678,1883,20,21,29,838.0,4.029239766081871,22.0,2.0
5,JlVAf1UzzuI,2023-05-16T16:29:49Z,503,29323,1902,20,22,30,645.0,2.9005847953216373,19.0,1.625
6,JlVAf1UzzuI,2023-05-16T16:29:49Z,503,29849,1921,20,23,31,526.0,2.2046783625730995,19.0,1.625
7,JlVAf1UzzuI,2023-05-16T16:29:49Z,503,30322,1939,20,0,32,473.0,1.894736842105263,18.0,1.5
8,JlVAf1UzzuI,2023-05-16T16:29:49Z,503,30623,1958,20,1,33,301.0,0.8888888888888888,19.0,1.625
9,JlVAf1UzzuI,2023-05-16T16:29:49Z,503,31009,1966,20,2,34,386.0,1.3859649122807018,8.0,0.25
10,JlVAf1UzzuI,2023-05-16T16:29:49Z,503,31415,1974,20,3,35,406.0,1.5029239766081872,8.0,0.25
11,JlVAf1UzzuI,2023-05-16T16:29:49Z,503,31684,1976,20,4,36,269.0,0.7017543859649122,2.0,-0.5
12,JlVAf1UzzuI,2023-05-16T16:29:49Z,503,31930,1979,20,5,37,246.0,0.5672514619883041,3.0,-0.375
13,JlVAf1UzzuI,2023-05-16T16:29:49Z,503,32039,1980,20,6,38,109.0,-0.23391812865497075,1.0,-0.625
14,JlVAf1UzzuI,2023-05-16T16:29:49Z,503,32110,1985,20,7,39,71.0,-0.45614035087719296,5.0,-0.125
15,JlVAf1UzzuI,2023-05-16T16:29:49Z,503,32147,1993,20,8,40,37.0,-0.6549707602339181,8.0,0.25
16,JlVAf1UzzuI,2023-05-16T16:29:49Z,503,32222,1998,20,9,41,75.0,-0.4327485380116959,5.0,-0.125
17,JlVAf1UzzuI,2023-05-16T16:29:49Z,503,32340,2003,20,10,42,118.0,-0.18128654970760233,5.0,-0.125
18,JlVAf1UzzuI,2023-05-16T16:29:49Z,503,32428,2007,20,11,43,88.0,-0.3567251461988304,4.0,-0.25
19,JlVAf1UzzuI,2023-05-16T16:29:49Z,503,32506,2012,20,12,44,78.0,-0.4152046783625731,5.0,-0.125
20,JlVAf1UzzuI,2023-05-16T16:29:49Z,503,32568,2019,20,13,45,62.0,-0.5087719298245614,7.0,0.125
21,JlVAf1UzzuI,2023-05-16T16:29:49Z,503,32730,2031,20,14,46,162.0,0.07602339181286549,12.0,0.75
22,JlVAf1UzzuI,2023-05-16T16:29:49Z,503,32836,2036,20,15,47,106.0,-0.25146198830409355,5.0,-0.125
23,JlVAf1UzzuI,2023-05-16T16:29:49Z,503,32995,2046,20,16,48,159.0,0.05847953216374269,10.0,0.5
24,JlVAf1UzzuI,2023-05-16T16:29:49Z,503,33110,2051,20,17,49,115.0,-0.19883040935672514,5.0,-0.125
25,JlVAf1UzzuI,2023-05-16T16:29:49Z,503,33286,2064,20,18,50,176.0,0.15789473684210525,13.0,0.875
26,JlVAf1UzzuI,2023-05-16T16:29:49Z,503,33387,2070,20,19,51,101.0,-0.2807017543859649,6.0,0.0
27,JlVAf1UzzuI,2023-05-16T16:29:49Z,503,33622,2080,20,20,52,235.0,0.5029239766081871,10.0,0.5
28,JlVAf1UzzuI,2023-05-16T16:29:49Z,503,33814,2085,20,21,53,192.0,0.25146198830409355,5.0,-0.125
29,JlVAf1UzzuI,2023-05-16T16:29:49Z,503,33912,2095,20,22,54,98.0,-0.2982456140350877,10.0,0.5
30,JlVAf1UzzuI,2023-05-16T16:29:49Z,503,34055,2100,20,23,55,143.0,-0.03508771929824561,5.0,-0.125
31,JlVAf1UzzuI,2023-05-16T16:29:49Z,503,34204,2112,20,0,56,149.0,0.0,12.0,0.75
32,JlVAf1UzzuI,2023-05-16T16:29:49Z,503,34357,2120,20,1,57,153.0,0.023391812865497075,8.0,0.25
33,JlVAf1UzzuI,2023-05-16T16:29:49Z,503,34481,2126,20,2,58,124.0,-0.14619883040935672,6.0,0.0
34,JlVAf1UzzuI,2023-05-16T16:29:49Z,503,34660,2129,20,3,59,179.0,0.17543859649122806,3.0,-0.375
35,JlVAf1UzzuI,2023-05-16T16:29:49Z,503,34774,2129,20,4,60,114.0,-0.2046783625730994,0.0,-0.75
36,JlVAf1UzzuI,2023-05-16T16:29:49Z,503,34959,2129,20,5,61,185.0,0.21052631578947367,0.0,-0.75
37,JlVAf1UzzuI,2023-05-16T16:29:49Z,503,35024,2129,20,6,62,65.0,-0.49122807017543857,0.0,-0.75
38,JlVAf1UzzuI,2023-05-16T16:29:49Z,503,35096,2129,20,7,63,72.0,-0.4502923976608187,0.0,-0.75
39,JlVAf1UzzuI,2023-05-16T16:29:49Z,503,35106,2134,20,8,64,10.0,-0.8128654970760234,5.0,-0.125
40,JlVAf1UzzuI,2023-05-16T16:29:49Z,503,35183,2138,20,9,65,77.0,-0.42105263157894735,4.0,-0.25
41,JlVAf1UzzuI,2023-05-16T16:29:49Z,503,35288,2141,20,10,66,105.0,-0.2573099415204678,3.0,-0.375
