,id,date,duration,views,likes,category_id,hour,update_diff,views_diff,views_diff_scaled,likes_diff,likes_diff_scaled
1,OFMDXIeB52M,2023-04-16T07:51:46Z,913,883578,17515,19,14,1.1083333333333334,150.0,0.265625,0.0,-0.5
2,OFMDXIeB52M,2023-04-16T07:51:46Z,913,883679,17518,19,15,1.1097222222222223,101.0,-0.5,3.0,1.0
3,OFMDXIeB52M,2023-04-16T07:51:46Z,913,883841,17518,19,16,1.1111111111111112,162.0,0.453125,0.0,-0.5
4,OFMDXIeB52M,2023-04-16T07:51:46Z,913,883968,17518,19,17,1.1125,127.0,-0.09375,0.0,-0.5
5,OFMDXIeB52M,2023-04-16T07:51:46Z,913,884182,17520,19,18,1.113888888888889,214.0,1.265625,2.0,0.5
6,OFMDXIeB52M,2023-04-16T07:51:46Z,913,884317,17520,19,19,1.1152777777777778,135.0,0.03125,0.0,-0.5
7,OFMDXIeB52M,2023-04-16T07:51:46Z,913,884497,17521,19,20,1.1166666666666667,180.0,0.734375,1.0,0.0
8,OFMDXIeB52M,2023-04-16T07:51:46Z,913,884645,17523,19,21,1.1180555555555556,148.0,0.234375,2.0,0.5
9,OFMDXIeB52M,2023-04-16T07:51:46Z,913,884766,17526,19,22,1.1194444444444445,121.0,-0.1875,3.0,1.0
10,OFMDXIeB52M,2023-04-16T07:51:46Z,913,884960,17530,19,23,1.1208333333333333,194.0,0.953125,4.0,1.5
11,OFMDXIeB52M,2023-04-16T07:51:46Z,913,885132,17530,19,0,1.1222222222222222,172.0,0.609375,0.0,-0.5
12,OFMDXIeB52M,2023-04-16T07:51:46Z,913,885407,17532,19,1,1.1236111111111111,275.0,2.21875,2.0,0.5
13,OFMDXIeB52M,2023-04-16T07:51:46Z,913,885586,17535,19,2,1.125,179.0,0.71875,3.0,1.0
14,OFMDXIeB52M,2023-04-16T07:51:46Z,913,885836,17536,19,3,1.1263888888888889,250.0,1.828125,1.0,0.0
15,OFMDXIeB52M,2023-04-16T07:51:46Z,913,885984,17537,19,4,1.1277777777777778,148.0,0.234375,1.0,0.0
16,OFMDXIeB52M,2023-04-16T07:51:46Z,913,886129,17537,19,5,1.1291666666666667,145.0,0.1875,0.0,-0.5
17,OFMDXIeB52M,2023-04-16T07:51:46Z,913,886247,17537,19,6,1.1305555555555555,118.0,-0.234375,0.0,-0.5
18,OFMDXIeB52M,2023-04-16T07:51:46Z,913,886330,17538,19,7,1.1319444444444444,83.0,-0.78125,1.0,0.0
19,OFMDXIeB52M,2023-04-16T07:51:46Z,913,886376,17539,19,8,1.1333333333333333,46.0,-1.359375,1.0,0.0
20,OFMDXIeB52M,2023-04-16T07:51:46Z,913,886429,17540,19,9,1.1347222222222222,53.0,-1.25,1.0,0.0
21,OFMDXIeB52M,2023-04-16T07:51:46Z,913,886504,17541,19,10,1.136111111111111,75.0,-0.90625,1.0,0.0
22,OFMDXIeB52M,2023-04-16T07:51:46Z,913,886570,17545,19,11,1.1375,66.0,-1.046875,4.0,1.5
23,OFMDXIeB52M,2023-04-16T07:51:46Z,913,886668,17546,19,12,1.1388888888888888,98.0,-0.546875,1.0,0.0
24,OFMDXIeB52M,2023-04-16T07:51:46Z,913,886768,17548,19,13,1.1402777777777777,100.0,-0.515625,2.0,0.5
25,OFMDXIeB52M,2023-04-16T07:51:46Z,913,886905,17550,19,14,1.1416666666666666,137.0,0.0625,2.0,0.5
26,OFMDXIeB52M,2023-04-16T07:51:46Z,913,886991,17550,19,15,1.1430555555555555,86.0,-0.734375,0.0,-0.5
27,OFMDXIeB52M,2023-04-16T07:51:46Z,913,887120,17552,19,16,1.1444444444444444,129.0,-0.0625,2.0,0.5
28,OFMDXIeB52M,2023-04-16T07:51:46Z,913,887253,17552,19,17,1.1458333333333333,133.0,0.0,0.0,-0.5
29,OFMDXIeB52M,2023-04-16T07:51:46Z,913,887336,17555,19,18,1.1472222222222221,83.0,-0.78125,3.0,1.0
30,OFMDXIeB52M,2023-04-16T07:51:46Z,913,887479,17558,19,19,1.148611111111111,143.0,0.15625,3.0,1.0
31,OFMDXIeB52M,2023-04-16T07:51:46Z,913,887540,17558,19,20,1.15,61.0,-1.125,0.0,-0.5
32,OFMDXIeB52M,2023-04-16T07:51:46Z,913,887706,17559,19,21,1.1513888888888888,166.0,0.515625,1.0,0.0
33,OFMDXIeB52M,2023-04-16T07:51:46Z,913,887811,17560,19,22,1.1527777777777777,105.0,-0.4375,1.0,0.0
