,id,date,duration,views,likes,category_id,hour,update_diff,views_diff,views_diff_scaled,likes_diff,likes_diff_scaled
1,Sn6hv1Y1OR8,2023-05-14T08:54:55Z,618,41242,621,15,14,0.1736111111111111,33.0,-0.6666666666666666,0.0,0.0
2,Sn6hv1Y1OR8,2023-05-14T08:54:55Z,618,41278,622,15,15,0.175,36.0,-0.5555555555555556,1.0,1.0
3,Sn6hv1Y1OR8,2023-05-14T08:54:55Z,618,41341,623,15,16,0.1763888888888889,63.0,0.4444444444444444,1.0,1.0
4,Sn6hv1Y1OR8,2023-05-14T08:54:55Z,618,41389,624,15,17,0.17777777777777778,48.0,-0.1111111111111111,1.0,1.0
5,Sn6hv1Y1OR8,2023-05-14T08:54:55Z,618,41466,624,15,18,0.17916666666666667,77.0,0.9629629629629629,0.0,0.0
6,Sn6hv1Y1OR8,2023-05-14T08:54:55Z,618,41512,624,15,19,0.18055555555555555,46.0,-0.18518518518518517,0.0,0.0
7,Sn6hv1Y1OR8,2023-05-14T08:54:55Z,618,41578,624,15,20,0.18194444444444444,66.0,0.5555555555555556,0.0,0.0
8,Sn6hv1Y1OR8,2023-05-14T08:54:55Z,618,41634,625,15,21,0.18333333333333332,56.0,0.18518518518518517,1.0,1.0
9,Sn6hv1Y1OR8,2023-05-14T08:54:55Z,618,41655,625,15,22,0.18472222222222223,21.0,-1.1111111111111112,0.0,0.0
10,Sn6hv1Y1OR8,2023-05-14T08:54:55Z,618,41700,625,15,23,0.18611111111111112,45.0,-0.2222222222222222,0.0,0.0
11,Sn6hv1Y1OR8,2023-05-14T08:54:55Z,618,41742,625,15,0,0.1875,42.0,-0.3333333333333333,0.0,0.0
12,Sn6hv1Y1OR8,2023-05-14T08:54:55Z,618,41807,625,15,1,0.18888888888888888,65.0,0.5185185185185185,0.0,0.0
13,Sn6hv1Y1OR8,2023-05-14T08:54:55Z,618,41857,625,15,2,0.19027777777777777,50.0,-0.037037037037037035,0.0,0.0
14,Sn6hv1Y1OR8,2023-05-14T08:54:55Z,618,41961,625,15,3,0.19166666666666668,104.0,1.962962962962963,0.0,0.0
15,Sn6hv1Y1OR8,2023-05-14T08:54:55Z,618,42027,625,15,4,0.19305555555555556,66.0,0.5555555555555556,0.0,0.0
16,Sn6hv1Y1OR8,2023-05-14T08:54:55Z,618,42080,625,15,5,0.19444444444444445,53.0,0.07407407407407407,0.0,0.0
17,Sn6hv1Y1OR8,2023-05-14T08:54:55Z,618,42119,625,15,6,0.19583333333333333,39.0,-0.4444444444444444,0.0,0.0
18,Sn6hv1Y1OR8,2023-05-14T08:54:55Z,618,42148,625,15,7,0.19722222222222222,29.0,-0.8148148148148148,0.0,0.0
19,Sn6hv1Y1OR8,2023-05-14T08:54:55Z,618,42168,626,15,8,0.1986111111111111,20.0,-1.1481481481481481,1.0,1.0
20,Sn6hv1Y1OR8,2023-05-14T08:54:55Z,618,42181,626,15,9,0.2,13.0,-1.4074074074074074,0.0,0.0
21,Sn6hv1Y1OR8,2023-05-14T08:54:55Z,618,42200,626,15,10,0.2013888888888889,19.0,-1.1851851851851851,0.0,0.0
22,Sn6hv1Y1OR8,2023-05-14T08:54:55Z,618,42224,626,15,11,0.20277777777777778,24.0,-1.0,0.0,0.0
23,Sn6hv1Y1OR8,2023-05-14T08:54:55Z,618,42269,627,15,12,0.20416666666666666,45.0,-0.2222222222222222,1.0,1.0
24,Sn6hv1Y1OR8,2023-05-14T08:54:55Z,618,42323,628,15,13,0.20555555555555555,54.0,0.1111111111111111,1.0,1.0
25,Sn6hv1Y1OR8,2023-05-14T08:54:55Z,618,42378,629,15,14,0.20694444444444443,55.0,0.14814814814814814,1.0,1.0
26,Sn6hv1Y1OR8,2023-05-14T08:54:55Z,618,42414,629,15,15,0.20833333333333334,36.0,-0.5555555555555556,0.0,0.0
27,Sn6hv1Y1OR8,2023-05-14T08:54:55Z,618,42477,630,15,16,0.20972222222222223,63.0,0.4444444444444444,1.0,1.0
28,Sn6hv1Y1OR8,2023-05-14T08:54:55Z,618,42537,631,15,17,0.2111111111111111,60.0,0.3333333333333333,1.0,1.0
29,Sn6hv1Y1OR8,2023-05-14T08:54:55Z,618,42603,632,15,18,0.2125,66.0,0.5555555555555556,1.0,1.0
30,Sn6hv1Y1OR8,2023-05-14T08:54:55Z,618,42696,632,15,19,0.21388888888888888,93.0,1.5555555555555556,0.0,0.0
31,Sn6hv1Y1OR8,2023-05-14T08:54:55Z,618,42747,634,15,20,0.2152777777777778,51.0,0.0,2.0,2.0
32,Sn6hv1Y1OR8,2023-05-14T08:54:55Z,618,42878,635,15,21,0.21666666666666667,131.0,2.962962962962963,1.0,1.0
33,Sn6hv1Y1OR8,2023-05-14T08:54:55Z,618,42929,637,15,22,0.21805555555555556,51.0,0.0,2.0,2.0
