,id,date,duration,views,likes,category_id,hour,update_diff,views_diff,views_diff_scaled,likes_diff,likes_diff_scaled
1,WzOrmd4kMqo,2023-05-11T13:00:08Z,1629,441182,12066,22,16,0.20416666666666666,4932.0,1.1341431894546394,98.0,1.25
2,WzOrmd4kMqo,2023-05-11T13:00:08Z,1629,444936,12130,22,17,0.20555555555555555,3754.0,0.5252003101576634,64.0,0.3055555555555556
3,WzOrmd4kMqo,2023-05-11T13:00:08Z,1629,450214,12207,22,18,0.20694444444444443,5278.0,1.3130007753941586,77.0,0.6666666666666666
4,WzOrmd4kMqo,2023-05-11T13:00:08Z,1629,453469,12305,22,19,0.20833333333333334,3255.0,0.26725252003101574,98.0,1.25
5,WzOrmd4kMqo,2023-05-11T13:00:08Z,1629,456304,12399,22,20,0.20972222222222223,2835.0,0.05014215559576118,94.0,1.1388888888888888
6,WzOrmd4kMqo,2023-05-11T13:00:08Z,1629,459846,12510,22,21,0.2111111111111111,3542.0,0.4156112690617731,111.0,1.6111111111111112
7,WzOrmd4kMqo,2023-05-11T13:00:08Z,1629,463882,12573,22,22,0.2125,4036.0,0.670974411992763,63.0,0.2777777777777778
8,WzOrmd4kMqo,2023-05-11T13:00:08Z,1629,468173,12664,22,23,0.21388888888888888,4291.0,0.8027914189713105,91.0,1.0555555555555556
9,WzOrmd4kMqo,2023-05-11T13:00:08Z,1629,471293,12762,22,0,0.2152777777777778,3120.0,0.19746704574825535,98.0,1.25
10,WzOrmd4kMqo,2023-05-11T13:00:08Z,1629,473854,12861,22,1,0.21666666666666667,2561.0,-0.09149651072628587,99.0,1.2777777777777777
11,WzOrmd4kMqo,2023-05-11T13:00:08Z,1629,477267,12916,22,2,0.21805555555555556,3413.0,0.34892737141380203,55.0,0.05555555555555555
12,WzOrmd4kMqo,2023-05-11T13:00:08Z,1629,482148,12963,22,3,0.21944444444444444,4881.0,1.10777978805893,47.0,-0.16666666666666666
13,WzOrmd4kMqo,2023-05-11T13:00:08Z,1629,485183,13005,22,4,0.22083333333333333,3035.0,0.15352804342207288,42.0,-0.3055555555555556
14,WzOrmd4kMqo,2023-05-11T13:00:08Z,1629,488035,13031,22,5,0.2222222222222222,2852.0,0.05892995606099767,26.0,-0.75
15,WzOrmd4kMqo,2023-05-11T13:00:08Z,1629,489579,13056,22,6,0.22361111111111112,1544.0,-0.6172137503230809,25.0,-0.7777777777777778
16,WzOrmd4kMqo,2023-05-11T13:00:08Z,1629,490724,13101,22,7,0.225,1145.0,-0.8234685965365728,45.0,-0.2222222222222222
17,WzOrmd4kMqo,2023-05-11T13:00:08Z,1629,491285,13132,22,8,0.2263888888888889,561.0,-1.125355388989403,31.0,-0.6111111111111112
18,WzOrmd4kMqo,2023-05-11T13:00:08Z,1629,492761,13164,22,9,0.22777777777777777,1476.0,-0.6523649521840269,32.0,-0.5833333333333334
19,WzOrmd4kMqo,2023-05-11T13:00:08Z,1629,494565,13200,22,10,0.22916666666666666,1804.0,-0.48281209614887566,36.0,-0.4722222222222222
20,WzOrmd4kMqo,2023-05-11T13:00:08Z,1629,496100,13238,22,11,0.23055555555555557,1535.0,-0.6218661152752649,38.0,-0.4166666666666667
21,WzOrmd4kMqo,2023-05-11T13:00:08Z,1629,497837,13276,22,12,0.23194444444444445,1737.0,-0.5174463685706902,38.0,-0.4166666666666667
22,WzOrmd4kMqo,2023-05-11T13:00:08Z,1629,499141,13329,22,13,0.23333333333333334,1304.0,-0.741276815714655,53.0,0.0
23,WzOrmd4kMqo,2023-05-11T13:00:08Z,1629,502384,13379,22,14,0.23472222222222222,3243.0,0.2610493667614371,50.0,-0.08333333333333333
24,WzOrmd4kMqo,2023-05-11T13:00:08Z,1629,504552,13433,22,15,0.2361111111111111,2168.0,-0.2946497803049884,54.0,0.027777777777777776
25,WzOrmd4kMqo,2023-05-11T13:00:08Z,1629,507290,13479,22,16,0.2375,2738.0,0.0,46.0,-0.19444444444444445
26,WzOrmd4kMqo,2023-05-11T13:00:08Z,1629,508750,13527,22,17,0.2388888888888889,1460.0,-0.6606358232101318,48.0,-0.1388888888888889
27,WzOrmd4kMqo,2023-05-11T13:00:08Z,1629,511328,13585,22,18,0.24027777777777778,2578.0,-0.08270871026104937,58.0,0.1388888888888889
28,WzOrmd4kMqo,2023-05-11T13:00:08Z,1629,512796,13650,22,19,0.24166666666666667,1468.0,-0.6565003876970793,65.0,0.3333333333333333
29,WzOrmd4kMqo,2023-05-11T13:00:08Z,1629,516752,13708,22,20,0.24305555555555555,3956.0,0.6296200568622383,58.0,0.1388888888888889
30,WzOrmd4kMqo,2023-05-11T13:00:08Z,1629,519797,13797,22,21,0.24444444444444444,3045.0,0.15869733781338846,89.0,1.0
31,WzOrmd4kMqo,2023-05-11T13:00:08Z,1629,522187,13870,22,22,0.24583333333333332,2390.0,-0.17989144481778238,73.0,0.5555555555555556
32,WzOrmd4kMqo,2023-05-11T13:00:08Z,1629,525753,13938,22,23,0.24722222222222223,3566.0,0.42801757560093046,68.0,0.4166666666666667
33,WzOrmd4kMqo,2023-05-11T13:00:08Z,1629,529287,14003,22,0,0.24861111111111112,3534.0,0.4114758335487206,65.0,0.3333333333333333
34,WzOrmd4kMqo,2023-05-11T13:00:08Z,1629,532464,14087,22,1,0.25,3177.0,0.2269320237787542,84.0,0.8611111111111112
35,WzOrmd4kMqo,2023-05-11T13:00:08Z,1629,535136,14142,22,2,0.2513888888888889,2672.0,-0.03411734298268286,55.0,0.05555555555555555
36,WzOrmd4kMqo,2023-05-11T13:00:08Z,1629,538603,14183,22,3,0.25277777777777777,3467.0,0.3768415611269062,41.0,-0.3333333333333333
37,WzOrmd4kMqo,2023-05-11T13:00:08Z,1629,540582,14216,22,4,0.25416666666666665,1979.0,-0.39234944430085295,33.0,-0.5555555555555556
38,WzOrmd4kMqo,2023-05-11T13:00:08Z,1629,543346,14237,22,5,0.25555555555555554,2764.0,0.013440165417420522,21.0,-0.8888888888888888
39,WzOrmd4kMqo,2023-05-11T13:00:08Z,1629,544427,14258,22,6,0.2569444444444444,1081.0,-0.8565520806409925,21.0,-0.8888888888888888
40,WzOrmd4kMqo,2023-05-11T13:00:08Z,1629,545710,14272,22,7,0.25833333333333336,1283.0,-0.7521323339364177,14.0,-1.0833333333333333
41,WzOrmd4kMqo,2023-05-11T13:00:08Z,1629,545902,14291,22,8,0.25972222222222224,192.0,-1.316102352028948,19.0,-0.9444444444444444
42,WzOrmd4kMqo,2023-05-11T13:00:08Z,1629,547009,14310,22,9,0.2611111111111111,1107.0,-0.843111915223572,19.0,-0.9444444444444444
43,WzOrmd4kMqo,2023-05-11T13:00:08Z,1629,548277,14329,22,10,0.2625,1268.0,-0.759886275523391,19.0,-0.9444444444444444
