,id,date,duration,views,likes,category_id,hour,update_diff,views_diff,views_diff_scaled,likes_diff,likes_diff_scaled
1,ZcAq9Lq8HRA,2023-05-02T11:00:59Z,548,739460,17059,22,16,0.5069444444444444,190.0,0.7885714285714286,4.0,1.0
2,ZcAq9Lq8HRA,2023-05-02T11:00:59Z,548,739558,17061,22,17,0.5083333333333333,98.0,-0.26285714285714284,2.0,0.0
3,ZcAq9Lq8HRA,2023-05-02T11:00:59Z,548,739747,17064,22,18,0.5097222222222222,189.0,0.7771428571428571,3.0,0.5
4,ZcAq9Lq8HRA,2023-05-02T11:00:59Z,548,739931,17067,22,19,0.5111111111111111,184.0,0.72,3.0,0.5
5,ZcAq9Lq8HRA,2023-05-02T11:00:59Z,548,740077,17073,22,20,0.5125,146.0,0.2857142857142857,6.0,2.0
6,ZcAq9Lq8HRA,2023-05-02T11:00:59Z,548,740248,17073,22,21,0.5138888888888888,171.0,0.5714285714285714,0.0,-1.0
7,ZcAq9Lq8HRA,2023-05-02T11:00:59Z,548,740411,17075,22,22,0.5152777777777777,163.0,0.48,2.0,0.0
8,ZcAq9Lq8HRA,2023-05-02T11:00:59Z,548,740600,17076,22,23,0.5166666666666667,189.0,0.7771428571428571,1.0,-0.5
9,ZcAq9Lq8HRA,2023-05-02T11:00:59Z,548,740780,17080,22,0,0.5180555555555556,180.0,0.6742857142857143,4.0,1.0
10,ZcAq9Lq8HRA,2023-05-02T11:00:59Z,548,740890,17084,22,1,0.5194444444444445,110.0,-0.12571428571428572,4.0,1.0
11,ZcAq9Lq8HRA,2023-05-02T11:00:59Z,548,741045,17085,22,2,0.5208333333333334,155.0,0.38857142857142857,1.0,-0.5
12,ZcAq9Lq8HRA,2023-05-02T11:00:59Z,548,741212,17088,22,3,0.5222222222222223,167.0,0.5257142857142857,3.0,0.5
13,ZcAq9Lq8HRA,2023-05-02T11:00:59Z,548,741299,17090,22,4,0.5236111111111111,87.0,-0.38857142857142857,2.0,0.0
14,ZcAq9Lq8HRA,2023-05-02T11:00:59Z,548,741401,17090,22,5,0.525,102.0,-0.21714285714285714,0.0,-1.0
15,ZcAq9Lq8HRA,2023-05-02T11:00:59Z,548,741467,17091,22,6,0.5263888888888889,66.0,-0.6285714285714286,1.0,-0.5
16,ZcAq9Lq8HRA,2023-05-02T11:00:59Z,548,741536,17092,22,7,0.5277777777777778,69.0,-0.5942857142857143,1.0,-0.5
17,ZcAq9Lq8HRA,2023-05-02T11:00:59Z,548,741578,17095,22,8,0.5291666666666667,42.0,-0.9028571428571428,3.0,0.5
18,ZcAq9Lq8HRA,2023-05-02T11:00:59Z,548,741691,17096,22,9,0.5305555555555556,113.0,-0.09142857142857143,1.0,-0.5
19,ZcAq9Lq8HRA,2023-05-02T11:00:59Z,548,741770,17096,22,10,0.5319444444444444,79.0,-0.48,0.0,-1.0
20,ZcAq9Lq8HRA,2023-05-02T11:00:59Z,548,741838,17097,22,11,0.5333333333333333,68.0,-0.6057142857142858,1.0,-0.5
21,ZcAq9Lq8HRA,2023-05-02T11:00:59Z,548,741894,17100,22,12,0.5347222222222222,56.0,-0.7428571428571429,3.0,0.5
22,ZcAq9Lq8HRA,2023-05-02T11:00:59Z,548,741982,17099,22,13,0.5361111111111111,88.0,-0.37714285714285717,-1.0,-1.5
23,ZcAq9Lq8HRA,2023-05-02T11:00:59Z,548,742181,17100,22,14,0.5375,199.0,0.8914285714285715,1.0,-0.5
24,ZcAq9Lq8HRA,2023-05-02T11:00:59Z,548,742332,17104,22,15,0.5388888888888889,151.0,0.34285714285714286,4.0,1.0
25,ZcAq9Lq8HRA,2023-05-02T11:00:59Z,548,742495,17109,22,16,0.5402777777777777,163.0,0.48,5.0,1.5
26,ZcAq9Lq8HRA,2023-05-02T11:00:59Z,548,742594,17111,22,17,0.5416666666666666,99.0,-0.25142857142857145,2.0,0.0
27,ZcAq9Lq8HRA,2023-05-02T11:00:59Z,548,742815,17114,22,18,0.5430555555555555,221.0,1.1428571428571428,3.0,0.5
28,ZcAq9Lq8HRA,2023-05-02T11:00:59Z,548,742929,17115,22,19,0.5444444444444444,114.0,-0.08,1.0,-0.5
29,ZcAq9Lq8HRA,2023-05-02T11:00:59Z,548,743118,17115,22,20,0.5458333333333333,189.0,0.7771428571428571,0.0,-1.0
30,ZcAq9Lq8HRA,2023-05-02T11:00:59Z,548,743254,17117,22,21,0.5472222222222223,136.0,0.17142857142857143,2.0,0.0
31,ZcAq9Lq8HRA,2023-05-02T11:00:59Z,548,743375,17122,22,22,0.5486111111111112,121.0,0.0,5.0,1.5
32,ZcAq9Lq8HRA,2023-05-02T11:00:59Z,548,743538,17124,22,23,0.55,163.0,0.48,2.0,0.0
33,ZcAq9Lq8HRA,2023-05-02T11:00:59Z,548,743736,17128,22,0,0.5513888888888889,198.0,0.88,4.0,1.0
34,ZcAq9Lq8HRA,2023-05-02T11:00:59Z,548,743937,17132,22,1,0.5527777777777778,201.0,0.9142857142857143,4.0,1.0
35,ZcAq9Lq8HRA,2023-05-02T11:00:59Z,548,744063,17133,22,2,0.5541666666666667,126.0,0.05714285714285714,1.0,-0.5
36,ZcAq9Lq8HRA,2023-05-02T11:00:59Z,548,744209,17134,22,3,0.5555555555555556,146.0,0.2857142857142857,1.0,-0.5
37,ZcAq9Lq8HRA,2023-05-02T11:00:59Z,548,744272,17132,22,4,0.5569444444444445,63.0,-0.6628571428571428,-2.0,-2.0
38,ZcAq9Lq8HRA,2023-05-02T11:00:59Z,548,744352,17132,22,5,0.5583333333333333,80.0,-0.4685714285714286,0.0,-1.0
39,ZcAq9Lq8HRA,2023-05-02T11:00:59Z,548,744390,17133,22,6,0.5597222222222222,38.0,-0.9485714285714286,1.0,-0.5
40,ZcAq9Lq8HRA,2023-05-02T11:00:59Z,548,744458,17133,22,7,0.5611111111111111,68.0,-0.6057142857142858,0.0,-1.0
41,ZcAq9Lq8HRA,2023-05-02T11:00:59Z,548,744477,17135,22,8,0.5625,19.0,-1.1657142857142857,2.0,0.0
42,ZcAq9Lq8HRA,2023-05-02T11:00:59Z,548,744591,17136,22,9,0.5638888888888889,114.0,-0.08,1.0,-0.5
43,ZcAq9Lq8HRA,2023-05-02T11:00:59Z,548,744674,17139,22,10,0.5652777777777778,83.0,-0.4342857142857143,3.0,0.5
