,id,date,duration,views,likes,category_id,hour,update_diff,views_diff,views_diff_scaled,likes_diff,likes_diff_scaled
1,rut3TW7MTZQ,2023-05-11T10:00:40Z,251,215835,14545,24,1,0.32083333333333336,385.0,0.8958990536277602,12.0,0.5714285714285714
2,rut3TW7MTZQ,2023-05-11T10:00:40Z,251,216106,14555,24,2,0.32222222222222224,271.0,0.17665615141955837,10.0,0.2857142857142857
3,rut3TW7MTZQ,2023-05-11T10:00:40Z,251,216403,14562,24,3,0.3236111111111111,297.0,0.34069400630914826,7.0,-0.14285714285714285
4,rut3TW7MTZQ,2023-05-11T10:00:40Z,251,216651,14570,24,4,0.325,248.0,0.031545741324921134,8.0,0.0
5,rut3TW7MTZQ,2023-05-11T10:00:40Z,251,216926,14572,24,5,0.3263888888888889,275.0,0.20189274447949526,2.0,-0.8571428571428571
6,rut3TW7MTZQ,2023-05-11T10:00:40Z,251,217103,14580,24,6,0.3277777777777778,177.0,-0.416403785488959,8.0,0.0
7,rut3TW7MTZQ,2023-05-11T10:00:40Z,251,217235,14585,24,7,0.32916666666666666,132.0,-0.7003154574132492,5.0,-0.42857142857142855
8,rut3TW7MTZQ,2023-05-11T10:00:40Z,251,217380,14591,24,8,0.33055555555555555,145.0,-0.6182965299684543,6.0,-0.2857142857142857
9,rut3TW7MTZQ,2023-05-11T10:00:40Z,251,217486,14599,24,9,0.33194444444444443,106.0,-0.8643533123028391,8.0,0.0
10,rut3TW7MTZQ,2023-05-11T10:00:40Z,251,217634,14616,24,10,0.3333333333333333,148.0,-0.5993690851735016,17.0,1.2857142857142858
11,rut3TW7MTZQ,2023-05-11T10:00:40Z,251,217805,14632,24,11,0.3347222222222222,171.0,-0.45425867507886436,16.0,1.1428571428571428
12,rut3TW7MTZQ,2023-05-11T10:00:40Z,251,218099,14646,24,12,0.33611111111111114,294.0,0.3217665615141956,14.0,0.8571428571428571
13,rut3TW7MTZQ,2023-05-11T10:00:40Z,251,218406,14656,24,13,0.3375,307.0,0.4037854889589905,10.0,0.2857142857142857
14,rut3TW7MTZQ,2023-05-11T10:00:40Z,251,218773,14671,24,14,0.3388888888888889,367.0,0.7823343848580442,15.0,1.0
15,rut3TW7MTZQ,2023-05-11T10:00:40Z,251,219193,14687,24,15,0.3402777777777778,420.0,1.1167192429022081,16.0,1.1428571428571428
16,rut3TW7MTZQ,2023-05-11T10:00:40Z,251,219448,14701,24,16,0.3416666666666667,255.0,0.07570977917981073,14.0,0.8571428571428571
17,rut3TW7MTZQ,2023-05-11T10:00:40Z,251,219704,14721,24,17,0.34305555555555556,256.0,0.08201892744479496,20.0,1.7142857142857142
18,rut3TW7MTZQ,2023-05-11T10:00:40Z,251,220151,14728,24,18,0.34444444444444444,447.0,1.2870662460567823,7.0,-0.14285714285714285
19,rut3TW7MTZQ,2023-05-11T10:00:40Z,251,220609,14743,24,19,0.3458333333333333,458.0,1.3564668769716088,15.0,1.0
20,rut3TW7MTZQ,2023-05-11T10:00:40Z,251,220844,14755,24,20,0.3472222222222222,235.0,-0.050473186119873815,12.0,0.5714285714285714
21,rut3TW7MTZQ,2023-05-11T10:00:40Z,251,221328,14767,24,21,0.3486111111111111,484.0,1.5205047318611988,12.0,0.5714285714285714
22,rut3TW7MTZQ,2023-05-11T10:00:40Z,251,221609,14783,24,22,0.35,281.0,0.23974763406940064,16.0,1.1428571428571428
23,rut3TW7MTZQ,2023-05-11T10:00:40Z,251,222050,14795,24,23,0.35138888888888886,441.0,1.249211356466877,12.0,0.5714285714285714
24,rut3TW7MTZQ,2023-05-11T10:00:40Z,251,222367,14810,24,0,0.3527777777777778,317.0,0.4668769716088328,15.0,1.0
25,rut3TW7MTZQ,2023-05-11T10:00:40Z,251,222753,14821,24,1,0.3541666666666667,386.0,0.9022082018927445,11.0,0.42857142857142855
26,rut3TW7MTZQ,2023-05-11T10:00:40Z,251,222996,14827,24,2,0.35555555555555557,243.0,0.0,6.0,-0.2857142857142857
27,rut3TW7MTZQ,2023-05-11T10:00:40Z,251,223339,14832,24,3,0.35694444444444445,343.0,0.6309148264984227,5.0,-0.42857142857142855
28,rut3TW7MTZQ,2023-05-11T10:00:40Z,251,223568,14837,24,4,0.35833333333333334,229.0,-0.08832807570977919,5.0,-0.42857142857142855
29,rut3TW7MTZQ,2023-05-11T10:00:40Z,251,223810,14837,24,5,0.3597222222222222,242.0,-0.006309148264984227,0.0,-1.1428571428571428
30,rut3TW7MTZQ,2023-05-11T10:00:40Z,251,223956,14843,24,6,0.3611111111111111,146.0,-0.61198738170347,6.0,-0.2857142857142857
31,rut3TW7MTZQ,2023-05-11T10:00:40Z,251,224106,14849,24,7,0.3625,150.0,-0.5867507886435331,6.0,-0.2857142857142857
32,rut3TW7MTZQ,2023-05-11T10:00:40Z,251,224186,14856,24,8,0.3638888888888889,80.0,-1.028391167192429,7.0,-0.14285714285714285
33,rut3TW7MTZQ,2023-05-11T10:00:40Z,251,224257,14861,24,9,0.36527777777777776,71.0,-1.085173501577287,5.0,-0.42857142857142855
34,rut3TW7MTZQ,2023-05-11T10:00:40Z,251,224453,14867,24,10,0.36666666666666664,196.0,-0.29652996845425866,6.0,-0.2857142857142857
35,rut3TW7MTZQ,2023-05-11T10:00:40Z,251,224615,14873,24,11,0.3680555555555556,162.0,-0.5110410094637224,6.0,-0.2857142857142857
36,rut3TW7MTZQ,2023-05-11T10:00:40Z,251,224723,14881,24,12,0.36944444444444446,108.0,-0.8517350157728707,8.0,0.0
37,rut3TW7MTZQ,2023-05-11T10:00:40Z,251,224880,14885,24,13,0.37083333333333335,157.0,-0.5425867507886435,4.0,-0.5714285714285714
38,rut3TW7MTZQ,2023-05-11T10:00:40Z,251,225086,14894,24,14,0.37222222222222223,206.0,-0.2334384858044164,9.0,0.14285714285714285
39,rut3TW7MTZQ,2023-05-11T10:00:40Z,251,225178,14901,24,15,0.3736111111111111,92.0,-0.9526813880126183,7.0,-0.14285714285714285
