,id,date,duration,views,likes,category_id,hour,update_diff,views_diff,views_diff_scaled,likes_diff,likes_diff_scaled
1,q686A3cKD2M,2023-05-18T23:00:30Z,2866,21064,539,22,1,0.06944444444444445,129.0,0.47863247863247865,1.0,0.0
2,q686A3cKD2M,2023-05-18T23:00:30Z,2866,21165,538,22,2,0.07083333333333333,101.0,0.0,-1.0,-1.0
3,q686A3cKD2M,2023-05-18T23:00:30Z,2866,21298,540,22,3,0.07222222222222222,133.0,0.5470085470085471,2.0,0.5
4,q686A3cKD2M,2023-05-18T23:00:30Z,2866,21392,540,22,4,0.07361111111111111,94.0,-0.11965811965811966,0.0,-0.5
5,q686A3cKD2M,2023-05-18T23:00:30Z,2866,21504,542,22,5,0.075,112.0,0.18803418803418803,2.0,0.5
6,q686A3cKD2M,2023-05-18T23:00:30Z,2866,21616,542,22,6,0.0763888888888889,112.0,0.18803418803418803,0.0,-0.5
7,q686A3cKD2M,2023-05-18T23:00:30Z,2866,21716,542,22,7,0.07777777777777778,100.0,-0.017094017094017096,0.0,-0.5
8,q686A3cKD2M,2023-05-18T23:00:30Z,2866,21792,542,22,8,0.07916666666666666,76.0,-0.42735042735042733,0.0,-0.5
9,q686A3cKD2M,2023-05-18T23:00:30Z,2866,21825,544,22,9,0.08055555555555556,33.0,-1.1623931623931625,2.0,0.5
10,q686A3cKD2M,2023-05-18T23:00:30Z,2866,21825,544,22,10,0.08194444444444444,0.0,-1.7264957264957266,0.0,-0.5
11,q686A3cKD2M,2023-05-18T23:00:30Z,2866,21910,545,22,11,0.08333333333333333,85.0,-0.27350427350427353,1.0,0.0
12,q686A3cKD2M,2023-05-18T23:00:30Z,2866,22035,546,22,12,0.08472222222222223,125.0,0.41025641025641024,1.0,0.0
13,q686A3cKD2M,2023-05-18T23:00:30Z,2866,22164,547,22,13,0.08611111111111111,129.0,0.47863247863247865,1.0,0.0
14,q686A3cKD2M,2023-05-18T23:00:30Z,2866,22285,551,22,14,0.0875,121.0,0.3418803418803419,4.0,1.5
15,q686A3cKD2M,2023-05-18T23:00:30Z,2866,22449,554,22,15,0.08888888888888889,164.0,1.0769230769230769,3.0,1.0
16,q686A3cKD2M,2023-05-18T23:00:30Z,2866,22568,556,22,16,0.09027777777777778,119.0,0.3076923076923077,2.0,0.5
17,q686A3cKD2M,2023-05-18T23:00:30Z,2866,22701,557,22,17,0.09166666666666666,133.0,0.5470085470085471,1.0,0.0
18,q686A3cKD2M,2023-05-18T23:00:30Z,2866,22840,558,22,18,0.09305555555555556,139.0,0.6495726495726496,1.0,0.0
19,q686A3cKD2M,2023-05-18T23:00:30Z,2866,23001,560,22,19,0.09444444444444444,161.0,1.0256410256410255,2.0,0.5
20,q686A3cKD2M,2023-05-18T23:00:30Z,2866,23048,562,22,20,0.09583333333333334,47.0,-0.9230769230769231,2.0,0.5
21,q686A3cKD2M,2023-05-18T23:00:30Z,2866,23235,562,22,21,0.09722222222222222,187.0,1.4700854700854702,0.0,-0.5
22,q686A3cKD2M,2023-05-18T23:00:30Z,2866,23313,563,22,22,0.09861111111111111,78.0,-0.39316239316239315,1.0,0.0
23,q686A3cKD2M,2023-05-18T23:00:30Z,2866,23434,565,22,23,0.1,121.0,0.3418803418803419,2.0,0.5
24,q686A3cKD2M,2023-05-18T23:00:30Z,2866,23493,566,22,0,0.10138888888888889,59.0,-0.717948717948718,1.0,0.0
25,q686A3cKD2M,2023-05-18T23:00:30Z,2866,23563,566,22,1,0.10277777777777777,70.0,-0.5299145299145299,0.0,-0.5
26,q686A3cKD2M,2023-05-18T23:00:30Z,2866,23622,569,22,2,0.10416666666666667,59.0,-0.717948717948718,3.0,1.0
27,q686A3cKD2M,2023-05-18T23:00:30Z,2866,23694,569,22,3,0.10555555555555556,72.0,-0.49572649572649574,0.0,-0.5
28,q686A3cKD2M,2023-05-18T23:00:30Z,2866,23774,569,22,4,0.10694444444444444,80.0,-0.358974358974359,0.0,-0.5
29,q686A3cKD2M,2023-05-18T23:00:30Z,2866,23890,569,22,5,0.10833333333333334,116.0,0.2564102564102564,0.0,-0.5
30,q686A3cKD2M,2023-05-18T23:00:30Z,2866,23950,570,22,6,0.10972222222222222,60.0,-0.7008547008547008,1.0,0.0
31,q686A3cKD2M,2023-05-18T23:00:30Z,2866,24016,569,22,7,0.1111111111111111,66.0,-0.5982905982905983,-1.0,-1.0
32,q686A3cKD2M,2023-05-18T23:00:30Z,2866,24066,570,22,8,0.1125,50.0,-0.8717948717948718,1.0,0.0
33,q686A3cKD2M,2023-05-18T23:00:30Z,2866,24104,571,22,9,0.11388888888888889,38.0,-1.0769230769230769,1.0,0.0
34,q686A3cKD2M,2023-05-18T23:00:30Z,2866,24178,574,22,10,0.11527777777777778,74.0,-0.46153846153846156,3.0,1.0
35,q686A3cKD2M,2023-05-18T23:00:30Z,2866,24303,574,22,11,0.11666666666666667,125.0,0.41025641025641024,0.0,-0.5
36,q686A3cKD2M,2023-05-18T23:00:30Z,2866,24412,575,22,12,0.11805555555555555,109.0,0.13675213675213677,1.0,0.0
37,q686A3cKD2M,2023-05-18T23:00:30Z,2866,24557,578,22,13,0.11944444444444445,145.0,0.7521367521367521,3.0,1.0
38,q686A3cKD2M,2023-05-18T23:00:30Z,2866,24691,579,22,14,0.12083333333333333,134.0,0.5641025641025641,1.0,0.0
39,q686A3cKD2M,2023-05-18T23:00:30Z,2866,24758,582,22,15,0.12222222222222222,67.0,-0.5811965811965812,3.0,1.0
