,id,date,duration,views,likes,category_id,hour,update_diff,views_diff,views_diff_scaled,likes_diff,likes_diff_scaled
1,ZubVd1ml_q4,2023-05-15T11:09:56Z,1304,826161,10947,23,1,0.18611111111111112,819.0,1.0396039603960396,4.0,0.0
2,ZubVd1ml_q4,2023-05-15T11:09:56Z,1304,826840,10952,23,2,0.1875,679.0,0.5775577557755776,5.0,0.4
3,ZubVd1ml_q4,2023-05-15T11:09:56Z,1304,827553,10956,23,3,0.18888888888888888,713.0,0.6897689768976898,4.0,0.0
4,ZubVd1ml_q4,2023-05-15T11:09:56Z,1304,828245,10960,23,4,0.19027777777777777,692.0,0.6204620462046204,4.0,0.0
5,ZubVd1ml_q4,2023-05-15T11:09:56Z,1304,828843,10963,23,5,0.19166666666666668,598.0,0.3102310231023102,3.0,-0.4
6,ZubVd1ml_q4,2023-05-15T11:09:56Z,1304,829314,10964,23,6,0.19305555555555556,471.0,-0.10891089108910891,1.0,-1.2
7,ZubVd1ml_q4,2023-05-15T11:09:56Z,1304,829666,10967,23,7,0.19444444444444445,352.0,-0.5016501650165016,3.0,-0.4
8,ZubVd1ml_q4,2023-05-15T11:09:56Z,1304,830032,10971,23,8,0.19583333333333333,366.0,-0.45544554455445546,4.0,0.0
9,ZubVd1ml_q4,2023-05-15T11:09:56Z,1304,830350,10975,23,9,0.19722222222222222,318.0,-0.6138613861386139,4.0,0.0
10,ZubVd1ml_q4,2023-05-15T11:09:56Z,1304,830749,10981,23,10,0.1986111111111111,399.0,-0.3465346534653465,6.0,0.8
11,ZubVd1ml_q4,2023-05-15T11:09:56Z,1304,831253,10985,23,11,0.2,504.0,0.0,4.0,0.0
12,ZubVd1ml_q4,2023-05-15T11:09:56Z,1304,831930,10994,23,12,0.2013888888888889,677.0,0.570957095709571,9.0,2.0
13,ZubVd1ml_q4,2023-05-15T11:09:56Z,1304,832674,10998,23,13,0.20277777777777778,744.0,0.7920792079207921,4.0,0.0
14,ZubVd1ml_q4,2023-05-15T11:09:56Z,1304,833402,11006,23,14,0.20416666666666666,728.0,0.7392739273927392,8.0,1.6
15,ZubVd1ml_q4,2023-05-15T11:09:56Z,1304,834347,11010,23,15,0.20555555555555555,945.0,1.4554455445544554,4.0,0.0
16,ZubVd1ml_q4,2023-05-15T11:09:56Z,1304,834969,11018,23,16,0.20694444444444443,622.0,0.38943894389438943,8.0,1.6
17,ZubVd1ml_q4,2023-05-15T11:09:56Z,1304,835613,11028,23,17,0.20833333333333334,644.0,0.46204620462046203,10.0,2.4
18,ZubVd1ml_q4,2023-05-15T11:09:56Z,1304,836397,11032,23,18,0.20972222222222223,784.0,0.9240924092409241,4.0,0.0
19,ZubVd1ml_q4,2023-05-15T11:09:56Z,1304,837161,11042,23,19,0.2111111111111111,764.0,0.858085808580858,10.0,2.4
20,ZubVd1ml_q4,2023-05-15T11:09:56Z,1304,837504,11047,23,20,0.2125,343.0,-0.5313531353135313,5.0,0.4
21,ZubVd1ml_q4,2023-05-15T11:09:56Z,1304,838413,11052,23,21,0.21388888888888888,909.0,1.3366336633663367,5.0,0.4
22,ZubVd1ml_q4,2023-05-15T11:09:56Z,1304,838913,11056,23,22,0.2152777777777778,500.0,-0.013201320132013201,4.0,0.0
23,ZubVd1ml_q4,2023-05-15T11:09:56Z,1304,839654,11060,23,23,0.21666666666666667,741.0,0.7821782178217822,4.0,0.0
24,ZubVd1ml_q4,2023-05-15T11:09:56Z,1304,840122,11063,23,0,0.21805555555555556,468.0,-0.1188118811881188,3.0,-0.4
25,ZubVd1ml_q4,2023-05-15T11:09:56Z,1304,840622,11065,23,1,0.21944444444444444,500.0,-0.013201320132013201,2.0,-0.8
26,ZubVd1ml_q4,2023-05-15T11:09:56Z,1304,841080,11070,23,2,0.22083333333333333,458.0,-0.15181518151815182,5.0,0.4
27,ZubVd1ml_q4,2023-05-15T11:09:56Z,1304,841736,11074,23,3,0.2222222222222222,656.0,0.5016501650165016,4.0,0.0
28,ZubVd1ml_q4,2023-05-15T11:09:56Z,1304,842183,11075,23,4,0.22361111111111112,447.0,-0.18811881188118812,1.0,-1.2
29,ZubVd1ml_q4,2023-05-15T11:09:56Z,1304,842667,11077,23,5,0.225,484.0,-0.066006600660066,2.0,-0.8
30,ZubVd1ml_q4,2023-05-15T11:09:56Z,1304,842960,11074,23,6,0.2263888888888889,293.0,-0.6963696369636964,-3.0,-2.8
31,ZubVd1ml_q4,2023-05-15T11:09:56Z,1304,843226,11077,23,7,0.22777777777777777,266.0,-0.7854785478547854,3.0,-0.4
32,ZubVd1ml_q4,2023-05-15T11:09:56Z,1304,843434,11091,23,8,0.22916666666666666,208.0,-0.976897689768977,14.0,4.0
33,ZubVd1ml_q4,2023-05-15T11:09:56Z,1304,843653,11095,23,9,0.23055555555555557,219.0,-0.9405940594059405,4.0,0.0
34,ZubVd1ml_q4,2023-05-15T11:09:56Z,1304,844241,11094,23,10,0.23194444444444445,588.0,0.27722772277227725,-1.0,-2.0
35,ZubVd1ml_q4,2023-05-15T11:09:56Z,1304,844806,11097,23,11,0.23333333333333334,565.0,0.20132013201320131,3.0,-0.4
36,ZubVd1ml_q4,2023-05-15T11:09:56Z,1304,845072,11103,23,12,0.23472222222222222,266.0,-0.7854785478547854,6.0,0.8
37,ZubVd1ml_q4,2023-05-15T11:09:56Z,1304,845472,11109,23,13,0.2361111111111111,400.0,-0.3432343234323432,6.0,0.8
38,ZubVd1ml_q4,2023-05-15T11:09:56Z,1304,845987,11115,23,14,0.2375,515.0,0.036303630363036306,6.0,0.8
39,ZubVd1ml_q4,2023-05-15T11:09:56Z,1304,846234,11116,23,15,0.2388888888888889,247.0,-0.8481848184818482,1.0,-1.2
