,id,date,duration,views,likes,category_id,hour,update_diff,views_diff,views_diff_scaled,likes_diff,likes_diff_scaled
1,ZubVd1ml_q4,2023-05-15T11:09:56Z,1304,793416,10682,23,14,0.1375,1467.0,1.125269978401728,13.0,0.8333333333333334
2,ZubVd1ml_q4,2023-05-15T11:09:56Z,1304,794743,10688,23,15,0.1388888888888889,1327.0,0.8228941684665226,6.0,-0.3333333333333333
3,ZubVd1ml_q4,2023-05-15T11:09:56Z,1304,796418,10701,23,16,0.14027777777777778,1675.0,1.57451403887689,13.0,0.8333333333333334
4,ZubVd1ml_q4,2023-05-15T11:09:56Z,1304,797349,10710,23,17,0.14166666666666666,931.0,-0.032397408207343416,9.0,0.16666666666666666
5,ZubVd1ml_q4,2023-05-15T11:09:56Z,1304,798962,10721,23,18,0.14305555555555555,1613.0,1.4406047516198703,11.0,0.5
6,ZubVd1ml_q4,2023-05-15T11:09:56Z,1304,800218,10732,23,19,0.14444444444444443,1256.0,0.6695464362850972,11.0,0.5
7,ZubVd1ml_q4,2023-05-15T11:09:56Z,1304,801915,10749,23,20,0.14583333333333334,1697.0,1.6220302375809936,17.0,1.5
8,ZubVd1ml_q4,2023-05-15T11:09:56Z,1304,803640,10761,23,21,0.14722222222222223,1725.0,1.6825053995680346,12.0,0.6666666666666666
9,ZubVd1ml_q4,2023-05-15T11:09:56Z,1304,804538,10768,23,22,0.1486111111111111,898.0,-0.10367170626349892,7.0,-0.16666666666666666
10,ZubVd1ml_q4,2023-05-15T11:09:56Z,1304,805744,10782,23,23,0.15,1206.0,0.5615550755939525,14.0,1.0
11,ZubVd1ml_q4,2023-05-15T11:09:56Z,1304,806635,10791,23,0,0.15138888888888888,891.0,-0.11879049676025918,9.0,0.16666666666666666
12,ZubVd1ml_q4,2023-05-15T11:09:56Z,1304,807670,10796,23,1,0.1527777777777778,1035.0,0.19222462203023757,5.0,-0.5
13,ZubVd1ml_q4,2023-05-15T11:09:56Z,1304,808372,10804,23,2,0.15416666666666667,702.0,-0.5269978401727862,8.0,0.0
14,ZubVd1ml_q4,2023-05-15T11:09:56Z,1304,809407,10804,23,3,0.15555555555555556,1035.0,0.19222462203023757,0.0,-1.3333333333333333
15,ZubVd1ml_q4,2023-05-15T11:09:56Z,1304,810142,10806,23,4,0.15694444444444444,735.0,-0.4557235421166307,2.0,-1.0
16,ZubVd1ml_q4,2023-05-15T11:09:56Z,1304,810808,10809,23,5,0.15833333333333333,666.0,-0.6047516198704104,3.0,-0.8333333333333334
17,ZubVd1ml_q4,2023-05-15T11:09:56Z,1304,811382,10811,23,6,0.1597222222222222,574.0,-0.8034557235421166,2.0,-1.0
18,ZubVd1ml_q4,2023-05-15T11:09:56Z,1304,811831,10813,23,7,0.16111111111111112,449.0,-1.0734341252699784,2.0,-1.0
19,ZubVd1ml_q4,2023-05-15T11:09:56Z,1304,812210,10821,23,8,0.1625,379.0,-1.224622030237581,8.0,0.0
20,ZubVd1ml_q4,2023-05-15T11:09:56Z,1304,812613,10831,23,9,0.1638888888888889,403.0,-1.1727861771058314,10.0,0.3333333333333333
21,ZubVd1ml_q4,2023-05-15T11:09:56Z,1304,813295,10843,23,10,0.16527777777777777,682.0,-0.5701943844492441,12.0,0.6666666666666666
22,ZubVd1ml_q4,2023-05-15T11:09:56Z,1304,814115,10852,23,11,0.16666666666666666,820.0,-0.27213822894168466,9.0,0.16666666666666666
23,ZubVd1ml_q4,2023-05-15T11:09:56Z,1304,815250,10859,23,12,0.16805555555555557,1135.0,0.408207343412527,7.0,-0.16666666666666666
24,ZubVd1ml_q4,2023-05-15T11:09:56Z,1304,816248,10869,23,13,0.16944444444444445,998.0,0.11231101511879049,10.0,0.3333333333333333
25,ZubVd1ml_q4,2023-05-15T11:09:56Z,1304,817393,10878,23,14,0.17083333333333334,1145.0,0.4298056155507559,9.0,0.16666666666666666
26,ZubVd1ml_q4,2023-05-15T11:09:56Z,1304,818118,10884,23,15,0.17222222222222222,725.0,-0.4773218142548596,6.0,-0.3333333333333333
27,ZubVd1ml_q4,2023-05-15T11:09:56Z,1304,819227,10892,23,16,0.1736111111111111,1109.0,0.35205183585313177,8.0,0.0
28,ZubVd1ml_q4,2023-05-15T11:09:56Z,1304,820173,10896,23,17,0.175,946.0,0.0,4.0,-0.6666666666666666
29,ZubVd1ml_q4,2023-05-15T11:09:56Z,1304,820845,10902,23,18,0.1763888888888889,672.0,-0.591792656587473,6.0,-0.3333333333333333
30,ZubVd1ml_q4,2023-05-15T11:09:56Z,1304,821986,10904,23,19,0.17777777777777778,1141.0,0.42116630669546434,2.0,-1.0
31,ZubVd1ml_q4,2023-05-15T11:09:56Z,1304,822430,10916,23,20,0.17916666666666667,444.0,-1.0842332613390928,12.0,0.6666666666666666
32,ZubVd1ml_q4,2023-05-15T11:09:56Z,1304,823439,10921,23,21,0.18055555555555555,1009.0,0.13606911447084233,5.0,-0.5
33,ZubVd1ml_q4,2023-05-15T11:09:56Z,1304,823931,10928,23,22,0.18194444444444444,492.0,-0.980561555075594,7.0,-0.16666666666666666
