,id,date,duration,views,likes,category_id,hour,update_diff,views_diff,views_diff_scaled,likes_diff,likes_diff_scaled
1,D1KlxQ81dew,2023-05-13T02:00:07Z,233,1997,46,10,10,0.1111111111111111,3.0,-0.16666666666666666,0.0,0.0
2,D1KlxQ81dew,2023-05-13T02:00:07Z,233,2002,47,10,11,0.1125,5.0,0.16666666666666666,1.0,1.0
3,D1KlxQ81dew,2023-05-13T02:00:07Z,233,2006,48,10,12,0.11388888888888889,4.0,0.0,1.0,1.0
4,D1KlxQ81dew,2023-05-13T02:00:07Z,233,2014,48,10,13,0.11527777777777778,8.0,0.6666666666666666,0.0,0.0
5,D1KlxQ81dew,2023-05-13T02:00:07Z,233,2019,48,10,14,0.11666666666666667,5.0,0.16666666666666666,0.0,0.0
6,D1KlxQ81dew,2023-05-13T02:00:07Z,233,2028,48,10,15,0.11805555555555555,9.0,0.8333333333333334,0.0,0.0
7,D1KlxQ81dew,2023-05-13T02:00:07Z,233,2030,48,10,16,0.11944444444444445,2.0,-0.3333333333333333,0.0,0.0
8,D1KlxQ81dew,2023-05-13T02:00:07Z,233,2031,48,10,17,0.12083333333333333,1.0,-0.5,0.0,0.0
9,D1KlxQ81dew,2023-05-13T02:00:07Z,233,2031,48,10,18,0.12222222222222222,0.0,-0.6666666666666666,0.0,0.0
10,D1KlxQ81dew,2023-05-13T02:00:07Z,233,2045,48,10,19,0.12361111111111112,14.0,1.6666666666666667,0.0,0.0
11,D1KlxQ81dew,2023-05-13T02:00:07Z,233,2045,48,10,20,0.125,0.0,-0.6666666666666666,0.0,0.0
12,D1KlxQ81dew,2023-05-13T02:00:07Z,233,2047,48,10,21,0.12638888888888888,2.0,-0.3333333333333333,0.0,0.0
13,D1KlxQ81dew,2023-05-13T02:00:07Z,233,2053,48,10,22,0.12777777777777777,6.0,0.3333333333333333,0.0,0.0
14,D1KlxQ81dew,2023-05-13T02:00:07Z,233,2053,48,10,23,0.12916666666666668,0.0,-0.6666666666666666,0.0,0.0
15,D1KlxQ81dew,2023-05-13T02:00:07Z,233,2060,48,10,0,0.13055555555555556,7.0,0.5,0.0,0.0
16,D1KlxQ81dew,2023-05-13T02:00:07Z,233,2071,48,10,1,0.13194444444444445,11.0,1.1666666666666667,0.0,0.0
17,D1KlxQ81dew,2023-05-13T02:00:07Z,233,2077,48,10,2,0.13333333333333333,6.0,0.3333333333333333,0.0,0.0
18,D1KlxQ81dew,2023-05-13T02:00:07Z,233,2081,48,10,3,0.13472222222222222,4.0,0.0,0.0,0.0
19,D1KlxQ81dew,2023-05-13T02:00:07Z,233,2091,48,10,4,0.1361111111111111,10.0,1.0,0.0,0.0
20,D1KlxQ81dew,2023-05-13T02:00:07Z,233,2102,48,10,5,0.1375,11.0,1.1666666666666667,0.0,0.0
21,D1KlxQ81dew,2023-05-13T02:00:07Z,233,2103,48,10,6,0.1388888888888889,1.0,-0.5,0.0,0.0
22,D1KlxQ81dew,2023-05-13T02:00:07Z,233,2104,48,10,7,0.14027777777777778,1.0,-0.5,0.0,0.0
23,D1KlxQ81dew,2023-05-13T02:00:07Z,233,2108,48,10,8,0.14166666666666666,4.0,0.0,0.0,0.0
24,D1KlxQ81dew,2023-05-13T02:00:07Z,233,2108,48,10,9,0.14305555555555555,0.0,-0.6666666666666666,0.0,0.0
25,D1KlxQ81dew,2023-05-13T02:00:07Z,233,2111,48,10,10,0.14444444444444443,3.0,-0.16666666666666666,0.0,0.0
