,id,date,duration,views,likes,category_id,hour,update_diff,views_diff,views_diff_scaled,likes_diff,likes_diff_scaled
1,D1KlxQ81dew,2023-05-13T02:00:07Z,233,2128,50,10,16,0.1527777777777778,2.0,-0.6666666666666666,1.0,1.0
2,D1KlxQ81dew,2023-05-13T02:00:07Z,233,2129,50,10,17,0.15416666666666667,1.0,-1.0,0.0,0.0
3,D1KlxQ81dew,2023-05-13T02:00:07Z,233,2131,50,10,18,0.15555555555555556,2.0,-0.6666666666666666,0.0,0.0
4,D1KlxQ81dew,2023-05-13T02:00:07Z,233,2142,52,10,19,0.15694444444444444,11.0,2.3333333333333335,2.0,2.0
5,D1KlxQ81dew,2023-05-13T02:00:07Z,233,2145,52,10,20,0.15833333333333333,3.0,-0.3333333333333333,0.0,0.0
6,D1KlxQ81dew,2023-05-13T02:00:07Z,233,2156,52,10,21,0.1597222222222222,11.0,2.3333333333333335,0.0,0.0
7,D1KlxQ81dew,2023-05-13T02:00:07Z,233,2162,52,10,22,0.16111111111111112,6.0,0.6666666666666666,0.0,0.0
8,D1KlxQ81dew,2023-05-13T02:00:07Z,233,2163,52,10,23,0.1625,1.0,-1.0,0.0,0.0
9,D1KlxQ81dew,2023-05-13T02:00:07Z,233,2167,53,10,0,0.1638888888888889,4.0,0.0,1.0,1.0
10,D1KlxQ81dew,2023-05-13T02:00:07Z,233,2168,53,10,1,0.16527777777777777,1.0,-1.0,0.0,0.0
11,D1KlxQ81dew,2023-05-13T02:00:07Z,233,2173,53,10,2,0.16666666666666666,5.0,0.3333333333333333,0.0,0.0
12,D1KlxQ81dew,2023-05-13T02:00:07Z,233,2185,53,10,3,0.16805555555555557,12.0,2.6666666666666665,0.0,0.0
13,D1KlxQ81dew,2023-05-13T02:00:07Z,233,2191,53,10,4,0.16944444444444445,6.0,0.6666666666666666,0.0,0.0
14,D1KlxQ81dew,2023-05-13T02:00:07Z,233,2197,53,10,5,0.17083333333333334,6.0,0.6666666666666666,0.0,0.0
15,D1KlxQ81dew,2023-05-13T02:00:07Z,233,2199,53,10,6,0.17222222222222222,2.0,-0.6666666666666666,0.0,0.0
16,D1KlxQ81dew,2023-05-13T02:00:07Z,233,2200,53,10,7,0.1736111111111111,1.0,-1.0,0.0,0.0
17,D1KlxQ81dew,2023-05-13T02:00:07Z,233,2203,53,10,8,0.175,3.0,-0.3333333333333333,0.0,0.0
18,D1KlxQ81dew,2023-05-13T02:00:07Z,233,2207,53,10,9,0.1763888888888889,4.0,0.0,0.0,0.0
19,D1KlxQ81dew,2023-05-13T02:00:07Z,233,2209,53,10,10,0.17777777777777778,2.0,-0.6666666666666666,0.0,0.0
20,D1KlxQ81dew,2023-05-13T02:00:07Z,233,2213,53,10,11,0.17916666666666667,4.0,0.0,0.0,0.0
21,D1KlxQ81dew,2023-05-13T02:00:07Z,233,2216,53,10,12,0.18055555555555555,3.0,-0.3333333333333333,0.0,0.0
22,D1KlxQ81dew,2023-05-13T02:00:07Z,233,2218,53,10,13,0.18194444444444444,2.0,-0.6666666666666666,0.0,0.0
23,D1KlxQ81dew,2023-05-13T02:00:07Z,233,2222,53,10,14,0.18333333333333332,4.0,0.0,0.0,0.0
24,D1KlxQ81dew,2023-05-13T02:00:07Z,233,2228,53,10,15,0.18472222222222223,6.0,0.6666666666666666,0.0,0.0
25,D1KlxQ81dew,2023-05-13T02:00:07Z,233,2230,53,10,16,0.18611111111111112,2.0,-0.6666666666666666,0.0,0.0
26,D1KlxQ81dew,2023-05-13T02:00:07Z,233,2233,53,10,17,0.1875,3.0,-0.3333333333333333,0.0,0.0
27,D1KlxQ81dew,2023-05-13T02:00:07Z,233,2238,53,10,18,0.18888888888888888,5.0,0.3333333333333333,0.0,0.0
28,D1KlxQ81dew,2023-05-13T02:00:07Z,233,2242,53,10,19,0.19027777777777777,4.0,0.0,0.0,0.0
29,D1KlxQ81dew,2023-05-13T02:00:07Z,233,2247,54,10,20,0.19166666666666668,5.0,0.3333333333333333,1.0,1.0
30,D1KlxQ81dew,2023-05-13T02:00:07Z,233,2250,54,10,21,0.19305555555555556,3.0,-0.3333333333333333,0.0,0.0
31,D1KlxQ81dew,2023-05-13T02:00:07Z,233,2255,54,10,22,0.19444444444444445,5.0,0.3333333333333333,0.0,0.0
32,D1KlxQ81dew,2023-05-13T02:00:07Z,233,2260,54,10,23,0.19583333333333333,5.0,0.3333333333333333,0.0,0.0
33,D1KlxQ81dew,2023-05-13T02:00:07Z,233,2265,55,10,0,0.19722222222222222,5.0,0.3333333333333333,1.0,1.0
34,D1KlxQ81dew,2023-05-13T02:00:07Z,233,2270,55,10,1,0.1986111111111111,5.0,0.3333333333333333,0.0,0.0
35,D1KlxQ81dew,2023-05-13T02:00:07Z,233,2275,55,10,2,0.2,5.0,0.3333333333333333,0.0,0.0
36,D1KlxQ81dew,2023-05-13T02:00:07Z,233,2287,55,10,3,0.2013888888888889,12.0,2.6666666666666665,0.0,0.0
37,D1KlxQ81dew,2023-05-13T02:00:07Z,233,2290,55,10,4,0.20277777777777778,3.0,-0.3333333333333333,0.0,0.0
38,D1KlxQ81dew,2023-05-13T02:00:07Z,233,2301,55,10,5,0.20416666666666666,11.0,2.3333333333333335,0.0,0.0
39,D1KlxQ81dew,2023-05-13T02:00:07Z,233,2302,55,10,6,0.20555555555555555,1.0,-1.0,0.0,0.0
40,D1KlxQ81dew,2023-05-13T02:00:07Z,233,2307,55,10,7,0.20694444444444443,5.0,0.3333333333333333,0.0,0.0
41,D1KlxQ81dew,2023-05-13T02:00:07Z,233,2308,55,10,8,0.20833333333333334,1.0,-1.0,0.0,0.0
42,D1KlxQ81dew,2023-05-13T02:00:07Z,233,2311,55,10,9,0.20972222222222223,3.0,-0.3333333333333333,0.0,0.0
43,D1KlxQ81dew,2023-05-13T02:00:07Z,233,2317,55,10,10,0.2111111111111111,6.0,0.6666666666666666,0.0,0.0
