,id,date,duration,views,likes,category_id,hour,update_diff,views_diff,views_diff_scaled,likes_diff,likes_diff_scaled
1,3rrhxtxqcOA,2023-05-16T09:00:03Z,497,19195,327,20,18,0.04583333333333333,471.0,2.9767441860465116,2.0,0.5
2,3rrhxtxqcOA,2023-05-16T09:00:03Z,497,19626,332,20,19,0.04722222222222222,431.0,2.6666666666666665,5.0,2.0
3,3rrhxtxqcOA,2023-05-16T09:00:03Z,497,20014,334,20,20,0.04861111111111111,388.0,2.3333333333333335,2.0,0.5
4,3rrhxtxqcOA,2023-05-16T09:00:03Z,497,20392,335,20,21,0.05,378.0,2.255813953488372,1.0,0.0
5,3rrhxtxqcOA,2023-05-16T09:00:03Z,497,20686,337,20,22,0.05138888888888889,294.0,1.6046511627906976,2.0,0.5
6,3rrhxtxqcOA,2023-05-16T09:00:03Z,497,20930,340,20,23,0.05277777777777778,244.0,1.2170542635658914,3.0,1.0
7,3rrhxtxqcOA,2023-05-16T09:00:03Z,497,21119,344,20,0,0.05416666666666667,189.0,0.7906976744186046,4.0,1.5
8,3rrhxtxqcOA,2023-05-16T09:00:03Z,497,21252,349,20,1,0.05555555555555555,133.0,0.35658914728682173,5.0,2.0
9,3rrhxtxqcOA,2023-05-16T09:00:03Z,497,21436,353,20,2,0.05694444444444444,184.0,0.751937984496124,4.0,1.5
10,3rrhxtxqcOA,2023-05-16T09:00:03Z,497,21663,353,20,3,0.058333333333333334,227.0,1.0852713178294573,0.0,-0.5
11,3rrhxtxqcOA,2023-05-16T09:00:03Z,497,21831,354,20,4,0.059722222222222225,168.0,0.627906976744186,1.0,0.0
12,3rrhxtxqcOA,2023-05-16T09:00:03Z,497,22007,356,20,5,0.06111111111111111,176.0,0.689922480620155,2.0,0.5
13,3rrhxtxqcOA,2023-05-16T09:00:03Z,497,22099,356,20,6,0.0625,92.0,0.03875968992248062,0.0,-0.5
14,3rrhxtxqcOA,2023-05-16T09:00:03Z,497,22186,357,20,7,0.06388888888888888,87.0,0.0,1.0,0.0
15,3rrhxtxqcOA,2023-05-16T09:00:03Z,497,22211,360,20,8,0.06527777777777778,25.0,-0.4806201550387597,3.0,1.0
16,3rrhxtxqcOA,2023-05-16T09:00:03Z,497,22276,360,20,9,0.06666666666666667,65.0,-0.17054263565891473,0.0,-0.5
17,3rrhxtxqcOA,2023-05-16T09:00:03Z,497,22350,362,20,10,0.06805555555555555,74.0,-0.10077519379844961,2.0,0.5
18,3rrhxtxqcOA,2023-05-16T09:00:03Z,497,22417,362,20,11,0.06944444444444445,67.0,-0.15503875968992248,0.0,-0.5
19,3rrhxtxqcOA,2023-05-16T09:00:03Z,497,22492,363,20,12,0.07083333333333333,75.0,-0.09302325581395349,1.0,0.0
20,3rrhxtxqcOA,2023-05-16T09:00:03Z,497,22541,364,20,13,0.07222222222222222,49.0,-0.29457364341085274,1.0,0.0
21,3rrhxtxqcOA,2023-05-16T09:00:03Z,497,22658,369,20,14,0.07361111111111111,117.0,0.23255813953488372,5.0,2.0
22,3rrhxtxqcOA,2023-05-16T09:00:03Z,497,22760,369,20,15,0.075,102.0,0.11627906976744186,0.0,-0.5
23,3rrhxtxqcOA,2023-05-16T09:00:03Z,497,22947,370,20,16,0.0763888888888889,187.0,0.7751937984496124,1.0,0.0
24,3rrhxtxqcOA,2023-05-16T09:00:03Z,497,23036,370,20,17,0.07777777777777778,89.0,0.015503875968992248,0.0,-0.5
25,3rrhxtxqcOA,2023-05-16T09:00:03Z,497,23140,371,20,18,0.07916666666666666,104.0,0.13178294573643412,1.0,0.0
26,3rrhxtxqcOA,2023-05-16T09:00:03Z,497,23223,374,20,19,0.08055555555555556,83.0,-0.031007751937984496,3.0,1.0
27,3rrhxtxqcOA,2023-05-16T09:00:03Z,497,23349,374,20,20,0.08194444444444444,126.0,0.3023255813953488,0.0,-0.5
28,3rrhxtxqcOA,2023-05-16T09:00:03Z,497,23440,375,20,21,0.08333333333333333,91.0,0.031007751937984496,1.0,0.0
29,3rrhxtxqcOA,2023-05-16T09:00:03Z,497,23494,375,20,22,0.08472222222222223,54.0,-0.2558139534883721,0.0,-0.5
30,3rrhxtxqcOA,2023-05-16T09:00:03Z,497,23565,375,20,23,0.08611111111111111,71.0,-0.12403100775193798,0.0,-0.5
31,3rrhxtxqcOA,2023-05-16T09:00:03Z,497,23610,376,20,0,0.0875,45.0,-0.32558139534883723,1.0,0.0
32,3rrhxtxqcOA,2023-05-16T09:00:03Z,497,23662,377,20,1,0.08888888888888889,52.0,-0.2713178294573643,1.0,0.0
33,3rrhxtxqcOA,2023-05-16T09:00:03Z,497,23709,379,20,2,0.09027777777777778,47.0,-0.31007751937984496,2.0,0.5
34,3rrhxtxqcOA,2023-05-16T09:00:03Z,497,23756,379,20,3,0.09166666666666666,47.0,-0.31007751937984496,0.0,-0.5
35,3rrhxtxqcOA,2023-05-16T09:00:03Z,497,23792,379,20,4,0.09305555555555556,36.0,-0.3953488372093023,0.0,-0.5
36,3rrhxtxqcOA,2023-05-16T09:00:03Z,497,23836,380,20,5,0.09444444444444444,44.0,-0.3333333333333333,1.0,0.0
37,3rrhxtxqcOA,2023-05-16T09:00:03Z,497,23855,380,20,6,0.09583333333333334,19.0,-0.5271317829457365,0.0,-0.5
38,3rrhxtxqcOA,2023-05-16T09:00:03Z,497,23880,380,20,7,0.09722222222222222,25.0,-0.4806201550387597,0.0,-0.5
39,3rrhxtxqcOA,2023-05-16T09:00:03Z,497,23888,381,20,8,0.09861111111111111,8.0,-0.6124031007751938,1.0,0.0
40,3rrhxtxqcOA,2023-05-16T09:00:03Z,497,23915,381,20,9,0.1,27.0,-0.46511627906976744,0.0,-0.5
41,3rrhxtxqcOA,2023-05-16T09:00:03Z,497,23953,381,20,10,0.10138888888888889,38.0,-0.3798449612403101,0.0,-0.5
