,id,date,duration,views,likes,category_id,hour,update_diff,views_diff,views_diff_scaled,likes_diff,likes_diff_scaled
1,3rrhxtxqcOA,2023-05-16T09:00:03Z,497,24047,383,20,14,0.10694444444444444,34.0,1.0,1.0,1.0
2,3rrhxtxqcOA,2023-05-16T09:00:03Z,497,24081,383,20,15,0.10833333333333334,34.0,1.0,0.0,0.0
3,3rrhxtxqcOA,2023-05-16T09:00:03Z,497,24137,384,20,16,0.10972222222222222,56.0,3.0,1.0,1.0
4,3rrhxtxqcOA,2023-05-16T09:00:03Z,497,24162,384,20,17,0.1111111111111111,25.0,0.18181818181818182,0.0,0.0
5,3rrhxtxqcOA,2023-05-16T09:00:03Z,497,24210,384,20,18,0.1125,48.0,2.272727272727273,0.0,0.0
6,3rrhxtxqcOA,2023-05-16T09:00:03Z,497,24234,384,20,19,0.11388888888888889,24.0,0.09090909090909091,0.0,0.0
7,3rrhxtxqcOA,2023-05-16T09:00:03Z,497,24264,384,20,20,0.11527777777777778,30.0,0.6363636363636364,0.0,0.0
8,3rrhxtxqcOA,2023-05-16T09:00:03Z,497,24297,384,20,21,0.11666666666666667,33.0,0.9090909090909091,0.0,0.0
9,3rrhxtxqcOA,2023-05-16T09:00:03Z,497,24320,384,20,22,0.11805555555555555,23.0,0.0,0.0,0.0
10,3rrhxtxqcOA,2023-05-16T09:00:03Z,497,24351,384,20,23,0.11944444444444445,31.0,0.7272727272727273,0.0,0.0
11,3rrhxtxqcOA,2023-05-16T09:00:03Z,497,24372,384,20,0,0.12083333333333333,21.0,-0.18181818181818182,0.0,0.0
12,3rrhxtxqcOA,2023-05-16T09:00:03Z,497,24394,384,20,1,0.12222222222222222,22.0,-0.09090909090909091,0.0,0.0
13,3rrhxtxqcOA,2023-05-16T09:00:03Z,497,24419,384,20,2,0.12361111111111112,25.0,0.18181818181818182,0.0,0.0
14,3rrhxtxqcOA,2023-05-16T09:00:03Z,497,24440,384,20,3,0.125,21.0,-0.18181818181818182,0.0,0.0
15,3rrhxtxqcOA,2023-05-16T09:00:03Z,497,24470,384,20,4,0.12638888888888888,30.0,0.6363636363636364,0.0,0.0
16,3rrhxtxqcOA,2023-05-16T09:00:03Z,497,24489,384,20,5,0.12777777777777777,19.0,-0.36363636363636365,0.0,0.0
17,3rrhxtxqcOA,2023-05-16T09:00:03Z,497,24517,384,20,6,0.12916666666666668,28.0,0.45454545454545453,0.0,0.0
18,3rrhxtxqcOA,2023-05-16T09:00:03Z,497,24535,384,20,7,0.13055555555555556,18.0,-0.45454545454545453,0.0,0.0
19,3rrhxtxqcOA,2023-05-16T09:00:03Z,497,24553,384,20,8,0.13194444444444445,18.0,-0.45454545454545453,0.0,0.0
20,3rrhxtxqcOA,2023-05-16T09:00:03Z,497,24557,384,20,9,0.13333333333333333,4.0,-1.7272727272727273,0.0,0.0
21,3rrhxtxqcOA,2023-05-16T09:00:03Z,497,24565,385,20,10,0.13472222222222222,8.0,-1.3636363636363635,1.0,1.0
22,3rrhxtxqcOA,2023-05-16T09:00:03Z,497,24576,385,20,11,0.1361111111111111,11.0,-1.0909090909090908,0.0,0.0
23,3rrhxtxqcOA,2023-05-16T09:00:03Z,497,24585,385,20,12,0.1375,9.0,-1.2727272727272727,0.0,0.0
24,3rrhxtxqcOA,2023-05-16T09:00:03Z,497,24606,385,20,13,0.1388888888888889,21.0,-0.18181818181818182,0.0,0.0
25,3rrhxtxqcOA,2023-05-16T09:00:03Z,497,24626,385,20,14,0.14027777777777778,20.0,-0.2727272727272727,0.0,0.0
26,3rrhxtxqcOA,2023-05-16T09:00:03Z,497,24648,385,20,15,0.14166666666666666,22.0,-0.09090909090909091,0.0,0.0
27,3rrhxtxqcOA,2023-05-16T09:00:03Z,497,24674,385,20,16,0.14305555555555555,26.0,0.2727272727272727,0.0,0.0
28,3rrhxtxqcOA,2023-05-16T09:00:03Z,497,24696,385,20,17,0.14444444444444443,22.0,-0.09090909090909091,0.0,0.0
29,3rrhxtxqcOA,2023-05-16T09:00:03Z,497,24719,385,20,18,0.14583333333333334,23.0,0.0,0.0,0.0
30,3rrhxtxqcOA,2023-05-16T09:00:03Z,497,24760,385,20,19,0.14722222222222223,41.0,1.6363636363636365,0.0,0.0
31,3rrhxtxqcOA,2023-05-16T09:00:03Z,497,24778,385,20,20,0.1486111111111111,18.0,-0.45454545454545453,0.0,0.0
32,3rrhxtxqcOA,2023-05-16T09:00:03Z,497,24826,385,20,21,0.15,48.0,2.272727272727273,0.0,0.0
33,3rrhxtxqcOA,2023-05-16T09:00:03Z,497,24842,385,20,22,0.15138888888888888,16.0,-0.6363636363636364,0.0,0.0
