,id,date,duration,views,likes,category_id,hour,update_diff,views_diff,views_diff_scaled,likes_diff,likes_diff_scaled
1,5XseSTZbcUY,2023-05-13T04:00:02Z,693,433764,6814,22,1,0.2625,1108.0,0.9415041782729805,12.0,1.4545454545454546
2,5XseSTZbcUY,2023-05-13T04:00:02Z,693,434567,6819,22,2,0.2638888888888889,803.0,0.3751160631383473,5.0,0.18181818181818182
3,5XseSTZbcUY,2023-05-13T04:00:02Z,693,435439,6824,22,3,0.2652777777777778,872.0,0.5032497678737233,5.0,0.18181818181818182
4,5XseSTZbcUY,2023-05-13T04:00:02Z,693,436240,6828,22,4,0.26666666666666666,801.0,0.3714020427112349,4.0,0.0
5,5XseSTZbcUY,2023-05-13T04:00:02Z,693,436892,6831,22,5,0.26805555555555555,652.0,0.0947075208913649,3.0,-0.18181818181818182
6,5XseSTZbcUY,2023-05-13T04:00:02Z,693,437206,6832,22,6,0.26944444444444443,314.0,-0.5329619312906221,1.0,-0.5454545454545454
7,5XseSTZbcUY,2023-05-13T04:00:02Z,693,437402,6834,22,7,0.2708333333333333,196.0,-0.7520891364902507,2.0,-0.36363636363636365
8,5XseSTZbcUY,2023-05-13T04:00:02Z,693,437617,6838,22,8,0.2722222222222222,215.0,-0.7168059424326834,4.0,0.0
9,5XseSTZbcUY,2023-05-13T04:00:02Z,693,437893,6844,22,9,0.27361111111111114,276.0,-0.6035283194057567,6.0,0.36363636363636365
10,5XseSTZbcUY,2023-05-13T04:00:02Z,693,438494,6850,22,10,0.275,601.0,0.0,6.0,0.36363636363636365
11,5XseSTZbcUY,2023-05-13T04:00:02Z,693,439285,6857,22,11,0.2763888888888889,791.0,0.3528319405756732,7.0,0.5454545454545454
12,5XseSTZbcUY,2023-05-13T04:00:02Z,693,440442,6865,22,12,0.2777777777777778,1157.0,1.032497678737233,8.0,0.7272727272727273
13,5XseSTZbcUY,2023-05-13T04:00:02Z,693,441301,6875,22,13,0.2791666666666667,859.0,0.479108635097493,10.0,1.0909090909090908
14,5XseSTZbcUY,2023-05-13T04:00:02Z,693,442051,6886,22,14,0.28055555555555556,750.0,0.27669452181987003,11.0,1.2727272727272727
15,5XseSTZbcUY,2023-05-13T04:00:02Z,693,443013,6894,22,15,0.28194444444444444,962.0,0.6703806870937791,8.0,0.7272727272727273
16,5XseSTZbcUY,2023-05-13T04:00:02Z,693,443679,6898,22,16,0.2833333333333333,666.0,0.12070566388115135,4.0,0.0
17,5XseSTZbcUY,2023-05-13T04:00:02Z,693,444248,6907,22,17,0.2847222222222222,569.0,-0.059424326833797586,9.0,0.9090909090909091
18,5XseSTZbcUY,2023-05-13T04:00:02Z,693,445116,6921,22,18,0.2861111111111111,868.0,0.4958217270194986,14.0,1.8181818181818181
19,5XseSTZbcUY,2023-05-13T04:00:02Z,693,445965,6934,22,19,0.2875,849.0,0.4605385329619313,13.0,1.6363636363636365
20,5XseSTZbcUY,2023-05-13T04:00:02Z,693,446476,6948,22,20,0.28888888888888886,511.0,-0.1671309192200557,14.0,1.8181818181818181
21,5XseSTZbcUY,2023-05-13T04:00:02Z,693,447994,6955,22,21,0.2902777777777778,1518.0,1.702878365831012,7.0,0.5454545454545454
22,5XseSTZbcUY,2023-05-13T04:00:02Z,693,448790,6960,22,22,0.2916666666666667,796.0,0.362116991643454,5.0,0.18181818181818182
23,5XseSTZbcUY,2023-05-13T04:00:02Z,693,449869,6973,22,23,0.29305555555555557,1079.0,0.8876508820798514,13.0,1.6363636363636365
24,5XseSTZbcUY,2023-05-13T04:00:02Z,693,450517,6978,22,0,0.29444444444444445,648.0,0.0872794800371402,5.0,0.18181818181818182
25,5XseSTZbcUY,2023-05-13T04:00:02Z,693,451250,6982,22,1,0.29583333333333334,733.0,0.24512534818941503,4.0,0.0
26,5XseSTZbcUY,2023-05-13T04:00:02Z,693,451783,6984,22,2,0.2972222222222222,533.0,-0.12627669452181986,2.0,-0.36363636363636365
27,5XseSTZbcUY,2023-05-13T04:00:02Z,693,452521,6986,22,3,0.2986111111111111,738.0,0.25441039925719594,2.0,-0.36363636363636365
28,5XseSTZbcUY,2023-05-13T04:00:02Z,693,453010,6989,22,4,0.3,489.0,-0.20798514391829154,3.0,-0.18181818181818182
29,5XseSTZbcUY,2023-05-13T04:00:02Z,693,453265,6989,22,5,0.3013888888888889,255.0,-0.6425255338904364,0.0,-0.7272727272727273
30,5XseSTZbcUY,2023-05-13T04:00:02Z,693,453410,6989,22,6,0.30277777777777776,145.0,-0.8467966573816156,0.0,-0.7272727272727273
31,5XseSTZbcUY,2023-05-13T04:00:02Z,693,453550,6989,22,7,0.30416666666666664,140.0,-0.8560817084493965,0.0,-0.7272727272727273
32,5XseSTZbcUY,2023-05-13T04:00:02Z,693,453643,6989,22,8,0.3055555555555556,93.0,-0.9433611884865367,0.0,-0.7272727272727273
33,5XseSTZbcUY,2023-05-13T04:00:02Z,693,453762,6991,22,9,0.30694444444444446,119.0,-0.8950789229340761,2.0,-0.36363636363636365
34,5XseSTZbcUY,2023-05-13T04:00:02Z,693,454057,6993,22,10,0.30833333333333335,295.0,-0.5682451253481894,2.0,-0.36363636363636365
35,5XseSTZbcUY,2023-05-13T04:00:02Z,693,454315,6993,22,11,0.30972222222222223,258.0,-0.6369545032497679,0.0,-0.7272727272727273
36,5XseSTZbcUY,2023-05-13T04:00:02Z,693,454475,6998,22,12,0.3111111111111111,160.0,-0.8189415041782729,5.0,0.18181818181818182
37,5XseSTZbcUY,2023-05-13T04:00:02Z,693,454744,7002,22,13,0.3125,269.0,-0.61652739090065,4.0,0.0
38,5XseSTZbcUY,2023-05-13T04:00:02Z,693,455129,7005,22,14,0.3138888888888889,385.0,-0.4011142061281337,3.0,-0.18181818181818182
39,5XseSTZbcUY,2023-05-13T04:00:02Z,693,455386,7008,22,15,0.31527777777777777,257.0,-0.6388115134633241,3.0,-0.18181818181818182
