,id,date,duration,views,likes,category_id,hour,update_diff,views_diff,views_diff_scaled,likes_diff,likes_diff_scaled
1,tKB9aCfbeTI,2023-05-08T11:15:09Z,1005,34996,609,17,10,0.2652777777777778,9.0,-0.6071428571428571,0.0,0.0
2,tKB9aCfbeTI,2023-05-08T11:15:09Z,1005,35007,609,17,11,0.26666666666666666,11.0,-0.5357142857142857,0.0,0.0
3,tKB9aCfbeTI,2023-05-08T11:15:09Z,1005,35017,610,17,12,0.26805555555555555,10.0,-0.5714285714285714,1.0,1.0
4,tKB9aCfbeTI,2023-05-08T11:15:09Z,1005,35042,610,17,13,0.26944444444444443,25.0,-0.03571428571428571,0.0,0.0
5,tKB9aCfbeTI,2023-05-08T11:15:09Z,1005,35087,610,17,14,0.2708333333333333,45.0,0.6785714285714286,0.0,0.0
6,tKB9aCfbeTI,2023-05-08T11:15:09Z,1005,35117,610,17,15,0.2722222222222222,30.0,0.14285714285714285,0.0,0.0
7,tKB9aCfbeTI,2023-05-08T11:15:09Z,1005,35167,610,17,16,0.27361111111111114,50.0,0.8571428571428571,0.0,0.0
8,tKB9aCfbeTI,2023-05-08T11:15:09Z,1005,35193,610,17,17,0.275,26.0,0.0,0.0,0.0
9,tKB9aCfbeTI,2023-05-08T11:15:09Z,1005,35194,611,17,18,0.2763888888888889,1.0,-0.8928571428571429,1.0,1.0
10,tKB9aCfbeTI,2023-05-08T11:15:09Z,1005,35256,613,17,19,0.2777777777777778,62.0,1.2857142857142858,2.0,2.0
11,tKB9aCfbeTI,2023-05-08T11:15:09Z,1005,35259,613,17,20,0.2791666666666667,3.0,-0.8214285714285714,0.0,0.0
12,tKB9aCfbeTI,2023-05-08T11:15:09Z,1005,35270,613,17,21,0.28055555555555556,11.0,-0.5357142857142857,0.0,0.0
13,tKB9aCfbeTI,2023-05-08T11:15:09Z,1005,35297,613,17,22,0.28194444444444444,27.0,0.03571428571428571,0.0,0.0
14,tKB9aCfbeTI,2023-05-08T11:15:09Z,1005,35323,614,17,23,0.2833333333333333,26.0,0.0,1.0,1.0
15,tKB9aCfbeTI,2023-05-08T11:15:09Z,1005,35355,614,17,0,0.2847222222222222,32.0,0.21428571428571427,0.0,0.0
16,tKB9aCfbeTI,2023-05-08T11:15:09Z,1005,35393,614,17,1,0.2861111111111111,38.0,0.42857142857142855,0.0,0.0
17,tKB9aCfbeTI,2023-05-08T11:15:09Z,1005,35419,614,17,2,0.2875,26.0,0.0,0.0,0.0
18,tKB9aCfbeTI,2023-05-08T11:15:09Z,1005,35463,614,17,3,0.28888888888888886,44.0,0.6428571428571429,0.0,0.0
19,tKB9aCfbeTI,2023-05-08T11:15:09Z,1005,35542,614,17,4,0.2902777777777778,79.0,1.8928571428571428,0.0,0.0
20,tKB9aCfbeTI,2023-05-08T11:15:09Z,1005,35580,614,17,5,0.2916666666666667,38.0,0.42857142857142855,0.0,0.0
21,tKB9aCfbeTI,2023-05-08T11:15:09Z,1005,35588,614,17,6,0.29305555555555557,8.0,-0.6428571428571429,0.0,0.0
22,tKB9aCfbeTI,2023-05-08T11:15:09Z,1005,35598,614,17,7,0.29444444444444445,10.0,-0.5714285714285714,0.0,0.0
23,tKB9aCfbeTI,2023-05-08T11:15:09Z,1005,35601,614,17,8,0.29583333333333334,3.0,-0.8214285714285714,0.0,0.0
24,tKB9aCfbeTI,2023-05-08T11:15:09Z,1005,35606,614,17,9,0.2972222222222222,5.0,-0.75,0.0,0.0
25,tKB9aCfbeTI,2023-05-08T11:15:09Z,1005,35616,614,17,10,0.2986111111111111,10.0,-0.5714285714285714,0.0,0.0
