,id,date,duration,views,likes,category_id,hour,update_diff,views_diff,views_diff_scaled,likes_diff,likes_diff_scaled
1,tKB9aCfbeTI,2023-05-08T11:15:09Z,1005,36610,621,17,14,0.37083333333333335,16.0,0.2727272727272727,0.0,0.0
2,tKB9aCfbeTI,2023-05-08T11:15:09Z,1005,36621,621,17,15,0.37222222222222223,11.0,-0.18181818181818182,0.0,0.0
3,tKB9aCfbeTI,2023-05-08T11:15:09Z,1005,36634,621,17,16,0.3736111111111111,13.0,0.0,0.0,0.0
4,tKB9aCfbeTI,2023-05-08T11:15:09Z,1005,36648,622,17,17,0.375,14.0,0.09090909090909091,1.0,1.0
5,tKB9aCfbeTI,2023-05-08T11:15:09Z,1005,36676,622,17,18,0.3763888888888889,28.0,1.3636363636363635,0.0,0.0
6,tKB9aCfbeTI,2023-05-08T11:15:09Z,1005,36693,622,17,19,0.37777777777777777,17.0,0.36363636363636365,0.0,0.0
7,tKB9aCfbeTI,2023-05-08T11:15:09Z,1005,36714,622,17,20,0.37916666666666665,21.0,0.7272727272727273,0.0,0.0
8,tKB9aCfbeTI,2023-05-08T11:15:09Z,1005,36731,622,17,21,0.38055555555555554,17.0,0.36363636363636365,0.0,0.0
9,tKB9aCfbeTI,2023-05-08T11:15:09Z,1005,36738,622,17,22,0.3819444444444444,7.0,-0.5454545454545454,0.0,0.0
10,tKB9aCfbeTI,2023-05-08T11:15:09Z,1005,36755,622,17,23,0.38333333333333336,17.0,0.36363636363636365,0.0,0.0
11,tKB9aCfbeTI,2023-05-08T11:15:09Z,1005,36765,622,17,0,0.38472222222222224,10.0,-0.2727272727272727,0.0,0.0
12,tKB9aCfbeTI,2023-05-08T11:15:09Z,1005,36792,622,17,1,0.3861111111111111,27.0,1.2727272727272727,0.0,0.0
13,tKB9aCfbeTI,2023-05-08T11:15:09Z,1005,36804,622,17,2,0.3875,12.0,-0.09090909090909091,0.0,0.0
14,tKB9aCfbeTI,2023-05-08T11:15:09Z,1005,36827,622,17,3,0.3888888888888889,23.0,0.9090909090909091,0.0,0.0
15,tKB9aCfbeTI,2023-05-08T11:15:09Z,1005,36839,622,17,4,0.3902777777777778,12.0,-0.09090909090909091,0.0,0.0
16,tKB9aCfbeTI,2023-05-08T11:15:09Z,1005,36846,622,17,5,0.39166666666666666,7.0,-0.5454545454545454,0.0,0.0
17,tKB9aCfbeTI,2023-05-08T11:15:09Z,1005,36849,622,17,6,0.39305555555555555,3.0,-0.9090909090909091,0.0,0.0
18,tKB9aCfbeTI,2023-05-08T11:15:09Z,1005,36855,622,17,7,0.39444444444444443,6.0,-0.6363636363636364,0.0,0.0
19,tKB9aCfbeTI,2023-05-08T11:15:09Z,1005,36858,623,17,8,0.3958333333333333,3.0,-0.9090909090909091,1.0,1.0
20,tKB9aCfbeTI,2023-05-08T11:15:09Z,1005,36859,623,17,9,0.3972222222222222,1.0,-1.0909090909090908,0.0,0.0
21,tKB9aCfbeTI,2023-05-08T11:15:09Z,1005,36868,623,17,10,0.39861111111111114,9.0,-0.36363636363636365,0.0,0.0
22,tKB9aCfbeTI,2023-05-08T11:15:09Z,1005,36871,623,17,11,0.4,3.0,-0.9090909090909091,0.0,0.0
23,tKB9aCfbeTI,2023-05-08T11:15:09Z,1005,36886,623,17,12,0.4013888888888889,15.0,0.18181818181818182,0.0,0.0
24,tKB9aCfbeTI,2023-05-08T11:15:09Z,1005,36894,623,17,13,0.4027777777777778,8.0,-0.45454545454545453,0.0,0.0
25,tKB9aCfbeTI,2023-05-08T11:15:09Z,1005,36907,624,17,14,0.4041666666666667,13.0,0.0,1.0,1.0
26,tKB9aCfbeTI,2023-05-08T11:15:09Z,1005,36917,624,17,15,0.40555555555555556,10.0,-0.2727272727272727,0.0,0.0
27,tKB9aCfbeTI,2023-05-08T11:15:09Z,1005,36930,624,17,16,0.40694444444444444,13.0,0.0,0.0,0.0
28,tKB9aCfbeTI,2023-05-08T11:15:09Z,1005,36962,624,17,17,0.4083333333333333,32.0,1.7272727272727273,0.0,0.0
29,tKB9aCfbeTI,2023-05-08T11:15:09Z,1005,36986,624,17,18,0.4097222222222222,24.0,1.0,0.0,0.0
30,tKB9aCfbeTI,2023-05-08T11:15:09Z,1005,37017,624,17,19,0.4111111111111111,31.0,1.6363636363636365,0.0,0.0
31,tKB9aCfbeTI,2023-05-08T11:15:09Z,1005,37036,624,17,20,0.4125,19.0,0.5454545454545454,0.0,0.0
32,tKB9aCfbeTI,2023-05-08T11:15:09Z,1005,37068,624,17,21,0.41388888888888886,32.0,1.7272727272727273,0.0,0.0
33,tKB9aCfbeTI,2023-05-08T11:15:09Z,1005,37076,624,17,22,0.4152777777777778,8.0,-0.45454545454545453,0.0,0.0
