,date,duration,views,likes,category_id,hour,update_diff,id,views_diff,views_diff_scaled,likes_diff,likes_diff_scaled
1,2023-05-10T08:45:01Z,596,272782,3780,20,11,122,,408.0,0.0,4.0,0.5
2,2023-05-10T08:45:01Z,596,273146,3783,20,12,123,,364.0,-0.2913907284768212,3.0,0.0
3,2023-05-10T08:45:01Z,596,273628,3785,20,13,124,,482.0,0.4900662251655629,2.0,-0.5
4,2023-05-10T08:45:01Z,596,274210,3788,20,14,125,,582.0,1.1523178807947019,3.0,0.0
5,2023-05-10T08:45:01Z,596,274849,3788,20,15,126,,639.0,1.5298013245033113,0.0,-1.5
6,2023-05-10T08:45:01Z,596,275504,3789,20,16,127,,655.0,1.6357615894039734,1.0,-1.0
7,2023-05-10T08:45:01Z,596,275865,3790,20,17,128,,361.0,-0.31125827814569534,1.0,-1.0
8,2023-05-10T08:45:01Z,596,276382,3791,20,18,129,O_nKiUfvP-o,517.0,0.7218543046357616,1.0,-1.0
9,2023-05-10T08:45:01Z,596,276744,3794,20,19,130,O_nKiUfvP-o,362.0,-0.304635761589404,3.0,0.0
10,2023-05-10T08:45:01Z,596,277027,3795,20,20,131,O_nKiUfvP-o,283.0,-0.8278145695364238,1.0,-1.0
11,2023-05-10T08:45:01Z,596,277458,3798,20,21,132,O_nKiUfvP-o,431.0,0.152317880794702,3.0,0.0
12,2023-05-10T08:45:01Z,596,277916,3800,20,22,133,O_nKiUfvP-o,458.0,0.33112582781456956,2.0,-0.5
13,2023-05-10T08:45:01Z,596,278235,3804,20,23,134,O_nKiUfvP-o,319.0,-0.5894039735099338,4.0,0.5
14,2023-05-10T08:45:01Z,596,278571,3809,20,0,135,O_nKiUfvP-o,336.0,-0.4768211920529801,5.0,1.0
15,2023-05-10T08:45:01Z,596,278902,3812,20,1,136,O_nKiUfvP-o,331.0,-0.5099337748344371,3.0,0.0
