,id,date,duration,views,likes,category_id,hour,update_diff,views_diff,views_diff_scaled,likes_diff,likes_diff_scaled
1,O_nKiUfvP-o,2023-05-10T08:45:01Z,596,309596,4096,20,1,0.35555555555555557,213.0,0.06130268199233716,0.0,-0.5
2,O_nKiUfvP-o,2023-05-10T08:45:01Z,596,309769,4097,20,2,0.35694444444444445,173.0,-0.24521072796934865,1.0,0.0
3,O_nKiUfvP-o,2023-05-10T08:45:01Z,596,309963,4099,20,3,0.35833333333333334,194.0,-0.0842911877394636,2.0,0.5
4,O_nKiUfvP-o,2023-05-10T08:45:01Z,596,310141,4101,20,4,0.3597222222222222,178.0,-0.20689655172413793,2.0,0.5
5,O_nKiUfvP-o,2023-05-10T08:45:01Z,596,310346,4102,20,5,0.3611111111111111,205.0,0.0,1.0,0.0
6,O_nKiUfvP-o,2023-05-10T08:45:01Z,596,310543,4103,20,6,0.3625,197.0,-0.06130268199233716,1.0,0.0
7,O_nKiUfvP-o,2023-05-10T08:45:01Z,596,310647,4103,20,7,0.3638888888888889,104.0,-0.7739463601532567,0.0,-0.5
8,O_nKiUfvP-o,2023-05-10T08:45:01Z,596,310772,4103,20,8,0.36527777777777776,125.0,-0.6130268199233716,0.0,-0.5
9,O_nKiUfvP-o,2023-05-10T08:45:01Z,596,310853,4103,20,9,0.36666666666666664,81.0,-0.9501915708812261,0.0,-0.5
10,O_nKiUfvP-o,2023-05-10T08:45:01Z,596,310967,4109,20,10,0.3680555555555556,114.0,-0.6973180076628352,6.0,2.5
11,O_nKiUfvP-o,2023-05-10T08:45:01Z,596,311128,4110,20,11,0.36944444444444446,161.0,-0.3371647509578544,1.0,0.0
12,O_nKiUfvP-o,2023-05-10T08:45:01Z,596,311309,4114,20,12,0.37083333333333335,181.0,-0.1839080459770115,4.0,1.5
13,O_nKiUfvP-o,2023-05-10T08:45:01Z,596,311578,4115,20,13,0.37222222222222223,269.0,0.4904214559386973,1.0,0.0
14,O_nKiUfvP-o,2023-05-10T08:45:01Z,596,311878,4117,20,14,0.3736111111111111,300.0,0.7279693486590039,2.0,0.5
15,O_nKiUfvP-o,2023-05-10T08:45:01Z,596,312283,4126,20,15,0.375,405.0,1.5325670498084292,9.0,4.0
16,O_nKiUfvP-o,2023-05-10T08:45:01Z,596,312573,4129,20,16,0.3763888888888889,290.0,0.6513409961685823,3.0,1.0
17,O_nKiUfvP-o,2023-05-10T08:45:01Z,596,312894,4132,20,17,0.37777777777777777,321.0,0.8888888888888888,3.0,1.0
18,O_nKiUfvP-o,2023-05-10T08:45:01Z,596,313323,4134,20,18,0.37916666666666665,429.0,1.7164750957854407,2.0,0.5
19,O_nKiUfvP-o,2023-05-10T08:45:01Z,596,313724,4137,20,19,0.38055555555555554,401.0,1.5019157088122606,3.0,1.0
20,O_nKiUfvP-o,2023-05-10T08:45:01Z,596,313919,4141,20,20,0.3819444444444444,195.0,-0.07662835249042145,4.0,1.5
21,O_nKiUfvP-o,2023-05-10T08:45:01Z,596,314387,4142,20,21,0.38333333333333336,468.0,2.0153256704980844,1.0,0.0
22,O_nKiUfvP-o,2023-05-10T08:45:01Z,596,314667,4145,20,22,0.38472222222222224,280.0,0.5747126436781609,3.0,1.0
23,O_nKiUfvP-o,2023-05-10T08:45:01Z,596,315048,4145,20,23,0.3861111111111111,381.0,1.3486590038314177,0.0,-0.5
24,O_nKiUfvP-o,2023-05-10T08:45:01Z,596,315313,4147,20,0,0.3875,265.0,0.45977011494252873,2.0,0.5
25,O_nKiUfvP-o,2023-05-10T08:45:01Z,596,315579,4148,20,1,0.3888888888888889,266.0,0.4674329501915709,1.0,0.0
26,O_nKiUfvP-o,2023-05-10T08:45:01Z,596,315818,4149,20,2,0.3902777777777778,239.0,0.26053639846743293,1.0,0.0
27,O_nKiUfvP-o,2023-05-10T08:45:01Z,596,316140,4151,20,3,0.39166666666666666,322.0,0.896551724137931,2.0,0.5
28,O_nKiUfvP-o,2023-05-10T08:45:01Z,596,316387,4151,20,4,0.39305555555555555,247.0,0.3218390804597701,0.0,-0.5
29,O_nKiUfvP-o,2023-05-10T08:45:01Z,596,316635,4152,20,5,0.39444444444444443,248.0,0.32950191570881227,1.0,0.0
30,O_nKiUfvP-o,2023-05-10T08:45:01Z,596,316783,4152,20,6,0.3958333333333333,148.0,-0.4367816091954023,0.0,-0.5
31,O_nKiUfvP-o,2023-05-10T08:45:01Z,596,316937,4153,20,7,0.3972222222222222,154.0,-0.39080459770114945,1.0,0.0
32,O_nKiUfvP-o,2023-05-10T08:45:01Z,596,317008,4155,20,8,0.39861111111111114,71.0,-1.0268199233716475,2.0,0.5
33,O_nKiUfvP-o,2023-05-10T08:45:01Z,596,317085,4155,20,9,0.4,77.0,-0.9808429118773946,0.0,-0.5
34,O_nKiUfvP-o,2023-05-10T08:45:01Z,596,317240,4157,20,10,0.4013888888888889,155.0,-0.3831417624521073,2.0,0.5
35,O_nKiUfvP-o,2023-05-10T08:45:01Z,596,317445,4160,20,11,0.4027777777777778,205.0,0.0,3.0,1.0
36,O_nKiUfvP-o,2023-05-10T08:45:01Z,596,317582,4160,20,12,0.4041666666666667,137.0,-0.5210727969348659,0.0,-0.5
37,O_nKiUfvP-o,2023-05-10T08:45:01Z,596,317762,4161,20,13,0.40555555555555556,180.0,-0.19157088122605365,1.0,0.0
38,O_nKiUfvP-o,2023-05-10T08:45:01Z,596,318087,4164,20,14,0.4083333333333333,325.0,0.9195402298850575,3.0,1.0
39,O_nKiUfvP-o,2023-05-10T08:45:01Z,596,318240,4164,20,15,0.4083333333333333,153.0,-0.39846743295019155,0.0,-0.5
