,id,date,duration,views,likes,category_id,hour,update_diff,views_diff,views_diff_scaled,likes_diff,likes_diff_scaled
1,P75XF383cH0,2023-05-14T08:00:11Z,1430,258449,5986,24,1,0.22361111111111112,792.0,1.2997481108312343,12.0,1.3333333333333333
2,P75XF383cH0,2023-05-14T08:00:11Z,1430,259114,5992,24,2,0.225,665.0,0.9798488664987406,6.0,0.3333333333333333
3,P75XF383cH0,2023-05-14T08:00:11Z,1430,259795,6002,24,3,0.2263888888888889,681.0,1.0201511335012594,10.0,1.0
4,P75XF383cH0,2023-05-14T08:00:11Z,1430,260368,6005,24,4,0.22777777777777777,573.0,0.7481108312342569,3.0,-0.16666666666666666
5,P75XF383cH0,2023-05-14T08:00:11Z,1430,260820,6005,24,5,0.22916666666666666,452.0,0.4433249370277078,0.0,-0.6666666666666666
6,P75XF383cH0,2023-05-14T08:00:11Z,1430,261112,6010,24,6,0.23055555555555557,292.0,0.04030226700251889,5.0,0.16666666666666666
7,P75XF383cH0,2023-05-14T08:00:11Z,1430,261281,6011,24,7,0.23194444444444445,169.0,-0.2695214105793451,1.0,-0.5
8,P75XF383cH0,2023-05-14T08:00:11Z,1430,261451,6013,24,8,0.23333333333333334,170.0,-0.26700251889168763,2.0,-0.3333333333333333
9,P75XF383cH0,2023-05-14T08:00:11Z,1430,261581,6014,24,9,0.23472222222222222,130.0,-0.3677581863979849,1.0,-0.5
10,P75XF383cH0,2023-05-14T08:00:11Z,1430,261740,6017,24,10,0.2361111111111111,159.0,-0.2947103274559194,3.0,-0.16666666666666666
11,P75XF383cH0,2023-05-14T08:00:11Z,1430,261899,6026,24,11,0.2375,159.0,-0.2947103274559194,9.0,0.8333333333333334
12,P75XF383cH0,2023-05-14T08:00:11Z,1430,262117,6030,24,12,0.2388888888888889,218.0,-0.14609571788413098,4.0,0.0
13,P75XF383cH0,2023-05-14T08:00:11Z,1430,262374,6038,24,13,0.24027777777777778,257.0,-0.04785894206549118,8.0,0.6666666666666666
14,P75XF383cH0,2023-05-14T08:00:11Z,1430,262650,6040,24,14,0.24166666666666667,276.0,0.0,2.0,-0.3333333333333333
15,P75XF383cH0,2023-05-14T08:00:11Z,1430,262993,6048,24,15,0.24305555555555555,343.0,0.16876574307304787,8.0,0.6666666666666666
16,P75XF383cH0,2023-05-14T08:00:11Z,1430,263236,6051,24,16,0.24444444444444444,243.0,-0.08312342569269521,3.0,-0.16666666666666666
17,P75XF383cH0,2023-05-14T08:00:11Z,1430,263481,6055,24,17,0.24583333333333332,245.0,-0.07808564231738035,4.0,0.0
18,P75XF383cH0,2023-05-14T08:00:11Z,1430,263869,6064,24,18,0.24722222222222223,388.0,0.28211586901763225,9.0,0.8333333333333334
19,P75XF383cH0,2023-05-14T08:00:11Z,1430,264348,6072,24,19,0.24861111111111112,479.0,0.5113350125944585,8.0,0.6666666666666666
20,P75XF383cH0,2023-05-14T08:00:11Z,1430,264557,6082,24,20,0.25,209.0,-0.16876574307304787,10.0,1.0
21,P75XF383cH0,2023-05-14T08:00:11Z,1430,265230,6097,24,21,0.2513888888888889,673.0,1.0,15.0,1.8333333333333333
22,P75XF383cH0,2023-05-14T08:00:11Z,1430,265648,6104,24,22,0.25277777777777777,418.0,0.35768261964735515,7.0,0.5
23,P75XF383cH0,2023-05-14T08:00:11Z,1430,266438,6118,24,23,0.25416666666666665,790.0,1.2947103274559193,14.0,1.6666666666666667
24,P75XF383cH0,2023-05-14T08:00:11Z,1430,267013,6126,24,0,0.25555555555555554,575.0,0.7531486146095718,8.0,0.6666666666666666
25,P75XF383cH0,2023-05-14T08:00:11Z,1430,267723,6135,24,1,0.2569444444444444,710.0,1.093198992443325,9.0,0.8333333333333334
26,P75XF383cH0,2023-05-14T08:00:11Z,1430,268283,6143,24,2,0.25833333333333336,560.0,0.7153652392947103,8.0,0.6666666666666666
27,P75XF383cH0,2023-05-14T08:00:11Z,1430,269104,6144,24,3,0.25972222222222224,821.0,1.3727959697732997,1.0,-0.5
28,P75XF383cH0,2023-05-14T08:00:11Z,1430,269612,6148,24,4,0.2611111111111111,508.0,0.5843828715365239,4.0,0.0
29,P75XF383cH0,2023-05-14T08:00:11Z,1430,270187,6149,24,5,0.2625,575.0,0.7531486146095718,1.0,-0.5
30,P75XF383cH0,2023-05-14T08:00:11Z,1430,270471,6150,24,6,0.2638888888888889,284.0,0.020151133501259445,1.0,-0.5
31,P75XF383cH0,2023-05-14T08:00:11Z,1430,270742,6154,24,7,0.2652777777777778,271.0,-0.012594458438287154,4.0,0.0
32,P75XF383cH0,2023-05-14T08:00:11Z,1430,270877,6156,24,8,0.26666666666666666,135.0,-0.35516372795969775,2.0,-0.3333333333333333
33,P75XF383cH0,2023-05-14T08:00:11Z,1430,270954,6158,24,9,0.26805555555555555,77.0,-0.5012594458438288,2.0,-0.3333333333333333
34,P75XF383cH0,2023-05-14T08:00:11Z,1430,271109,6162,24,10,0.26944444444444443,155.0,-0.3047858942065491,4.0,0.0
35,P75XF383cH0,2023-05-14T08:00:11Z,1430,271235,6165,24,11,0.2708333333333333,126.0,-0.3778337531486146,3.0,-0.16666666666666666
36,P75XF383cH0,2023-05-14T08:00:11Z,1430,271328,6167,24,12,0.2722222222222222,93.0,-0.4609571788413098,2.0,-0.3333333333333333
37,P75XF383cH0,2023-05-14T08:00:11Z,1430,271518,6173,24,13,0.27361111111111114,190.0,-0.21662468513853905,6.0,0.3333333333333333
38,P75XF383cH0,2023-05-14T08:00:11Z,1430,271785,6175,24,14,0.275,267.0,-0.022670025188916875,2.0,-0.3333333333333333
39,P75XF383cH0,2023-05-14T08:00:11Z,1430,271901,6177,24,15,0.2763888888888889,116.0,-0.40302267002518893,2.0,-0.3333333333333333
