,id,date,duration,views,likes,category_id,hour,update_diff,views_diff,views_diff_scaled,likes_diff,likes_diff_scaled
1,hGktlaYpHsI,2023-05-11T05:29:10Z,355,140915,5205,20,1,0.3277777777777778,72.0,0.14634146341463414,3.0,0.8
2,hGktlaYpHsI,2023-05-11T05:29:10Z,355,140986,5206,20,2,0.32916666666666666,71.0,0.12195121951219512,1.0,0.0
3,hGktlaYpHsI,2023-05-11T05:29:10Z,355,141065,5208,20,3,0.33055555555555555,79.0,0.3170731707317073,2.0,0.4
4,hGktlaYpHsI,2023-05-11T05:29:10Z,355,141136,5211,20,4,0.33194444444444443,71.0,0.12195121951219512,3.0,0.8
5,hGktlaYpHsI,2023-05-11T05:29:10Z,355,141193,5212,20,5,0.3333333333333333,57.0,-0.21951219512195122,1.0,0.0
6,hGktlaYpHsI,2023-05-11T05:29:10Z,355,141247,5213,20,6,0.3347222222222222,54.0,-0.2926829268292683,1.0,0.0
7,hGktlaYpHsI,2023-05-11T05:29:10Z,355,141274,5213,20,7,0.33611111111111114,27.0,-0.9512195121951219,0.0,-0.4
8,hGktlaYpHsI,2023-05-11T05:29:10Z,355,141300,5214,20,8,0.3375,26.0,-0.975609756097561,1.0,0.0
9,hGktlaYpHsI,2023-05-11T05:29:10Z,355,141307,5214,20,9,0.3388888888888889,7.0,-1.4390243902439024,0.0,-0.4
10,hGktlaYpHsI,2023-05-11T05:29:10Z,355,141323,5214,20,10,0.3402777777777778,16.0,-1.2195121951219512,0.0,-0.4
11,hGktlaYpHsI,2023-05-11T05:29:10Z,355,141344,5215,20,11,0.3416666666666667,21.0,-1.0975609756097562,1.0,0.0
12,hGktlaYpHsI,2023-05-11T05:29:10Z,355,141386,5218,20,12,0.34305555555555556,42.0,-0.5853658536585366,3.0,0.8
13,hGktlaYpHsI,2023-05-11T05:29:10Z,355,141449,5222,20,13,0.34444444444444444,63.0,-0.07317073170731707,4.0,1.2
14,hGktlaYpHsI,2023-05-11T05:29:10Z,355,141514,5223,20,14,0.3458333333333333,65.0,-0.024390243902439025,1.0,0.0
15,hGktlaYpHsI,2023-05-11T05:29:10Z,355,141627,5226,20,15,0.3472222222222222,113.0,1.146341463414634,3.0,0.8
16,hGktlaYpHsI,2023-05-11T05:29:10Z,355,141738,5226,20,16,0.3486111111111111,111.0,1.0975609756097562,0.0,-0.4
17,hGktlaYpHsI,2023-05-11T05:29:10Z,355,141809,5228,20,17,0.35,71.0,0.12195121951219512,2.0,0.4
18,hGktlaYpHsI,2023-05-11T05:29:10Z,355,141950,5231,20,18,0.35138888888888886,141.0,1.829268292682927,3.0,0.8
19,hGktlaYpHsI,2023-05-11T05:29:10Z,355,142118,5234,20,19,0.3527777777777778,168.0,2.4878048780487805,3.0,0.8
20,hGktlaYpHsI,2023-05-11T05:29:10Z,355,142177,5239,20,20,0.3541666666666667,59.0,-0.17073170731707318,5.0,1.6
21,hGktlaYpHsI,2023-05-11T05:29:10Z,355,142376,5240,20,21,0.35555555555555557,199.0,3.2439024390243905,1.0,0.0
22,hGktlaYpHsI,2023-05-11T05:29:10Z,355,142479,5242,20,22,0.35694444444444445,103.0,0.9024390243902439,2.0,0.4
23,hGktlaYpHsI,2023-05-11T05:29:10Z,355,142613,5245,20,23,0.35833333333333334,134.0,1.6585365853658536,3.0,0.8
24,hGktlaYpHsI,2023-05-11T05:29:10Z,355,142685,5247,20,0,0.3597222222222222,72.0,0.14634146341463414,2.0,0.4
25,hGktlaYpHsI,2023-05-11T05:29:10Z,355,142768,5252,20,1,0.3611111111111111,83.0,0.4146341463414634,5.0,1.6
26,hGktlaYpHsI,2023-05-11T05:29:10Z,355,142840,5253,20,2,0.3625,72.0,0.14634146341463414,1.0,0.0
27,hGktlaYpHsI,2023-05-11T05:29:10Z,355,142944,5254,20,3,0.3638888888888889,104.0,0.926829268292683,1.0,0.0
28,hGktlaYpHsI,2023-05-11T05:29:10Z,355,143020,5255,20,4,0.36527777777777776,76.0,0.24390243902439024,1.0,0.0
29,hGktlaYpHsI,2023-05-11T05:29:10Z,355,143088,5255,20,5,0.36666666666666664,68.0,0.04878048780487805,0.0,-0.4
30,hGktlaYpHsI,2023-05-11T05:29:10Z,355,143126,5256,20,6,0.3680555555555556,38.0,-0.6829268292682927,1.0,0.0
31,hGktlaYpHsI,2023-05-11T05:29:10Z,355,143181,5256,20,7,0.36944444444444446,55.0,-0.2682926829268293,0.0,-0.4
32,hGktlaYpHsI,2023-05-11T05:29:10Z,355,143208,5259,20,8,0.37083333333333335,27.0,-0.9512195121951219,3.0,0.8
33,hGktlaYpHsI,2023-05-11T05:29:10Z,355,143231,5260,20,9,0.37222222222222223,23.0,-1.048780487804878,1.0,0.0
34,hGktlaYpHsI,2023-05-11T05:29:10Z,355,143304,5260,20,10,0.3736111111111111,73.0,0.17073170731707318,0.0,-0.4
35,hGktlaYpHsI,2023-05-11T05:29:10Z,355,143367,5260,20,11,0.375,63.0,-0.07317073170731707,0.0,-0.4
36,hGktlaYpHsI,2023-05-11T05:29:10Z,355,143391,5262,20,12,0.3763888888888889,24.0,-1.024390243902439,2.0,0.4
37,hGktlaYpHsI,2023-05-11T05:29:10Z,355,143426,5262,20,13,0.37777777777777777,35.0,-0.7560975609756098,0.0,-0.4
38,hGktlaYpHsI,2023-05-11T05:29:10Z,355,143492,5263,20,14,0.37916666666666665,66.0,0.0,1.0,0.0
39,hGktlaYpHsI,2023-05-11T05:29:10Z,355,143515,5263,20,15,0.38055555555555554,23.0,-1.048780487804878,0.0,-0.4
