,id,date,duration,views,likes,category_id,hour,update_diff,views_diff,views_diff_scaled,likes_diff,likes_diff_scaled
1,hGktlaYpHsI,2023-05-11T05:29:10Z,355,138479,5150,20,14,0.2791666666666667,48.0,-0.6764705882352942,1.0,0.0
2,hGktlaYpHsI,2023-05-11T05:29:10Z,355,138534,5152,20,15,0.28055555555555556,55.0,-0.47058823529411764,2.0,0.5
3,hGktlaYpHsI,2023-05-11T05:29:10Z,355,138608,5152,20,16,0.28194444444444444,74.0,0.08823529411764706,0.0,-0.5
4,hGktlaYpHsI,2023-05-11T05:29:10Z,355,138651,5154,20,17,0.2833333333333333,43.0,-0.8235294117647058,2.0,0.5
5,hGktlaYpHsI,2023-05-11T05:29:10Z,355,138734,5157,20,18,0.2847222222222222,83.0,0.35294117647058826,3.0,1.0
6,hGktlaYpHsI,2023-05-11T05:29:10Z,355,138802,5158,20,19,0.2861111111111111,68.0,-0.08823529411764706,1.0,0.0
7,hGktlaYpHsI,2023-05-11T05:29:10Z,355,138884,5162,20,20,0.2875,82.0,0.3235294117647059,4.0,1.5
8,hGktlaYpHsI,2023-05-11T05:29:10Z,355,138956,5162,20,21,0.28888888888888886,72.0,0.029411764705882353,0.0,-0.5
9,hGktlaYpHsI,2023-05-11T05:29:10Z,355,139011,5164,20,22,0.2902777777777778,55.0,-0.47058823529411764,2.0,0.5
10,hGktlaYpHsI,2023-05-11T05:29:10Z,355,139094,5166,20,23,0.2916666666666667,83.0,0.35294117647058826,2.0,0.5
11,hGktlaYpHsI,2023-05-11T05:29:10Z,355,139179,5167,20,0,0.29305555555555557,85.0,0.4117647058823529,1.0,0.0
12,hGktlaYpHsI,2023-05-11T05:29:10Z,355,139253,5167,20,1,0.29444444444444445,74.0,0.08823529411764706,0.0,-0.5
13,hGktlaYpHsI,2023-05-11T05:29:10Z,355,139310,5168,20,2,0.29583333333333334,57.0,-0.4117647058823529,1.0,0.0
14,hGktlaYpHsI,2023-05-11T05:29:10Z,355,139387,5169,20,3,0.2972222222222222,77.0,0.17647058823529413,1.0,0.0
15,hGktlaYpHsI,2023-05-11T05:29:10Z,355,139439,5170,20,4,0.2986111111111111,52.0,-0.5588235294117647,1.0,0.0
16,hGktlaYpHsI,2023-05-11T05:29:10Z,355,139489,5170,20,5,0.3,50.0,-0.6176470588235294,0.0,-0.5
17,hGktlaYpHsI,2023-05-11T05:29:10Z,355,139535,5172,20,6,0.3013888888888889,46.0,-0.7352941176470589,2.0,0.5
18,hGktlaYpHsI,2023-05-11T05:29:10Z,355,139573,5172,20,7,0.30277777777777776,38.0,-0.9705882352941176,0.0,-0.5
19,hGktlaYpHsI,2023-05-11T05:29:10Z,355,139616,5172,20,8,0.30416666666666664,43.0,-0.8235294117647058,0.0,-0.5
20,hGktlaYpHsI,2023-05-11T05:29:10Z,355,139638,5172,20,9,0.3055555555555556,22.0,-1.4411764705882353,0.0,-0.5
21,hGktlaYpHsI,2023-05-11T05:29:10Z,355,139662,5175,20,10,0.30694444444444446,24.0,-1.3823529411764706,3.0,1.0
22,hGktlaYpHsI,2023-05-11T05:29:10Z,355,139711,5178,20,11,0.30833333333333335,49.0,-0.6470588235294118,3.0,1.0
23,hGktlaYpHsI,2023-05-11T05:29:10Z,355,139785,5180,20,12,0.30972222222222223,74.0,0.08823529411764706,2.0,0.5
24,hGktlaYpHsI,2023-05-11T05:29:10Z,355,139877,5183,20,13,0.3111111111111111,92.0,0.6176470588235294,3.0,1.0
25,hGktlaYpHsI,2023-05-11T05:29:10Z,355,139965,5187,20,14,0.3125,88.0,0.5,4.0,1.5
26,hGktlaYpHsI,2023-05-11T05:29:10Z,355,140043,5190,20,15,0.3138888888888889,78.0,0.20588235294117646,3.0,1.0
27,hGktlaYpHsI,2023-05-11T05:29:10Z,355,140173,5190,20,16,0.31527777777777777,130.0,1.7352941176470589,0.0,-0.5
28,hGktlaYpHsI,2023-05-11T05:29:10Z,355,140296,5190,20,17,0.31666666666666665,123.0,1.5294117647058822,0.0,-0.5
29,hGktlaYpHsI,2023-05-11T05:29:10Z,355,140367,5192,20,18,0.31805555555555554,71.0,0.0,2.0,0.5
30,hGktlaYpHsI,2023-05-11T05:29:10Z,355,140488,5194,20,19,0.3194444444444444,121.0,1.4705882352941178,2.0,0.5
31,hGktlaYpHsI,2023-05-11T05:29:10Z,355,140532,5195,20,20,0.32083333333333336,44.0,-0.7941176470588235,1.0,0.0
32,hGktlaYpHsI,2023-05-11T05:29:10Z,355,140641,5195,20,21,0.32222222222222224,109.0,1.1176470588235294,0.0,-0.5
33,hGktlaYpHsI,2023-05-11T05:29:10Z,355,140694,5197,20,22,0.3236111111111111,53.0,-0.5294117647058824,2.0,0.5
