,id,date,duration,views,likes,category_id,hour,update_diff,views_diff,views_diff_scaled,likes_diff,likes_diff_scaled
1,loOMN-T2QW4,2023-04-22T12:00:11Z,795,33150,741,17,1,0.9513888888888888,5.0,0.6666666666666666,0.0,0.0
2,loOMN-T2QW4,2023-04-22T12:00:11Z,795,33158,741,17,2,0.9527777777777777,8.0,1.6666666666666667,0.0,0.0
3,loOMN-T2QW4,2023-04-22T12:00:11Z,795,33161,741,17,3,0.9541666666666667,3.0,0.0,0.0,0.0
4,loOMN-T2QW4,2023-04-22T12:00:11Z,795,33167,741,17,4,0.9555555555555556,6.0,1.0,0.0,0.0
5,loOMN-T2QW4,2023-04-22T12:00:11Z,795,33173,741,17,5,0.9569444444444445,6.0,1.0,0.0,0.0
6,loOMN-T2QW4,2023-04-22T12:00:11Z,795,33175,741,17,6,0.9583333333333334,2.0,-0.3333333333333333,0.0,0.0
7,loOMN-T2QW4,2023-04-22T12:00:11Z,795,33176,741,17,7,0.9597222222222223,1.0,-0.6666666666666666,0.0,0.0
8,loOMN-T2QW4,2023-04-22T12:00:11Z,795,33179,741,17,8,0.9611111111111111,3.0,0.0,0.0,0.0
9,loOMN-T2QW4,2023-04-22T12:00:11Z,795,33180,741,17,9,0.9625,1.0,-0.6666666666666666,0.0,0.0
10,loOMN-T2QW4,2023-04-22T12:00:11Z,795,33182,741,17,10,0.9638888888888889,2.0,-0.3333333333333333,0.0,0.0
11,loOMN-T2QW4,2023-04-22T12:00:11Z,795,33184,741,17,11,0.9652777777777778,2.0,-0.3333333333333333,0.0,0.0
12,loOMN-T2QW4,2023-04-22T12:00:11Z,795,33187,741,17,12,0.9666666666666667,3.0,0.0,0.0,0.0
13,loOMN-T2QW4,2023-04-22T12:00:11Z,795,33190,741,17,13,0.9680555555555556,3.0,0.0,0.0,0.0
14,loOMN-T2QW4,2023-04-22T12:00:11Z,795,33197,741,17,14,0.9694444444444444,7.0,1.3333333333333333,0.0,0.0
15,loOMN-T2QW4,2023-04-22T12:00:11Z,795,33204,741,17,15,0.9708333333333333,7.0,1.3333333333333333,0.0,0.0
16,loOMN-T2QW4,2023-04-22T12:00:11Z,795,33207,741,17,16,0.9722222222222222,3.0,0.0,0.0,0.0
17,loOMN-T2QW4,2023-04-22T12:00:11Z,795,33211,741,17,17,0.9736111111111111,4.0,0.3333333333333333,0.0,0.0
18,loOMN-T2QW4,2023-04-22T12:00:11Z,795,33214,742,17,18,0.975,3.0,0.0,1.0,1.0
19,loOMN-T2QW4,2023-04-22T12:00:11Z,795,33228,742,17,19,0.9763888888888889,14.0,3.6666666666666665,0.0,0.0
20,loOMN-T2QW4,2023-04-22T12:00:11Z,795,33231,742,17,20,0.9777777777777777,3.0,0.0,0.0,0.0
21,loOMN-T2QW4,2023-04-22T12:00:11Z,795,33237,742,17,21,0.9791666666666666,6.0,1.0,0.0,0.0
22,loOMN-T2QW4,2023-04-22T12:00:11Z,795,33240,742,17,22,0.9805555555555555,3.0,0.0,0.0,0.0
23,loOMN-T2QW4,2023-04-22T12:00:11Z,795,33247,743,17,23,0.9819444444444444,7.0,1.3333333333333333,1.0,1.0
24,loOMN-T2QW4,2023-04-22T12:00:11Z,795,33248,743,17,0,0.9833333333333333,1.0,-0.6666666666666666,0.0,0.0
25,loOMN-T2QW4,2023-04-22T12:00:11Z,795,33253,743,17,1,0.9847222222222223,5.0,0.6666666666666666,0.0,0.0
26,loOMN-T2QW4,2023-04-22T12:00:11Z,795,33258,743,17,2,0.9861111111111112,5.0,0.6666666666666666,0.0,0.0
27,loOMN-T2QW4,2023-04-22T12:00:11Z,795,33265,743,17,3,0.9875,7.0,1.3333333333333333,0.0,0.0
28,loOMN-T2QW4,2023-04-22T12:00:11Z,795,33270,743,17,4,0.9888888888888889,5.0,0.6666666666666666,0.0,0.0
29,loOMN-T2QW4,2023-04-22T12:00:11Z,795,33272,743,17,5,0.9902777777777778,2.0,-0.3333333333333333,0.0,0.0
30,loOMN-T2QW4,2023-04-22T12:00:11Z,795,33272,743,17,6,0.9916666666666667,0.0,-1.0,0.0,0.0
31,loOMN-T2QW4,2023-04-22T12:00:11Z,795,33273,743,17,7,0.9930555555555556,1.0,-0.6666666666666666,0.0,0.0
32,loOMN-T2QW4,2023-04-22T12:00:11Z,795,33273,743,17,8,0.9944444444444445,0.0,-1.0,0.0,0.0
33,loOMN-T2QW4,2023-04-22T12:00:11Z,795,33273,743,17,9,0.9958333333333333,0.0,-1.0,0.0,0.0
34,loOMN-T2QW4,2023-04-22T12:00:11Z,795,33273,743,17,10,0.9972222222222222,0.0,-1.0,0.0,0.0
35,loOMN-T2QW4,2023-04-22T12:00:11Z,795,33276,743,17,11,0.9986111111111111,3.0,0.0,0.0,0.0
36,loOMN-T2QW4,2023-04-22T12:00:11Z,795,33278,743,17,12,1.0,2.0,-0.3333333333333333,0.0,0.0
37,loOMN-T2QW4,2023-04-22T12:00:11Z,795,33281,743,17,13,1.0013888888888889,3.0,0.0,0.0,0.0
38,loOMN-T2QW4,2023-04-22T12:00:11Z,795,33283,743,17,14,1.0027777777777778,2.0,-0.3333333333333333,0.0,0.0
39,loOMN-T2QW4,2023-04-22T12:00:11Z,795,33285,743,17,15,1.0041666666666667,2.0,-0.3333333333333333,0.0,0.0
