,id,date,duration,views,likes,category_id,hour,update_diff,views_diff,views_diff_scaled,likes_diff,likes_diff_scaled
1,1MDl7cOerU4,2023-05-13T09:09:11Z,1545,46010,2033,15,1,0.25555555555555554,64.0,1.2765957446808511,1.0,0.0
2,1MDl7cOerU4,2023-05-13T09:09:11Z,1545,46050,2034,15,2,0.2569444444444444,40.0,0.2553191489361702,1.0,0.0
3,1MDl7cOerU4,2023-05-13T09:09:11Z,1545,46081,2034,15,3,0.25833333333333336,31.0,-0.1276595744680851,0.0,-1.0
4,1MDl7cOerU4,2023-05-13T09:09:11Z,1545,46124,2034,15,4,0.25972222222222224,43.0,0.3829787234042553,0.0,-1.0
5,1MDl7cOerU4,2023-05-13T09:09:11Z,1545,46163,2034,15,5,0.2611111111111111,39.0,0.2127659574468085,0.0,-1.0
6,1MDl7cOerU4,2023-05-13T09:09:11Z,1545,46188,2034,15,6,0.2625,25.0,-0.3829787234042553,0.0,-1.0
7,1MDl7cOerU4,2023-05-13T09:09:11Z,1545,46196,2033,15,7,0.2638888888888889,8.0,-1.1063829787234043,-1.0,-2.0
8,1MDl7cOerU4,2023-05-13T09:09:11Z,1545,46206,2034,15,8,0.2652777777777778,10.0,-1.0212765957446808,1.0,0.0
9,1MDl7cOerU4,2023-05-13T09:09:11Z,1545,46215,2034,15,9,0.26666666666666666,9.0,-1.0638297872340425,0.0,-1.0
10,1MDl7cOerU4,2023-05-13T09:09:11Z,1545,46235,2034,15,10,0.26805555555555555,20.0,-0.5957446808510638,0.0,-1.0
11,1MDl7cOerU4,2023-05-13T09:09:11Z,1545,46253,2035,15,11,0.26944444444444443,18.0,-0.6808510638297872,1.0,0.0
12,1MDl7cOerU4,2023-05-13T09:09:11Z,1545,46287,2036,15,12,0.2708333333333333,34.0,0.0,1.0,0.0
13,1MDl7cOerU4,2023-05-13T09:09:11Z,1545,46319,2039,15,13,0.2722222222222222,32.0,-0.0851063829787234,3.0,2.0
14,1MDl7cOerU4,2023-05-13T09:09:11Z,1545,46359,2042,15,14,0.27361111111111114,40.0,0.2553191489361702,3.0,2.0
15,1MDl7cOerU4,2023-05-13T09:09:11Z,1545,46410,2043,15,15,0.275,51.0,0.723404255319149,1.0,0.0
16,1MDl7cOerU4,2023-05-13T09:09:11Z,1545,46454,2045,15,16,0.2763888888888889,44.0,0.425531914893617,2.0,1.0
17,1MDl7cOerU4,2023-05-13T09:09:11Z,1545,46495,2046,15,17,0.2777777777777778,41.0,0.2978723404255319,1.0,0.0
18,1MDl7cOerU4,2023-05-13T09:09:11Z,1545,46545,2048,15,18,0.2791666666666667,50.0,0.6808510638297872,2.0,1.0
19,1MDl7cOerU4,2023-05-13T09:09:11Z,1545,46580,2048,15,19,0.28055555555555556,35.0,0.0425531914893617,0.0,-1.0
20,1MDl7cOerU4,2023-05-13T09:09:11Z,1545,46609,2051,15,20,0.28194444444444444,29.0,-0.2127659574468085,3.0,2.0
21,1MDl7cOerU4,2023-05-13T09:09:11Z,1545,46670,2051,15,21,0.2833333333333333,61.0,1.148936170212766,0.0,-1.0
22,1MDl7cOerU4,2023-05-13T09:09:11Z,1545,46712,2051,15,22,0.2847222222222222,42.0,0.3404255319148936,0.0,-1.0
23,1MDl7cOerU4,2023-05-13T09:09:11Z,1545,46789,2051,15,23,0.2861111111111111,77.0,1.8297872340425532,0.0,-1.0
24,1MDl7cOerU4,2023-05-13T09:09:11Z,1545,46828,2053,15,0,0.2875,39.0,0.2127659574468085,2.0,1.0
25,1MDl7cOerU4,2023-05-13T09:09:11Z,1545,46874,2055,15,1,0.28888888888888886,46.0,0.5106382978723404,2.0,1.0
26,1MDl7cOerU4,2023-05-13T09:09:11Z,1545,46909,2059,15,2,0.2902777777777778,35.0,0.0425531914893617,4.0,3.0
27,1MDl7cOerU4,2023-05-13T09:09:11Z,1545,46961,2059,15,3,0.2916666666666667,52.0,0.7659574468085106,0.0,-1.0
28,1MDl7cOerU4,2023-05-13T09:09:11Z,1545,46992,2059,15,4,0.29305555555555557,31.0,-0.1276595744680851,0.0,-1.0
29,1MDl7cOerU4,2023-05-13T09:09:11Z,1545,47027,2059,15,5,0.29444444444444445,35.0,0.0425531914893617,0.0,-1.0
30,1MDl7cOerU4,2023-05-13T09:09:11Z,1545,47043,2059,15,6,0.29583333333333334,16.0,-0.7659574468085106,0.0,-1.0
31,1MDl7cOerU4,2023-05-13T09:09:11Z,1545,47067,2059,15,7,0.2972222222222222,24.0,-0.425531914893617,0.0,-1.0
32,1MDl7cOerU4,2023-05-13T09:09:11Z,1545,47072,2060,15,8,0.2986111111111111,5.0,-1.2340425531914894,1.0,0.0
33,1MDl7cOerU4,2023-05-13T09:09:11Z,1545,47076,2060,15,9,0.3,4.0,-1.2765957446808511,0.0,-1.0
34,1MDl7cOerU4,2023-05-13T09:09:11Z,1545,47099,2060,15,10,0.3013888888888889,23.0,-0.46808510638297873,0.0,-1.0
35,1MDl7cOerU4,2023-05-13T09:09:11Z,1545,47117,2061,15,11,0.30277777777777776,18.0,-0.6808510638297872,1.0,0.0
36,1MDl7cOerU4,2023-05-13T09:09:11Z,1545,47131,2061,15,12,0.30416666666666664,14.0,-0.851063829787234,0.0,-1.0
37,1MDl7cOerU4,2023-05-13T09:09:11Z,1545,47144,2062,15,13,0.3055555555555556,13.0,-0.8936170212765957,1.0,0.0
38,1MDl7cOerU4,2023-05-13T09:09:11Z,1545,47185,2064,15,14,0.30694444444444446,41.0,0.2978723404255319,2.0,1.0
39,1MDl7cOerU4,2023-05-13T09:09:11Z,1545,47201,2065,15,15,0.30833333333333335,16.0,-0.7659574468085106,1.0,0.0
