,id,date,duration,views,likes,category_id,hour,update_diff,views_diff,views_diff_scaled,likes_diff,likes_diff_scaled
1,6iZyquKcpzg,2023-05-14T09:00:09Z,347,218715,9753,10,16,0.10972222222222222,2762.0,0.7923475488242328,61.0,0.7213114754098361
2,6iZyquKcpzg,2023-05-14T09:00:09Z,347,220877,9824,10,17,0.1111111111111111,2162.0,0.3140693503387804,71.0,1.0491803278688525
3,6iZyquKcpzg,2023-05-14T09:00:09Z,347,223837,9917,10,18,0.1125,2960.0,0.950179354324432,93.0,1.7704918032786885
4,6iZyquKcpzg,2023-05-14T09:00:09Z,347,225605,9995,10,19,0.11388888888888889,1768.0,0.0,78.0,1.278688524590164
5,6iZyquKcpzg,2023-05-14T09:00:09Z,347,228550,10058,10,20,0.11527777777777778,2945.0,0.9382223993622958,63.0,0.7868852459016393
6,6iZyquKcpzg,2023-05-14T09:00:09Z,347,231737,10120,10,21,0.11666666666666667,3187.0,1.1311279394180949,62.0,0.7540983606557377
7,6iZyquKcpzg,2023-05-14T09:00:09Z,347,235087,10194,10,22,0.11805555555555555,3350.0,1.2610601833399762,74.0,1.1475409836065573
8,6iZyquKcpzg,2023-05-14T09:00:09Z,347,238317,10255,10,23,0.11944444444444445,3230.0,1.1654045436428857,61.0,0.7213114754098361
9,6iZyquKcpzg,2023-05-14T09:00:09Z,347,241598,10307,10,0,0.12083333333333333,3281.0,1.206058190514149,52.0,0.4262295081967213
10,6iZyquKcpzg,2023-05-14T09:00:09Z,347,243952,10381,10,1,0.12222222222222222,2354.0,0.46711837385412514,74.0,1.1475409836065573
11,6iZyquKcpzg,2023-05-14T09:00:09Z,347,245624,10431,10,2,0.12361111111111112,1672.0,-0.07652451175767237,50.0,0.36065573770491804
12,6iZyquKcpzg,2023-05-14T09:00:09Z,347,250114,10470,10,3,0.125,4490.0,2.1697887604623354,39.0,0.0
13,6iZyquKcpzg,2023-05-14T09:00:09Z,347,252193,10480,10,4,0.12638888888888888,2079.0,0.24790753288162615,10.0,-0.9508196721311475
14,6iZyquKcpzg,2023-05-14T09:00:09Z,347,253420,10486,10,5,0.12777777777777777,1227.0,-0.43124750896771624,6.0,-1.0819672131147542
15,6iZyquKcpzg,2023-05-14T09:00:09Z,347,253888,10493,10,6,0.12916666666666668,468.0,-1.0362694300518134,7.0,-1.0491803278688525
16,6iZyquKcpzg,2023-05-14T09:00:09Z,347,254200,10512,10,7,0.13055555555555556,312.0,-1.160621761658031,19.0,-0.6557377049180327
17,6iZyquKcpzg,2023-05-14T09:00:09Z,347,254453,10544,10,8,0.13194444444444445,253.0,-1.2076524511757671,32.0,-0.22950819672131148
18,6iZyquKcpzg,2023-05-14T09:00:09Z,347,255224,10585,10,9,0.13333333333333333,771.0,-0.79473893981666,41.0,0.06557377049180328
19,6iZyquKcpzg,2023-05-14T09:00:09Z,347,257096,10621,10,10,0.13472222222222222,1872.0,0.08290155440414508,36.0,-0.09836065573770492
20,6iZyquKcpzg,2023-05-14T09:00:09Z,347,259115,10656,10,11,0.1361111111111111,2019.0,0.20007971303308092,35.0,-0.13114754098360656
21,6iZyquKcpzg,2023-05-14T09:00:09Z,347,260646,10694,10,12,0.1375,1531.0,-0.1889198884017537,38.0,-0.03278688524590164
22,6iZyquKcpzg,2023-05-14T09:00:09Z,347,261898,10732,10,13,0.1388888888888889,1252.0,-0.41131925069748904,38.0,-0.03278688524590164
23,6iZyquKcpzg,2023-05-14T09:00:09Z,347,264113,10778,10,14,0.14027777777777778,2215.0,0.356317257871662,46.0,0.22950819672131148
24,6iZyquKcpzg,2023-05-14T09:00:09Z,347,265862,10816,10,15,0.14166666666666666,1749.0,-0.01514547628537266,38.0,-0.03278688524590164
25,6iZyquKcpzg,2023-05-14T09:00:09Z,347,268384,10857,10,16,0.14305555555555555,2522.0,0.6010362694300518,41.0,0.06557377049180328
26,6iZyquKcpzg,2023-05-14T09:00:09Z,347,269782,10908,10,17,0.14444444444444443,1398.0,-0.2949382223993623,51.0,0.39344262295081966
27,6iZyquKcpzg,2023-05-14T09:00:09Z,347,272204,10958,10,18,0.14583333333333334,2422.0,0.5213232363491431,50.0,0.36065573770491804
28,6iZyquKcpzg,2023-05-14T09:00:09Z,347,274185,11013,10,19,0.14722222222222223,1981.0,0.1697887604623356,55.0,0.5245901639344263
29,6iZyquKcpzg,2023-05-14T09:00:09Z,347,277297,11066,10,20,0.1486111111111111,3112.0,1.0713431646074134,53.0,0.45901639344262296
30,6iZyquKcpzg,2023-05-14T09:00:09Z,347,279591,11110,10,21,0.15,2294.0,0.4192905540055799,44.0,0.16393442622950818
31,6iZyquKcpzg,2023-05-14T09:00:09Z,347,281755,11155,10,22,0.15138888888888888,2164.0,0.3156636110003986,45.0,0.19672131147540983
32,6iZyquKcpzg,2023-05-14T09:00:09Z,347,284452,11196,10,23,0.1527777777777778,2697.0,0.7405340773216421,41.0,0.06557377049180328
33,6iZyquKcpzg,2023-05-14T09:00:09Z,347,286218,11228,10,0,0.15416666666666667,1766.0,-0.0015942606616181746,32.0,-0.22950819672131148
34,6iZyquKcpzg,2023-05-14T09:00:09Z,347,287751,11256,10,1,0.15555555555555556,1533.0,-0.1873256277401355,28.0,-0.36065573770491804
35,6iZyquKcpzg,2023-05-14T09:00:09Z,347,288959,11288,10,2,0.15694444444444444,1208.0,-0.4463929852530889,32.0,-0.22950819672131148
36,6iZyquKcpzg,2023-05-14T09:00:09Z,347,290588,11306,10,3,0.15833333333333333,1629.0,-0.11080111598246313,18.0,-0.6885245901639344
37,6iZyquKcpzg,2023-05-14T09:00:09Z,347,291397,11315,10,4,0.1597222222222222,809.0,-0.7644479872459147,9.0,-0.9836065573770492
38,6iZyquKcpzg,2023-05-14T09:00:09Z,347,292507,11321,10,5,0.16111111111111112,1110.0,-0.5245117576723795,6.0,-1.0819672131147542
39,6iZyquKcpzg,2023-05-14T09:00:09Z,347,292864,11327,10,6,0.1625,357.0,-1.1247508967716222,6.0,-1.0819672131147542
40,6iZyquKcpzg,2023-05-14T09:00:09Z,347,293331,11336,10,7,0.1638888888888889,467.0,-1.0370665603826226,9.0,-0.9836065573770492
41,6iZyquKcpzg,2023-05-14T09:00:09Z,347,293404,11357,10,8,0.16527777777777777,73.0,-1.351135910721403,21.0,-0.5901639344262295
42,6iZyquKcpzg,2023-05-14T09:00:09Z,347,294044,11380,10,9,0.16666666666666666,640.0,-0.8991630131526505,23.0,-0.5245901639344263
43,6iZyquKcpzg,2023-05-14T09:00:09Z,347,295451,11393,10,10,0.16805555555555557,1407.0,-0.2877640494220805,13.0,-0.8524590163934426
