,id,date,duration,views,likes,category_id,hour,update_diff,views_diff,views_diff_scaled,likes_diff,likes_diff_scaled
1,9kNcl9_V-8E,2023-05-13T03:00:05Z,346,744750,12613,23,16,0.15138888888888888,3553.0,1.7715305667112895,17.0,0.2857142857142857
2,9kNcl9_V-8E,2023-05-13T03:00:05Z,346,746462,12636,23,17,0.1527777777777778,1712.0,0.1285140562248996,23.0,0.8571428571428571
3,9kNcl9_V-8E,2023-05-13T03:00:05Z,346,749182,12660,23,18,0.15416666666666667,2720.0,1.0281124497991967,24.0,0.9523809523809523
4,9kNcl9_V-8E,2023-05-13T03:00:05Z,346,751477,12684,23,19,0.15555555555555556,2295.0,0.6488174921909862,24.0,0.9523809523809523
5,9kNcl9_V-8E,2023-05-13T03:00:05Z,346,753765,12708,23,20,0.15694444444444444,2288.0,0.642570281124498,24.0,0.9523809523809523
6,9kNcl9_V-8E,2023-05-13T03:00:05Z,346,756377,12722,23,21,0.15833333333333333,2612.0,0.9317269076305221,14.0,0.0
7,9kNcl9_V-8E,2023-05-13T03:00:05Z,346,759229,12740,23,22,0.1597222222222222,2852.0,1.1459170013386881,18.0,0.38095238095238093
8,9kNcl9_V-8E,2023-05-13T03:00:05Z,346,761640,12760,23,23,0.16111111111111112,2411.0,0.7523427041499331,20.0,0.5714285714285714
9,9kNcl9_V-8E,2023-05-13T03:00:05Z,346,763703,12775,23,0,0.1625,2063.0,0.44176706827309237,15.0,0.09523809523809523
10,9kNcl9_V-8E,2023-05-13T03:00:05Z,346,765271,12796,23,1,0.1638888888888889,1568.0,0.0,21.0,0.6666666666666666
11,9kNcl9_V-8E,2023-05-13T03:00:05Z,346,767137,12805,23,2,0.16527777777777777,1866.0,0.26595269968763946,9.0,-0.47619047619047616
12,9kNcl9_V-8E,2023-05-13T03:00:05Z,346,769319,12817,23,3,0.16666666666666666,2182.0,0.5479696564033913,12.0,-0.19047619047619047
13,9kNcl9_V-8E,2023-05-13T03:00:05Z,346,770901,12822,23,4,0.16805555555555557,1582.0,0.01249442213297635,5.0,-0.8571428571428571
14,9kNcl9_V-8E,2023-05-13T03:00:05Z,346,772315,12824,23,5,0.16944444444444445,1414.0,-0.13743864346273985,2.0,-1.1428571428571428
15,9kNcl9_V-8E,2023-05-13T03:00:05Z,346,772904,12830,23,6,0.17083333333333334,589.0,-0.8737170905845605,6.0,-0.7619047619047619
16,9kNcl9_V-8E,2023-05-13T03:00:05Z,346,773330,12835,23,7,0.17222222222222222,426.0,-1.0191878625613566,5.0,-0.8571428571428571
17,9kNcl9_V-8E,2023-05-13T03:00:05Z,346,773508,12842,23,8,0.1736111111111111,178.0,-1.2405176260597948,7.0,-0.6666666666666666
18,9kNcl9_V-8E,2023-05-13T03:00:05Z,346,774015,12851,23,9,0.175,507.0,-0.9468987059348505,9.0,-0.47619047619047616
19,9kNcl9_V-8E,2023-05-13T03:00:05Z,346,774889,12863,23,10,0.1763888888888889,874.0,-0.6193663543061133,12.0,-0.19047619047619047
20,9kNcl9_V-8E,2023-05-13T03:00:05Z,346,775903,12878,23,11,0.17777777777777778,1014.0,-0.49442213297634985,15.0,0.09523809523809523
21,9kNcl9_V-8E,2023-05-13T03:00:05Z,346,776739,12894,23,12,0.17916666666666667,836.0,-0.6532797858099063,16.0,0.19047619047619047
22,9kNcl9_V-8E,2023-05-13T03:00:05Z,346,777324,12907,23,13,0.18055555555555555,585.0,-0.8772869254796966,13.0,-0.09523809523809523
23,9kNcl9_V-8E,2023-05-13T03:00:05Z,346,779196,12925,23,14,0.18194444444444444,1872.0,0.2713074520303436,18.0,0.38095238095238093
24,9kNcl9_V-8E,2023-05-13T03:00:05Z,346,780507,12936,23,15,0.18333333333333332,1311.0,-0.22936189201249443,11.0,-0.2857142857142857
25,9kNcl9_V-8E,2023-05-13T03:00:05Z,346,782363,12951,23,16,0.18472222222222223,1856.0,0.2570281124497992,15.0,0.09523809523809523
26,9kNcl9_V-8E,2023-05-13T03:00:05Z,346,783288,12964,23,17,0.18611111111111112,925.0,-0.573850959393128,13.0,-0.09523809523809523
27,9kNcl9_V-8E,2023-05-13T03:00:05Z,346,784967,12988,23,18,0.1875,1679.0,0.09906291834002677,24.0,0.9523809523809523
28,9kNcl9_V-8E,2023-05-13T03:00:05Z,346,785966,13003,23,19,0.18888888888888888,999.0,-0.5078090138331102,15.0,0.09523809523809523
29,9kNcl9_V-8E,2023-05-13T03:00:05Z,346,788391,13024,23,20,0.19027777777777777,2425.0,0.7648371262829095,21.0,0.6666666666666666
30,9kNcl9_V-8E,2023-05-13T03:00:05Z,346,790156,13039,23,21,0.19166666666666668,1765.0,0.17581436858545293,15.0,0.09523809523809523
31,9kNcl9_V-8E,2023-05-13T03:00:05Z,346,791418,13067,23,22,0.19305555555555556,1262.0,-0.27309236947791166,28.0,1.3333333333333333
32,9kNcl9_V-8E,2023-05-13T03:00:05Z,346,793450,13086,23,23,0.19444444444444445,2032.0,0.4141008478357876,19.0,0.47619047619047616
33,9kNcl9_V-8E,2023-05-13T03:00:05Z,346,795258,13100,23,0,0.19583333333333333,1808.0,0.214190093708166,14.0,0.0
34,9kNcl9_V-8E,2023-05-13T03:00:05Z,346,797044,13136,23,1,0.19722222222222222,1786.0,0.19455600178491744,36.0,2.0952380952380953
35,9kNcl9_V-8E,2023-05-13T03:00:05Z,346,798196,13162,23,2,0.1986111111111111,1152.0,-0.3712628290941544,26.0,1.1428571428571428
36,9kNcl9_V-8E,2023-05-13T03:00:05Z,346,800204,13174,23,3,0.2,2008.0,0.392681838464971,12.0,-0.19047619047619047
37,9kNcl9_V-8E,2023-05-13T03:00:05Z,346,801300,13184,23,4,0.2013888888888889,1096.0,-0.4212405176260598,10.0,-0.38095238095238093
38,9kNcl9_V-8E,2023-05-13T03:00:05Z,346,802792,13191,23,5,0.20277777777777778,1492.0,-0.0678268630075859,7.0,-0.6666666666666666
39,9kNcl9_V-8E,2023-05-13T03:00:05Z,346,803257,13192,23,6,0.20416666666666666,465.0,-0.9843819723337796,1.0,-1.2380952380952381
40,9kNcl9_V-8E,2023-05-13T03:00:05Z,346,803780,13196,23,7,0.20555555555555555,523.0,-0.9326193663543061,4.0,-0.9523809523809523
41,9kNcl9_V-8E,2023-05-13T03:00:05Z,346,803851,13204,23,8,0.20694444444444443,71.0,-1.3360107095046854,8.0,-0.5714285714285714
42,9kNcl9_V-8E,2023-05-13T03:00:05Z,346,804442,13213,23,9,0.20833333333333334,591.0,-0.8719321731369924,9.0,-0.47619047619047616
43,9kNcl9_V-8E,2023-05-13T03:00:05Z,346,805384,13223,23,10,0.20972222222222223,942.0,-0.5586791610887997,10.0,-0.38095238095238093
