,id,date,duration,views,likes,category_id,hour,update_diff,views_diff,views_diff_scaled,likes_diff,likes_diff_scaled
1,OVxlvLf7_bQ,2023-05-04T14:58:51Z,679,112958,3976,20,11,0.46111111111111114,25.0,-0.5742574257425742,0.0,0.0
2,OVxlvLf7_bQ,2023-05-04T14:58:51Z,679,112985,3976,20,12,0.4625,27.0,-0.49504950495049505,0.0,0.0
3,OVxlvLf7_bQ,2023-05-04T14:58:51Z,679,112993,3977,20,13,0.4638888888888889,8.0,-1.2475247524752475,1.0,1.0
4,OVxlvLf7_bQ,2023-05-04T14:58:51Z,679,113037,3978,20,14,0.4652777777777778,44.0,0.1782178217821782,1.0,1.0
5,OVxlvLf7_bQ,2023-05-04T14:58:51Z,679,113064,3978,20,15,0.4666666666666667,27.0,-0.49504950495049505,0.0,0.0
6,OVxlvLf7_bQ,2023-05-04T14:58:51Z,679,113104,3979,20,16,0.46805555555555556,40.0,0.019801980198019802,1.0,1.0
7,OVxlvLf7_bQ,2023-05-04T14:58:51Z,679,113134,3979,20,17,0.46944444444444444,30.0,-0.37623762376237624,0.0,0.0
8,OVxlvLf7_bQ,2023-05-04T14:58:51Z,679,113191,3980,20,18,0.4708333333333333,57.0,0.693069306930693,1.0,1.0
9,OVxlvLf7_bQ,2023-05-04T14:58:51Z,679,113213,3981,20,19,0.4722222222222222,22.0,-0.693069306930693,1.0,1.0
10,OVxlvLf7_bQ,2023-05-04T14:58:51Z,679,113279,3981,20,20,0.4736111111111111,66.0,1.0495049504950495,0.0,0.0
11,OVxlvLf7_bQ,2023-05-04T14:58:51Z,679,113329,3981,20,21,0.475,50.0,0.4158415841584158,0.0,0.0
12,OVxlvLf7_bQ,2023-05-04T14:58:51Z,679,113368,3982,20,22,0.47638888888888886,39.0,-0.019801980198019802,1.0,1.0
13,OVxlvLf7_bQ,2023-05-04T14:58:51Z,679,113443,3982,20,23,0.4777777777777778,75.0,1.4059405940594059,0.0,0.0
14,OVxlvLf7_bQ,2023-05-04T14:58:51Z,679,113500,3982,20,0,0.4791666666666667,57.0,0.693069306930693,0.0,0.0
15,OVxlvLf7_bQ,2023-05-04T14:58:51Z,679,113560,3984,20,1,0.48055555555555557,60.0,0.8118811881188119,2.0,2.0
16,OVxlvLf7_bQ,2023-05-04T14:58:51Z,679,113600,3984,20,2,0.48194444444444445,40.0,0.019801980198019802,0.0,0.0
17,OVxlvLf7_bQ,2023-05-04T14:58:51Z,679,113663,3985,20,3,0.48333333333333334,63.0,0.9306930693069307,1.0,1.0
18,OVxlvLf7_bQ,2023-05-04T14:58:51Z,679,113695,3985,20,4,0.4847222222222222,32.0,-0.297029702970297,0.0,0.0
19,OVxlvLf7_bQ,2023-05-04T14:58:51Z,679,113740,3985,20,5,0.4861111111111111,45.0,0.21782178217821782,0.0,0.0
20,OVxlvLf7_bQ,2023-05-04T14:58:51Z,679,113755,3986,20,6,0.4875,15.0,-0.9702970297029703,1.0,1.0
21,OVxlvLf7_bQ,2023-05-04T14:58:51Z,679,113777,3986,20,7,0.4888888888888889,22.0,-0.693069306930693,0.0,0.0
22,OVxlvLf7_bQ,2023-05-04T14:58:51Z,679,113783,3988,20,8,0.49027777777777776,6.0,-1.3267326732673268,2.0,2.0
23,OVxlvLf7_bQ,2023-05-04T14:58:51Z,679,113827,3988,20,9,0.49166666666666664,44.0,0.1782178217821782,0.0,0.0
24,OVxlvLf7_bQ,2023-05-04T14:58:51Z,679,113858,3988,20,10,0.4930555555555556,31.0,-0.33663366336633666,0.0,0.0
