,id,date,duration,views,likes,category_id,hour,update_diff,views_diff,views_diff_scaled,likes_diff,likes_diff_scaled
1,j7rH9ZaSfzg,2023-05-17T08:41:45Z,497,100898,4714,20,1,0.12222222222222222,278.0,1.004739336492891,1.0,-0.5333333333333333
2,j7rH9ZaSfzg,2023-05-17T08:41:45Z,497,101132,4706,20,2,0.12361111111111112,234.0,0.5876777251184834,-8.0,-1.7333333333333334
3,j7rH9ZaSfzg,2023-05-17T08:41:45Z,497,101347,4709,20,3,0.125,215.0,0.4075829383886256,3.0,-0.26666666666666666
4,j7rH9ZaSfzg,2023-05-17T08:41:45Z,497,101581,4719,20,4,0.12638888888888888,234.0,0.5876777251184834,10.0,0.6666666666666666
5,j7rH9ZaSfzg,2023-05-17T08:41:45Z,497,101832,4726,20,5,0.12777777777777777,251.0,0.7488151658767772,7.0,0.26666666666666666
6,j7rH9ZaSfzg,2023-05-17T08:41:45Z,497,102041,4732,20,6,0.12916666666666668,209.0,0.35071090047393366,6.0,0.13333333333333333
7,j7rH9ZaSfzg,2023-05-17T08:41:45Z,497,102188,4733,20,7,0.13055555555555556,147.0,-0.23696682464454977,1.0,-0.5333333333333333
8,j7rH9ZaSfzg,2023-05-17T08:41:45Z,497,102333,4737,20,8,0.13194444444444445,145.0,-0.2559241706161137,4.0,-0.13333333333333333
9,j7rH9ZaSfzg,2023-05-17T08:41:45Z,497,102371,4741,20,9,0.13333333333333333,38.0,-1.2701421800947867,4.0,-0.13333333333333333
10,j7rH9ZaSfzg,2023-05-17T08:41:45Z,497,102475,4751,20,10,0.13472222222222222,104.0,-0.6445497630331753,10.0,0.6666666666666666
11,j7rH9ZaSfzg,2023-05-17T08:41:45Z,497,102607,4761,20,11,0.1361111111111111,132.0,-0.3791469194312796,10.0,0.6666666666666666
12,j7rH9ZaSfzg,2023-05-17T08:41:45Z,497,102817,4772,20,12,0.1375,210.0,0.36018957345971564,11.0,0.8
13,j7rH9ZaSfzg,2023-05-17T08:41:45Z,497,103126,4784,20,13,0.1388888888888889,309.0,1.2985781990521328,12.0,0.9333333333333333
14,j7rH9ZaSfzg,2023-05-17T08:41:45Z,497,103408,4794,20,14,0.14027777777777778,282.0,1.042654028436019,10.0,0.6666666666666666
15,j7rH9ZaSfzg,2023-05-17T08:41:45Z,497,103795,4809,20,15,0.14166666666666666,387.0,2.037914691943128,15.0,1.3333333333333333
16,j7rH9ZaSfzg,2023-05-17T08:41:45Z,497,104036,4816,20,16,0.14305555555555555,241.0,0.6540284360189573,7.0,0.26666666666666666
17,j7rH9ZaSfzg,2023-05-17T08:41:45Z,497,104326,4821,20,17,0.14444444444444443,290.0,1.1184834123222749,5.0,0.0
18,j7rH9ZaSfzg,2023-05-17T08:41:45Z,497,104718,4834,20,18,0.14583333333333334,392.0,2.085308056872038,13.0,1.0666666666666667
19,j7rH9ZaSfzg,2023-05-17T08:41:45Z,497,105071,4841,20,19,0.14722222222222223,353.0,1.7156398104265402,7.0,0.26666666666666666
20,j7rH9ZaSfzg,2023-05-17T08:41:45Z,497,105220,4853,20,20,0.1486111111111111,149.0,-0.21800947867298578,12.0,0.9333333333333333
21,j7rH9ZaSfzg,2023-05-17T08:41:45Z,497,105544,4860,20,21,0.15,324.0,1.4407582938388626,7.0,0.26666666666666666
22,j7rH9ZaSfzg,2023-05-17T08:41:45Z,497,105712,4862,20,22,0.15138888888888888,168.0,-0.037914691943127965,2.0,-0.4
23,j7rH9ZaSfzg,2023-05-17T08:41:45Z,497,105922,4872,20,23,0.1527777777777778,210.0,0.36018957345971564,10.0,0.6666666666666666
24,j7rH9ZaSfzg,2023-05-17T08:41:45Z,497,106062,4878,20,0,0.15416666666666667,140.0,-0.3033175355450237,6.0,0.13333333333333333
25,j7rH9ZaSfzg,2023-05-17T08:41:45Z,497,106247,4882,20,1,0.15555555555555556,185.0,0.12322274881516587,4.0,-0.13333333333333333
26,j7rH9ZaSfzg,2023-05-17T08:41:45Z,497,106376,4891,20,2,0.15694444444444444,129.0,-0.4075829383886256,9.0,0.5333333333333333
27,j7rH9ZaSfzg,2023-05-17T08:41:45Z,497,106592,4893,20,3,0.15833333333333333,216.0,0.41706161137440756,2.0,-0.4
28,j7rH9ZaSfzg,2023-05-17T08:41:45Z,497,106764,4898,20,4,0.1597222222222222,172.0,0.0,5.0,0.0
29,j7rH9ZaSfzg,2023-05-17T08:41:45Z,497,106947,4899,20,5,0.16111111111111112,183.0,0.10426540284360189,1.0,-0.5333333333333333
30,j7rH9ZaSfzg,2023-05-17T08:41:45Z,497,107079,4898,20,6,0.1625,132.0,-0.3791469194312796,-1.0,-0.8
31,j7rH9ZaSfzg,2023-05-17T08:41:45Z,497,107180,4903,20,7,0.1638888888888889,101.0,-0.6729857819905213,5.0,0.0
32,j7rH9ZaSfzg,2023-05-17T08:41:45Z,497,107243,4905,20,8,0.16527777777777777,63.0,-1.033175355450237,2.0,-0.4
33,j7rH9ZaSfzg,2023-05-17T08:41:45Z,497,107305,4911,20,9,0.16666666666666666,62.0,-1.042654028436019,6.0,0.13333333333333333
34,j7rH9ZaSfzg,2023-05-17T08:41:45Z,497,107462,4916,20,10,0.16805555555555557,157.0,-0.14218009478672985,5.0,0.0
35,j7rH9ZaSfzg,2023-05-17T08:41:45Z,497,107602,4917,20,11,0.16944444444444445,140.0,-0.3033175355450237,1.0,-0.5333333333333333
36,j7rH9ZaSfzg,2023-05-17T08:41:45Z,497,107661,4919,20,12,0.17083333333333334,59.0,-1.0710900473933649,2.0,-0.4
37,j7rH9ZaSfzg,2023-05-17T08:41:45Z,497,107787,4923,20,13,0.17222222222222222,126.0,-0.43601895734597157,4.0,-0.13333333333333333
38,j7rH9ZaSfzg,2023-05-17T08:41:45Z,497,107956,4929,20,14,0.175,169.0,-0.02843601895734597,6.0,0.13333333333333333
39,j7rH9ZaSfzg,2023-05-17T08:41:45Z,497,108026,4931,20,15,0.175,70.0,-0.966824644549763,2.0,-0.4
