,id,date,duration,views,likes,category_id,hour,update_diff,views_diff,views_diff_scaled,likes_diff,likes_diff_scaled
1,aIoSuOntq0w,2023-05-12T05:47:17Z,401,106241,4319,20,11,0.20694444444444443,66.0,0.04195804195804196,1.0,0.0
2,aIoSuOntq0w,2023-05-12T05:47:17Z,401,106286,4319,20,12,0.20833333333333334,45.0,-0.5454545454545454,0.0,-0.8
3,aIoSuOntq0w,2023-05-12T05:47:17Z,401,106313,4322,20,13,0.20972222222222223,27.0,-1.048951048951049,3.0,1.6
4,aIoSuOntq0w,2023-05-12T05:47:17Z,401,106402,4324,20,14,0.2111111111111111,89.0,0.6853146853146853,2.0,0.8
5,aIoSuOntq0w,2023-05-12T05:47:17Z,401,106456,4325,20,15,0.2125,54.0,-0.2937062937062937,1.0,0.0
6,aIoSuOntq0w,2023-05-12T05:47:17Z,401,106535,4329,20,16,0.21388888888888888,79.0,0.40559440559440557,4.0,2.4
7,aIoSuOntq0w,2023-05-12T05:47:17Z,401,106598,4331,20,17,0.2152777777777778,63.0,-0.04195804195804196,2.0,0.8
8,aIoSuOntq0w,2023-05-12T05:47:17Z,401,106670,4332,20,18,0.21666666666666667,72.0,0.2097902097902098,1.0,0.0
9,aIoSuOntq0w,2023-05-12T05:47:17Z,401,106719,4333,20,19,0.21805555555555556,49.0,-0.43356643356643354,1.0,0.0
10,aIoSuOntq0w,2023-05-12T05:47:17Z,401,106831,4335,20,20,0.21944444444444444,112.0,1.3286713286713288,2.0,0.8
11,aIoSuOntq0w,2023-05-12T05:47:17Z,401,106886,4335,20,21,0.22083333333333333,55.0,-0.26573426573426573,0.0,-0.8
12,aIoSuOntq0w,2023-05-12T05:47:17Z,401,106932,4336,20,22,0.2222222222222222,46.0,-0.5174825174825175,1.0,0.0
13,aIoSuOntq0w,2023-05-12T05:47:17Z,401,107028,4338,20,23,0.22361111111111112,96.0,0.8811188811188811,2.0,0.8
14,aIoSuOntq0w,2023-05-12T05:47:17Z,401,107124,4342,20,0,0.225,96.0,0.8811188811188811,4.0,2.4
15,aIoSuOntq0w,2023-05-12T05:47:17Z,401,107202,4344,20,1,0.2263888888888889,78.0,0.3776223776223776,2.0,0.8
16,aIoSuOntq0w,2023-05-12T05:47:17Z,401,107271,4345,20,2,0.22777777777777777,69.0,0.1258741258741259,1.0,0.0
17,aIoSuOntq0w,2023-05-12T05:47:17Z,401,107364,4346,20,3,0.22916666666666666,93.0,0.7972027972027972,1.0,0.0
18,aIoSuOntq0w,2023-05-12T05:47:17Z,401,107413,4346,20,4,0.23055555555555557,49.0,-0.43356643356643354,0.0,-0.8
19,aIoSuOntq0w,2023-05-12T05:47:17Z,401,107503,4346,20,5,0.23194444444444445,90.0,0.7132867132867133,0.0,-0.8
20,aIoSuOntq0w,2023-05-12T05:47:17Z,401,107532,4346,20,6,0.23333333333333334,29.0,-0.993006993006993,0.0,-0.8
21,aIoSuOntq0w,2023-05-12T05:47:17Z,401,107572,4348,20,7,0.23472222222222222,40.0,-0.6853146853146853,2.0,0.8
22,aIoSuOntq0w,2023-05-12T05:47:17Z,401,107583,4350,20,8,0.2361111111111111,11.0,-1.4965034965034965,2.0,0.8
23,aIoSuOntq0w,2023-05-12T05:47:17Z,401,107624,4350,20,9,0.2375,41.0,-0.6573426573426573,0.0,-0.8
24,aIoSuOntq0w,2023-05-12T05:47:17Z,401,107695,4353,20,10,0.2388888888888889,71.0,0.18181818181818182,3.0,1.6
