,id,date,duration,views,likes,category_id,hour,update_diff,views_diff,views_diff_scaled,likes_diff,likes_diff_scaled
1,MxtS1SA6hz4,2023-05-09T06:27:54Z,485,122977,4690,20,1,0.39305555555555555,64.0,0.8679245283018868,3.0,1.5
2,MxtS1SA6hz4,2023-05-09T06:27:54Z,485,123044,4690,20,2,0.39444444444444443,67.0,0.9811320754716981,0.0,0.0
3,MxtS1SA6hz4,2023-05-09T06:27:54Z,485,123134,4691,20,3,0.3958333333333333,90.0,1.849056603773585,1.0,0.5
4,MxtS1SA6hz4,2023-05-09T06:27:54Z,485,123193,4691,20,4,0.3972222222222222,59.0,0.6792452830188679,0.0,0.0
5,MxtS1SA6hz4,2023-05-09T06:27:54Z,485,123249,4693,20,5,0.39861111111111114,56.0,0.5660377358490566,2.0,1.0
6,MxtS1SA6hz4,2023-05-09T06:27:54Z,485,123288,4694,20,6,0.4,39.0,-0.07547169811320754,1.0,0.5
7,MxtS1SA6hz4,2023-05-09T06:27:54Z,485,123317,4694,20,7,0.4013888888888889,29.0,-0.4528301886792453,0.0,0.0
8,MxtS1SA6hz4,2023-05-09T06:27:54Z,485,123351,4694,20,8,0.4027777777777778,34.0,-0.2641509433962264,0.0,0.0
9,MxtS1SA6hz4,2023-05-09T06:27:54Z,485,123366,4694,20,9,0.4041666666666667,15.0,-0.9811320754716981,0.0,0.0
10,MxtS1SA6hz4,2023-05-09T06:27:54Z,485,123383,4694,20,10,0.40555555555555556,17.0,-0.9056603773584906,0.0,0.0
11,MxtS1SA6hz4,2023-05-09T06:27:54Z,485,123408,4695,20,11,0.40694444444444444,25.0,-0.6037735849056604,1.0,0.5
12,MxtS1SA6hz4,2023-05-09T06:27:54Z,485,123453,4695,20,12,0.4083333333333333,45.0,0.1509433962264151,0.0,0.0
13,MxtS1SA6hz4,2023-05-09T06:27:54Z,485,123487,4696,20,13,0.4097222222222222,34.0,-0.2641509433962264,1.0,0.5
14,MxtS1SA6hz4,2023-05-09T06:27:54Z,485,123535,4700,20,14,0.4111111111111111,48.0,0.2641509433962264,4.0,2.0
15,MxtS1SA6hz4,2023-05-09T06:27:54Z,485,123588,4701,20,15,0.4125,53.0,0.4528301886792453,1.0,0.5
16,MxtS1SA6hz4,2023-05-09T06:27:54Z,485,123644,4703,20,16,0.41388888888888886,56.0,0.5660377358490566,2.0,1.0
17,MxtS1SA6hz4,2023-05-09T06:27:54Z,485,123682,4707,20,17,0.4152777777777778,38.0,-0.11320754716981132,4.0,2.0
18,MxtS1SA6hz4,2023-05-09T06:27:54Z,485,123763,4709,20,18,0.4166666666666667,81.0,1.509433962264151,2.0,1.0
19,MxtS1SA6hz4,2023-05-09T06:27:54Z,485,123825,4711,20,19,0.41805555555555557,62.0,0.7924528301886793,2.0,1.0
20,MxtS1SA6hz4,2023-05-09T06:27:54Z,485,123855,4714,20,20,0.41944444444444445,30.0,-0.41509433962264153,3.0,1.5
21,MxtS1SA6hz4,2023-05-09T06:27:54Z,485,123917,4714,20,21,0.42083333333333334,62.0,0.7924528301886793,0.0,0.0
22,MxtS1SA6hz4,2023-05-09T06:27:54Z,485,123949,4716,20,22,0.4222222222222222,32.0,-0.33962264150943394,2.0,1.0
23,MxtS1SA6hz4,2023-05-09T06:27:54Z,485,124015,4717,20,23,0.4236111111111111,66.0,0.9433962264150944,1.0,0.5
24,MxtS1SA6hz4,2023-05-09T06:27:54Z,485,124059,4717,20,0,0.425,44.0,0.11320754716981132,0.0,0.0
25,MxtS1SA6hz4,2023-05-09T06:27:54Z,485,124108,4717,20,1,0.4263888888888889,49.0,0.3018867924528302,0.0,0.0
26,MxtS1SA6hz4,2023-05-09T06:27:54Z,485,124135,4719,20,2,0.42777777777777776,27.0,-0.5283018867924528,2.0,1.0
27,MxtS1SA6hz4,2023-05-09T06:27:54Z,485,124196,4719,20,3,0.42916666666666664,61.0,0.7547169811320755,0.0,0.0
28,MxtS1SA6hz4,2023-05-09T06:27:54Z,485,124238,4719,20,4,0.4305555555555556,42.0,0.03773584905660377,0.0,0.0
29,MxtS1SA6hz4,2023-05-09T06:27:54Z,485,124288,4719,20,5,0.43194444444444446,50.0,0.33962264150943394,0.0,0.0
30,MxtS1SA6hz4,2023-05-09T06:27:54Z,485,124314,4719,20,6,0.43333333333333335,26.0,-0.5660377358490566,0.0,0.0
31,MxtS1SA6hz4,2023-05-09T06:27:54Z,485,124348,4719,20,7,0.43472222222222223,34.0,-0.2641509433962264,0.0,0.0
32,MxtS1SA6hz4,2023-05-09T06:27:54Z,485,124359,4721,20,8,0.4361111111111111,11.0,-1.1320754716981132,2.0,1.0
33,MxtS1SA6hz4,2023-05-09T06:27:54Z,485,124371,4721,20,9,0.4375,12.0,-1.0943396226415094,0.0,0.0
34,MxtS1SA6hz4,2023-05-09T06:27:54Z,485,124417,4724,20,10,0.4388888888888889,46.0,0.18867924528301888,3.0,1.5
35,MxtS1SA6hz4,2023-05-09T06:27:54Z,485,124455,4724,20,11,0.44027777777777777,38.0,-0.11320754716981132,0.0,0.0
36,MxtS1SA6hz4,2023-05-09T06:27:54Z,485,124475,4724,20,12,0.44166666666666665,20.0,-0.7924528301886793,0.0,0.0
37,MxtS1SA6hz4,2023-05-09T06:27:54Z,485,124510,4724,20,13,0.44305555555555554,35.0,-0.22641509433962265,0.0,0.0
38,MxtS1SA6hz4,2023-05-09T06:27:54Z,485,124551,4724,20,14,0.4444444444444444,41.0,0.0,0.0,0.0
39,MxtS1SA6hz4,2023-05-09T06:27:54Z,485,124571,4724,20,15,0.44583333333333336,20.0,-0.7924528301886793,0.0,0.0
