,id,date,duration,views,likes,category_id,hour,update_diff,views_diff,views_diff_scaled,likes_diff,likes_diff_scaled
1,xPV7tldDtow,2023-04-27T12:34:29Z,575,207438,6909,20,1,0.7833333333333333,98.0,1.0,0.0,-0.5
2,xPV7tldDtow,2023-04-27T12:34:29Z,575,207526,6909,20,2,0.7847222222222222,88.0,0.7674418604651163,0.0,-0.5
3,xPV7tldDtow,2023-04-27T12:34:29Z,575,207612,6909,20,3,0.7861111111111111,86.0,0.7209302325581395,0.0,-0.5
4,xPV7tldDtow,2023-04-27T12:34:29Z,575,207666,6909,20,4,0.7875,54.0,-0.023255813953488372,0.0,-0.5
5,xPV7tldDtow,2023-04-27T12:34:29Z,575,207721,6909,20,5,0.7888888888888889,55.0,0.0,0.0,-0.5
6,xPV7tldDtow,2023-04-27T12:34:29Z,575,207767,6909,20,6,0.7902777777777777,46.0,-0.20930232558139536,0.0,-0.5
7,xPV7tldDtow,2023-04-27T12:34:29Z,575,207794,6910,20,7,0.7916666666666666,27.0,-0.6511627906976745,1.0,0.0
8,xPV7tldDtow,2023-04-27T12:34:29Z,575,207815,6912,20,8,0.7930555555555555,21.0,-0.7906976744186046,2.0,0.5
9,xPV7tldDtow,2023-04-27T12:34:29Z,575,207839,6913,20,9,0.7944444444444444,24.0,-0.7209302325581395,1.0,0.0
10,xPV7tldDtow,2023-04-27T12:34:29Z,575,207861,6913,20,10,0.7958333333333333,22.0,-0.7674418604651163,0.0,-0.5
11,xPV7tldDtow,2023-04-27T12:34:29Z,575,207897,6917,20,11,0.7972222222222223,36.0,-0.4418604651162791,4.0,1.5
12,xPV7tldDtow,2023-04-27T12:34:29Z,575,207949,6920,20,12,0.7986111111111112,52.0,-0.06976744186046512,3.0,1.0
13,xPV7tldDtow,2023-04-27T12:34:29Z,575,208019,6921,20,13,0.8,70.0,0.3488372093023256,1.0,0.0
14,xPV7tldDtow,2023-04-27T12:34:29Z,575,208101,6927,20,14,0.8013888888888889,82.0,0.627906976744186,6.0,2.5
15,xPV7tldDtow,2023-04-27T12:34:29Z,575,208205,6928,20,15,0.8027777777777778,104.0,1.1395348837209303,1.0,0.0
16,xPV7tldDtow,2023-04-27T12:34:29Z,575,208278,6931,20,16,0.8041666666666667,73.0,0.4186046511627907,3.0,1.0
17,xPV7tldDtow,2023-04-27T12:34:29Z,575,208350,6935,20,17,0.8055555555555556,72.0,0.3953488372093023,4.0,1.5
18,xPV7tldDtow,2023-04-27T12:34:29Z,575,208473,6937,20,18,0.8069444444444445,123.0,1.5813953488372092,2.0,0.5
19,xPV7tldDtow,2023-04-27T12:34:29Z,575,208569,6941,20,19,0.8083333333333333,96.0,0.9534883720930233,4.0,1.5
20,xPV7tldDtow,2023-04-27T12:34:29Z,575,208617,6938,20,20,0.8097222222222222,48.0,-0.16279069767441862,-3.0,-2.0
21,xPV7tldDtow,2023-04-27T12:34:29Z,575,208735,6940,20,21,0.8111111111111111,118.0,1.4651162790697674,2.0,0.5
22,xPV7tldDtow,2023-04-27T12:34:29Z,575,208821,6941,20,22,0.8125,86.0,0.7209302325581395,1.0,0.0
23,xPV7tldDtow,2023-04-27T12:34:29Z,575,208927,6945,20,23,0.8138888888888889,106.0,1.186046511627907,4.0,1.5
24,xPV7tldDtow,2023-04-27T12:34:29Z,575,208998,6948,20,0,0.8152777777777778,71.0,0.37209302325581395,3.0,1.0
25,xPV7tldDtow,2023-04-27T12:34:29Z,575,209067,6949,20,1,0.8166666666666667,69.0,0.32558139534883723,1.0,0.0
26,xPV7tldDtow,2023-04-27T12:34:29Z,575,209122,6946,20,2,0.8180555555555555,55.0,0.0,-3.0,-2.0
27,xPV7tldDtow,2023-04-27T12:34:29Z,575,209189,6948,20,3,0.8194444444444444,67.0,0.27906976744186046,2.0,0.5
28,xPV7tldDtow,2023-04-27T12:34:29Z,575,209241,6948,20,4,0.8208333333333333,52.0,-0.06976744186046512,0.0,-0.5
29,xPV7tldDtow,2023-04-27T12:34:29Z,575,209307,6949,20,5,0.8222222222222222,66.0,0.2558139534883721,1.0,0.0
30,xPV7tldDtow,2023-04-27T12:34:29Z,575,209331,6949,20,6,0.8236111111111111,24.0,-0.7209302325581395,0.0,-0.5
31,xPV7tldDtow,2023-04-27T12:34:29Z,575,209357,6949,20,7,0.825,26.0,-0.6744186046511628,0.0,-0.5
32,xPV7tldDtow,2023-04-27T12:34:29Z,575,209377,6949,20,8,0.8263888888888888,20.0,-0.813953488372093,0.0,-0.5
33,xPV7tldDtow,2023-04-27T12:34:29Z,575,209390,6950,20,9,0.8277777777777777,13.0,-0.9767441860465116,1.0,0.0
34,xPV7tldDtow,2023-04-27T12:34:29Z,575,209436,6951,20,10,0.8291666666666667,46.0,-0.20930232558139536,1.0,0.0
35,xPV7tldDtow,2023-04-27T12:34:29Z,575,209479,6952,20,11,0.8305555555555556,43.0,-0.27906976744186046,1.0,0.0
36,xPV7tldDtow,2023-04-27T12:34:29Z,575,209512,6952,20,12,0.8319444444444445,33.0,-0.5116279069767442,0.0,-0.5
37,xPV7tldDtow,2023-04-27T12:34:29Z,575,209554,6953,20,13,0.8333333333333334,42.0,-0.3023255813953488,1.0,0.0
38,xPV7tldDtow,2023-04-27T12:34:29Z,575,209612,6953,20,14,0.8361111111111111,58.0,0.06976744186046512,0.0,-0.5
39,xPV7tldDtow,2023-04-27T12:34:29Z,575,209644,6955,20,15,0.8361111111111111,32.0,-0.5348837209302325,2.0,0.5
