,id,date,duration,views,likes,category_id,hour,update_diff,views_diff,views_diff_scaled,likes_diff,likes_diff_scaled
1,PqcloEPJQhk,2023-05-03T06:14:47Z,536,132544,4728,20,11,0.5069444444444444,17.0,-0.7,0.0,-0.5
2,PqcloEPJQhk,2023-05-03T06:14:47Z,536,132560,4728,20,12,0.5083333333333333,16.0,-0.75,0.0,-0.5
3,PqcloEPJQhk,2023-05-03T06:14:47Z,536,132572,4729,20,13,0.5097222222222222,12.0,-0.95,1.0,0.5
4,PqcloEPJQhk,2023-05-03T06:14:47Z,536,132608,4730,20,14,0.5111111111111111,36.0,0.25,1.0,0.5
5,PqcloEPJQhk,2023-05-03T06:14:47Z,536,132639,4732,20,15,0.5125,31.0,0.0,2.0,1.5
6,PqcloEPJQhk,2023-05-03T06:14:47Z,536,132677,4732,20,16,0.5138888888888888,38.0,0.35,0.0,-0.5
7,PqcloEPJQhk,2023-05-03T06:14:47Z,536,132697,4732,20,17,0.5152777777777777,20.0,-0.55,0.0,-0.5
8,PqcloEPJQhk,2023-05-03T06:14:47Z,536,132742,4733,20,18,0.5166666666666667,45.0,0.7,1.0,0.5
9,PqcloEPJQhk,2023-05-03T06:14:47Z,536,132757,4736,20,19,0.5180555555555556,15.0,-0.8,3.0,2.5
10,PqcloEPJQhk,2023-05-03T06:14:47Z,536,132841,4737,20,20,0.5194444444444445,84.0,2.65,1.0,0.5
11,PqcloEPJQhk,2023-05-03T06:14:47Z,536,132879,4737,20,21,0.5208333333333334,38.0,0.35,0.0,-0.5
12,PqcloEPJQhk,2023-05-03T06:14:47Z,536,132900,4739,20,22,0.5222222222222223,21.0,-0.5,2.0,1.5
13,PqcloEPJQhk,2023-05-03T06:14:47Z,536,132936,4739,20,23,0.5236111111111111,36.0,0.25,0.0,-0.5
14,PqcloEPJQhk,2023-05-03T06:14:47Z,536,132957,4739,20,0,0.525,21.0,-0.5,0.0,-0.5
15,PqcloEPJQhk,2023-05-03T06:14:47Z,536,133002,4739,20,1,0.5263888888888889,45.0,0.7,0.0,-0.5
16,PqcloEPJQhk,2023-05-03T06:14:47Z,536,133039,4741,20,2,0.5277777777777778,37.0,0.3,2.0,1.5
17,PqcloEPJQhk,2023-05-03T06:14:47Z,536,133096,4742,20,3,0.5291666666666667,57.0,1.3,1.0,0.5
18,PqcloEPJQhk,2023-05-03T06:14:47Z,536,133127,4742,20,4,0.5305555555555556,31.0,0.0,0.0,-0.5
19,PqcloEPJQhk,2023-05-03T06:14:47Z,536,133172,4743,20,5,0.5319444444444444,45.0,0.7,1.0,0.5
20,PqcloEPJQhk,2023-05-03T06:14:47Z,536,133186,4743,20,6,0.5333333333333333,14.0,-0.85,0.0,-0.5
21,PqcloEPJQhk,2023-05-03T06:14:47Z,536,133211,4743,20,7,0.5347222222222222,25.0,-0.3,0.0,-0.5
22,PqcloEPJQhk,2023-05-03T06:14:47Z,536,133215,4744,20,8,0.5361111111111111,4.0,-1.35,1.0,0.5
23,PqcloEPJQhk,2023-05-03T06:14:47Z,536,133242,4745,20,9,0.5375,27.0,-0.2,1.0,0.5
24,PqcloEPJQhk,2023-05-03T06:14:47Z,536,133285,4745,20,10,0.5388888888888889,43.0,0.6,0.0,-0.5
