,id,date,duration,views,likes,category_id,hour,update_diff,views_diff,views_diff_scaled,likes_diff,likes_diff_scaled
1,sP0E6y0gWxA,2023-04-23T10:00:11Z,198,664530,19506,10,11,0.8347222222222223,523.0,0.9886148007590133,1.0,0.0
2,sP0E6y0gWxA,2023-04-23T10:00:11Z,198,664895,19508,10,12,0.8361111111111111,365.0,0.3889943074003795,2.0,0.5
3,sP0E6y0gWxA,2023-04-23T10:00:11Z,198,664980,19508,10,13,0.8375,85.0,-0.6736242884250474,0.0,-0.5
4,sP0E6y0gWxA,2023-04-23T10:00:11Z,198,665461,19509,10,14,0.8388888888888889,481.0,0.8292220113851992,1.0,0.0
5,sP0E6y0gWxA,2023-04-23T10:00:11Z,198,665666,19511,10,15,0.8402777777777778,205.0,-0.21821631878557876,2.0,0.5
6,sP0E6y0gWxA,2023-04-23T10:00:11Z,198,666081,19513,10,16,0.8416666666666667,415.0,0.5787476280834914,2.0,0.5
7,sP0E6y0gWxA,2023-04-23T10:00:11Z,198,666252,19514,10,17,0.8430555555555556,171.0,-0.34724857685009486,1.0,0.0
8,sP0E6y0gWxA,2023-04-23T10:00:11Z,198,666773,19515,10,18,0.8444444444444444,521.0,0.9810246679316889,1.0,0.0
9,sP0E6y0gWxA,2023-04-23T10:00:11Z,198,666990,19515,10,19,0.8458333333333333,217.0,-0.17267552182163187,0.0,-0.5
10,sP0E6y0gWxA,2023-04-23T10:00:11Z,198,667742,19521,10,20,0.8472222222222222,752.0,1.857685009487666,6.0,2.5
11,sP0E6y0gWxA,2023-04-23T10:00:11Z,198,668257,19522,10,21,0.8486111111111111,515.0,0.9582542694497154,1.0,0.0
12,sP0E6y0gWxA,2023-04-23T10:00:11Z,198,668526,19523,10,22,0.85,269.0,0.024667931688804556,1.0,0.0
13,sP0E6y0gWxA,2023-04-23T10:00:11Z,198,668948,19528,10,23,0.8513888888888889,422.0,0.6053130929791272,5.0,2.0
14,sP0E6y0gWxA,2023-04-23T10:00:11Z,198,669267,19527,10,0,0.8527777777777777,319.0,0.2144212523719165,-1.0,-1.0
15,sP0E6y0gWxA,2023-04-23T10:00:11Z,198,669496,19528,10,1,0.8541666666666666,229.0,-0.127134724857685,1.0,0.0
16,sP0E6y0gWxA,2023-04-23T10:00:11Z,198,669590,19531,10,2,0.8555555555555555,94.0,-0.6394686907020873,3.0,1.0
17,sP0E6y0gWxA,2023-04-23T10:00:11Z,198,669846,19534,10,3,0.8569444444444444,256.0,-0.024667931688804556,3.0,1.0
18,sP0E6y0gWxA,2023-04-23T10:00:11Z,198,669994,19535,10,4,0.8583333333333333,148.0,-0.43453510436432635,1.0,0.0
19,sP0E6y0gWxA,2023-04-23T10:00:11Z,198,670363,19535,10,5,0.8597222222222223,369.0,0.40417457305502846,0.0,-0.5
20,sP0E6y0gWxA,2023-04-23T10:00:11Z,198,670486,19535,10,6,0.8611111111111112,123.0,-0.5294117647058824,0.0,-0.5
21,sP0E6y0gWxA,2023-04-23T10:00:11Z,198,670665,19537,10,7,0.8625,179.0,-0.31688804554079697,2.0,0.5
22,sP0E6y0gWxA,2023-04-23T10:00:11Z,198,670667,19537,10,8,0.8638888888888889,2.0,-0.9886148007590133,0.0,-0.5
23,sP0E6y0gWxA,2023-04-23T10:00:11Z,198,670667,19537,10,9,0.8652777777777778,0.0,-0.9962049335863378,0.0,-0.5
24,sP0E6y0gWxA,2023-04-23T10:00:11Z,198,671116,19537,10,10,0.8666666666666667,449.0,0.7077798861480076,0.0,-0.5
