,id,date,duration,views,likes,category_id,hour,update_diff,views_diff,views_diff_scaled,likes_diff,likes_diff_scaled
1,sP0E6y0gWxA,2023-04-23T10:00:11Z,198,683339,19610,10,1,0.9208333333333333,432.0,1.2507552870090635,4.0,1.5
2,sP0E6y0gWxA,2023-04-23T10:00:11Z,198,683460,19611,10,2,0.9222222222222223,121.0,-0.6283987915407855,1.0,0.0
3,sP0E6y0gWxA,2023-04-23T10:00:11Z,198,683809,19612,10,3,0.9236111111111112,349.0,0.7492447129909365,1.0,0.0
4,sP0E6y0gWxA,2023-04-23T10:00:11Z,198,684008,19613,10,4,0.925,199.0,-0.15709969788519637,1.0,0.0
5,sP0E6y0gWxA,2023-04-23T10:00:11Z,198,684258,19614,10,5,0.9263888888888889,250.0,0.1510574018126888,1.0,0.0
6,sP0E6y0gWxA,2023-04-23T10:00:11Z,198,684524,19614,10,6,0.9277777777777778,266.0,0.24773413897280966,0.0,-0.5
7,sP0E6y0gWxA,2023-04-23T10:00:11Z,198,684563,19614,10,7,0.9291666666666667,39.0,-1.1238670694864048,0.0,-0.5
8,sP0E6y0gWxA,2023-04-23T10:00:11Z,198,684659,19614,10,8,0.9305555555555556,96.0,-0.7794561933534743,0.0,-0.5
9,sP0E6y0gWxA,2023-04-23T10:00:11Z,198,684531,19615,10,9,0.9319444444444445,-128.0,-2.132930513595166,1.0,0.0
10,sP0E6y0gWxA,2023-04-23T10:00:11Z,198,684580,19615,10,10,0.9333333333333333,49.0,-1.0634441087613293,0.0,-0.5
11,sP0E6y0gWxA,2023-04-23T10:00:11Z,198,684733,19616,10,11,0.9347222222222222,153.0,-0.4350453172205438,1.0,0.0
12,sP0E6y0gWxA,2023-04-23T10:00:11Z,198,684915,19616,10,12,0.9361111111111111,182.0,-0.2598187311178248,0.0,-0.5
13,sP0E6y0gWxA,2023-04-23T10:00:11Z,198,685138,19619,10,13,0.9375,223.0,-0.012084592145015106,3.0,1.0
14,sP0E6y0gWxA,2023-04-23T10:00:11Z,198,685454,19621,10,14,0.9388888888888889,316.0,0.5498489425981873,2.0,0.5
15,sP0E6y0gWxA,2023-04-23T10:00:11Z,198,685712,19623,10,15,0.9402777777777778,258.0,0.19939577039274925,2.0,0.5
16,sP0E6y0gWxA,2023-04-23T10:00:11Z,198,685944,19625,10,16,0.9416666666666667,232.0,0.04229607250755287,2.0,0.5
17,sP0E6y0gWxA,2023-04-23T10:00:11Z,198,686179,19626,10,17,0.9430555555555555,235.0,0.06042296072507553,1.0,0.0
18,sP0E6y0gWxA,2023-04-23T10:00:11Z,198,686473,19628,10,18,0.9444444444444444,294.0,0.4169184290030212,2.0,0.5
19,sP0E6y0gWxA,2023-04-23T10:00:11Z,198,686829,19628,10,19,0.9458333333333333,356.0,0.7915407854984894,0.0,-0.5
20,sP0E6y0gWxA,2023-04-23T10:00:11Z,198,686999,19628,10,20,0.9472222222222222,170.0,-0.3323262839879154,0.0,-0.5
21,sP0E6y0gWxA,2023-04-23T10:00:11Z,198,687628,19627,10,21,0.9486111111111111,629.0,2.4410876132930515,-1.0,-1.0
22,sP0E6y0gWxA,2023-04-23T10:00:11Z,198,687796,19631,10,22,0.95,168.0,-0.34441087613293053,4.0,1.5
23,sP0E6y0gWxA,2023-04-23T10:00:11Z,198,688280,19634,10,23,0.9513888888888888,484.0,1.5649546827794563,3.0,1.0
24,sP0E6y0gWxA,2023-04-23T10:00:11Z,198,688483,19638,10,0,0.9527777777777777,203.0,-0.13293051359516617,4.0,1.5
25,sP0E6y0gWxA,2023-04-23T10:00:11Z,198,688649,19639,10,1,0.9541666666666667,166.0,-0.3564954682779456,1.0,0.0
26,sP0E6y0gWxA,2023-04-23T10:00:11Z,198,688740,19640,10,2,0.9555555555555556,91.0,-0.8096676737160121,1.0,0.0
27,sP0E6y0gWxA,2023-04-23T10:00:11Z,198,689023,19641,10,3,0.9569444444444445,283.0,0.3504531722054381,1.0,0.0
28,sP0E6y0gWxA,2023-04-23T10:00:11Z,198,689248,19643,10,4,0.9583333333333334,225.0,0.0,2.0,0.5
29,sP0E6y0gWxA,2023-04-23T10:00:11Z,198,689492,19643,10,5,0.9597222222222223,244.0,0.1148036253776435,0.0,-0.5
30,sP0E6y0gWxA,2023-04-23T10:00:11Z,198,689573,19643,10,6,0.9611111111111111,81.0,-0.8700906344410876,0.0,-0.5
31,sP0E6y0gWxA,2023-04-23T10:00:11Z,198,689573,19643,10,7,0.9625,0.0,-1.3595166163141994,0.0,-0.5
32,sP0E6y0gWxA,2023-04-23T10:00:11Z,198,689573,19643,10,8,0.9638888888888889,0.0,-1.3595166163141994,0.0,-0.5
33,sP0E6y0gWxA,2023-04-23T10:00:11Z,198,689596,19647,10,9,0.9652777777777778,23.0,-1.2205438066465257,4.0,1.5
34,sP0E6y0gWxA,2023-04-23T10:00:11Z,198,689962,19647,10,10,0.9666666666666667,366.0,0.851963746223565,0.0,-0.5
35,sP0E6y0gWxA,2023-04-23T10:00:11Z,198,690430,19647,10,11,0.9680555555555556,468.0,1.4682779456193353,0.0,-0.5
36,sP0E6y0gWxA,2023-04-23T10:00:11Z,198,690727,19649,10,12,0.9694444444444444,297.0,0.4350453172205438,2.0,0.5
37,sP0E6y0gWxA,2023-04-23T10:00:11Z,198,691035,19652,10,13,0.9708333333333333,308.0,0.5015105740181269,3.0,1.0
38,sP0E6y0gWxA,2023-04-23T10:00:11Z,198,691401,19655,10,14,0.9722222222222222,366.0,0.851963746223565,3.0,1.0
39,sP0E6y0gWxA,2023-04-23T10:00:11Z,198,691583,19655,10,15,0.9736111111111111,182.0,-0.2598187311178248,0.0,-0.5
