,id,date,duration,views,likes,category_id,hour,update_diff,views_diff,views_diff_scaled,likes_diff,likes_diff_scaled
1,46UNB52FDZA,2023-05-10T09:03:51Z,1964,848288,32483,24,16,0.24305555555555555,2891.0,0.8006535947712419,36.0,0.0
2,46UNB52FDZA,2023-05-10T09:03:51Z,1964,850108,32525,24,17,0.24444444444444444,1820.0,-0.07434640522875817,42.0,0.2926829268292683
3,46UNB52FDZA,2023-05-10T09:03:51Z,1964,852658,32559,24,18,0.24583333333333332,2550.0,0.5220588235294118,34.0,-0.0975609756097561
4,46UNB52FDZA,2023-05-10T09:03:51Z,1964,855130,32611,24,19,0.24722222222222223,2472.0,0.4583333333333333,52.0,0.7804878048780488
5,46UNB52FDZA,2023-05-10T09:03:51Z,1964,857317,32657,24,20,0.24861111111111112,2187.0,0.22549019607843138,46.0,0.4878048780487805
6,46UNB52FDZA,2023-05-10T09:03:51Z,1964,859914,32715,24,21,0.25,2597.0,0.5604575163398693,58.0,1.0731707317073171
7,46UNB52FDZA,2023-05-10T09:03:51Z,1964,862757,32755,24,22,0.2513888888888889,2843.0,0.761437908496732,40.0,0.1951219512195122
8,46UNB52FDZA,2023-05-10T09:03:51Z,1964,865731,32816,24,23,0.25277777777777777,2974.0,0.8684640522875817,61.0,1.2195121951219512
9,46UNB52FDZA,2023-05-10T09:03:51Z,1964,868208,32866,24,0,0.25416666666666665,2477.0,0.4624183006535948,50.0,0.6829268292682927
10,46UNB52FDZA,2023-05-10T09:03:51Z,1964,869869,32903,24,1,0.25555555555555554,1661.0,-0.2042483660130719,37.0,0.04878048780487805
11,46UNB52FDZA,2023-05-10T09:03:51Z,1964,872114,32936,24,2,0.2569444444444444,2245.0,0.272875816993464,33.0,-0.14634146341463414
12,46UNB52FDZA,2023-05-10T09:03:51Z,1964,874910,32973,24,3,0.25833333333333336,2796.0,0.7230392156862745,37.0,0.04878048780487805
13,46UNB52FDZA,2023-05-10T09:03:51Z,1964,876816,33007,24,4,0.25972222222222224,1906.0,-0.004084967320261438,34.0,-0.0975609756097561
14,46UNB52FDZA,2023-05-10T09:03:51Z,1964,878727,33022,24,5,0.2611111111111111,1911.0,0.0,15.0,-1.024390243902439
15,46UNB52FDZA,2023-05-10T09:03:51Z,1964,879681,33036,24,6,0.2625,954.0,-0.7818627450980392,14.0,-1.0731707317073171
16,46UNB52FDZA,2023-05-10T09:03:51Z,1964,880440,33056,24,7,0.2638888888888889,759.0,-0.9411764705882353,20.0,-0.7804878048780488
17,46UNB52FDZA,2023-05-10T09:03:51Z,1964,880889,33082,24,8,0.2652777777777778,449.0,-1.1944444444444444,26.0,-0.4878048780487805
18,46UNB52FDZA,2023-05-10T09:03:51Z,1964,881953,33118,24,9,0.26666666666666666,1064.0,-0.6919934640522876,36.0,0.0
19,46UNB52FDZA,2023-05-10T09:03:51Z,1964,883241,33137,24,10,0.26805555555555555,1288.0,-0.5089869281045751,19.0,-0.8292682926829268
20,46UNB52FDZA,2023-05-10T09:03:51Z,1964,884419,33166,24,11,0.26944444444444443,1178.0,-0.5988562091503268,29.0,-0.34146341463414637
21,46UNB52FDZA,2023-05-10T09:03:51Z,1964,885579,33203,24,12,0.2708333333333333,1160.0,-0.613562091503268,37.0,0.04878048780487805
22,46UNB52FDZA,2023-05-10T09:03:51Z,1964,886519,33251,24,13,0.2722222222222222,940.0,-0.7933006535947712,48.0,0.5853658536585366
23,46UNB52FDZA,2023-05-10T09:03:51Z,1964,888831,33284,24,14,0.27361111111111114,2312.0,0.3276143790849673,33.0,-0.14634146341463414
24,46UNB52FDZA,2023-05-10T09:03:51Z,1964,890485,33321,24,15,0.275,1654.0,-0.2099673202614379,37.0,0.04878048780487805
25,46UNB52FDZA,2023-05-10T09:03:51Z,1964,892839,33348,24,16,0.2763888888888889,2354.0,0.3619281045751634,27.0,-0.43902439024390244
26,46UNB52FDZA,2023-05-10T09:03:51Z,1964,894182,33387,24,17,0.2777777777777778,1343.0,-0.46405228758169936,39.0,0.14634146341463414
27,46UNB52FDZA,2023-05-10T09:03:51Z,1964,896411,33414,24,18,0.2791666666666667,2229.0,0.25980392156862747,27.0,-0.43902439024390244
28,46UNB52FDZA,2023-05-10T09:03:51Z,1964,897636,33474,24,19,0.28055555555555556,1225.0,-0.5604575163398693,60.0,1.170731707317073
29,46UNB52FDZA,2023-05-10T09:03:51Z,1964,900302,33545,24,20,0.28194444444444444,2666.0,0.6168300653594772,71.0,1.7073170731707317
30,46UNB52FDZA,2023-05-10T09:03:51Z,1964,902772,33591,24,21,0.2833333333333333,2470.0,0.45669934640522875,46.0,0.4878048780487805
31,46UNB52FDZA,2023-05-10T09:03:51Z,1964,904968,33646,24,22,0.2847222222222222,2196.0,0.23284313725490197,55.0,0.926829268292683
32,46UNB52FDZA,2023-05-10T09:03:51Z,1964,908074,33696,24,23,0.2861111111111111,3106.0,0.9763071895424836,50.0,0.6829268292682927
33,46UNB52FDZA,2023-05-10T09:03:51Z,1964,910894,33757,24,0,0.2875,2820.0,0.7426470588235294,61.0,1.2195121951219512
34,46UNB52FDZA,2023-05-10T09:03:51Z,1964,913248,33800,24,1,0.28888888888888886,2354.0,0.3619281045751634,43.0,0.34146341463414637
35,46UNB52FDZA,2023-05-10T09:03:51Z,1964,915140,33855,24,2,0.2902777777777778,1892.0,-0.015522875816993464,55.0,0.926829268292683
36,46UNB52FDZA,2023-05-10T09:03:51Z,1964,917567,33886,24,3,0.2916666666666667,2427.0,0.4215686274509804,31.0,-0.24390243902439024
37,46UNB52FDZA,2023-05-10T09:03:51Z,1964,918861,33912,24,4,0.29305555555555557,1294.0,-0.5040849673202614,26.0,-0.4878048780487805
38,46UNB52FDZA,2023-05-10T09:03:51Z,1964,920970,33928,24,5,0.29444444444444445,2109.0,0.16176470588235295,16.0,-0.975609756097561
39,46UNB52FDZA,2023-05-10T09:03:51Z,1964,921732,33951,24,6,0.29583333333333334,762.0,-0.9387254901960784,23.0,-0.6341463414634146
40,46UNB52FDZA,2023-05-10T09:03:51Z,1964,923001,33974,24,7,0.2972222222222222,1269.0,-0.5245098039215687,23.0,-0.6341463414634146
41,46UNB52FDZA,2023-05-10T09:03:51Z,1964,923221,34003,24,8,0.2986111111111111,220.0,-1.3815359477124183,29.0,-0.34146341463414637
42,46UNB52FDZA,2023-05-10T09:03:51Z,1964,924368,34020,24,9,0.3,1147.0,-0.6241830065359477,17.0,-0.926829268292683
43,46UNB52FDZA,2023-05-10T09:03:51Z,1964,925917,34043,24,10,0.3013888888888889,1549.0,-0.2957516339869281,23.0,-0.6341463414634146
