,id,date,duration,views,likes,category_id,hour,update_diff,views_diff,views_diff_scaled,likes_diff,likes_diff_scaled
1,q5NGlfJQiyE,2023-05-11T08:00:22Z,764,5188841,29003,15,1,0.3236111111111111,4106.0,0.5735593220338983,20.0,1.8181818181818181
2,q5NGlfJQiyE,2023-05-11T08:00:22Z,764,5192546,29013,15,2,0.325,3705.0,0.39231638418079096,10.0,0.0
3,q5NGlfJQiyE,2023-05-11T08:00:22Z,764,5197449,29025,15,3,0.3263888888888889,4903.0,0.9337853107344632,12.0,0.36363636363636365
4,q5NGlfJQiyE,2023-05-11T08:00:22Z,764,5201608,29032,15,4,0.3277777777777778,4159.0,0.5975141242937854,7.0,-0.5454545454545454
5,q5NGlfJQiyE,2023-05-11T08:00:22Z,764,5205773,29037,15,5,0.32916666666666666,4165.0,0.600225988700565,5.0,-0.9090909090909091
6,q5NGlfJQiyE,2023-05-11T08:00:22Z,764,5208006,29040,15,6,0.33055555555555555,2233.0,-0.27299435028248586,3.0,-1.2727272727272727
7,q5NGlfJQiyE,2023-05-11T08:00:22Z,764,5209254,29047,15,7,0.33194444444444443,1248.0,-0.7181920903954803,7.0,-0.5454545454545454
8,q5NGlfJQiyE,2023-05-11T08:00:22Z,764,5210492,29052,15,8,0.3333333333333333,1238.0,-0.7227118644067797,5.0,-0.9090909090909091
9,q5NGlfJQiyE,2023-05-11T08:00:22Z,764,5211946,29061,15,9,0.3347222222222222,1454.0,-0.6250847457627119,9.0,-0.18181818181818182
10,q5NGlfJQiyE,2023-05-11T08:00:22Z,764,5213735,29072,15,10,0.33611111111111114,1789.0,-0.4736723163841808,11.0,0.18181818181818182
11,q5NGlfJQiyE,2023-05-11T08:00:22Z,764,5215547,29081,15,11,0.3375,1812.0,-0.4632768361581921,9.0,-0.18181818181818182
12,q5NGlfJQiyE,2023-05-11T08:00:22Z,764,5217472,29092,15,12,0.3388888888888889,1925.0,-0.41220338983050847,11.0,0.18181818181818182
13,q5NGlfJQiyE,2023-05-11T08:00:22Z,764,5219568,29103,15,13,0.3402777777777778,2096.0,-0.33491525423728813,11.0,0.18181818181818182
14,q5NGlfJQiyE,2023-05-11T08:00:22Z,764,5221852,29119,15,14,0.3416666666666667,2284.0,-0.24994350282485875,16.0,1.0909090909090908
15,q5NGlfJQiyE,2023-05-11T08:00:22Z,764,5224352,29131,15,15,0.34305555555555556,2500.0,-0.15231638418079096,12.0,0.36363636363636365
16,q5NGlfJQiyE,2023-05-11T08:00:22Z,764,5226267,29138,15,16,0.34444444444444444,1915.0,-0.4167231638418079,7.0,-0.5454545454545454
17,q5NGlfJQiyE,2023-05-11T08:00:22Z,764,5228264,29148,15,17,0.3458333333333333,1997.0,-0.37966101694915255,10.0,0.0
18,q5NGlfJQiyE,2023-05-11T08:00:22Z,764,5231101,29158,15,18,0.3472222222222222,2837.0,0.0,10.0,0.0
19,q5NGlfJQiyE,2023-05-11T08:00:22Z,764,5234649,29168,15,19,0.3486111111111111,3548.0,0.3213559322033898,10.0,0.0
20,q5NGlfJQiyE,2023-05-11T08:00:22Z,764,5236259,29184,15,20,0.35,1610.0,-0.5545762711864407,16.0,1.0909090909090908
21,q5NGlfJQiyE,2023-05-11T08:00:22Z,764,5240419,29193,15,21,0.35138888888888886,4160.0,0.5979661016949153,9.0,-0.18181818181818182
22,q5NGlfJQiyE,2023-05-11T08:00:22Z,764,5242750,29207,15,22,0.3527777777777778,2331.0,-0.22870056497175142,14.0,0.7272727272727273
23,q5NGlfJQiyE,2023-05-11T08:00:22Z,764,5246448,29233,15,23,0.3541666666666667,3698.0,0.3891525423728814,26.0,2.909090909090909
24,q5NGlfJQiyE,2023-05-11T08:00:22Z,764,5249321,29256,15,0,0.35555555555555557,2873.0,0.016271186440677966,23.0,2.3636363636363638
25,q5NGlfJQiyE,2023-05-11T08:00:22Z,764,5254958,29278,15,1,0.35694444444444445,5637.0,1.265536723163842,22.0,2.1818181818181817
26,q5NGlfJQiyE,2023-05-11T08:00:22Z,764,5260204,29296,15,2,0.35833333333333334,5246.0,1.0888135593220338,18.0,1.4545454545454546
27,q5NGlfJQiyE,2023-05-11T08:00:22Z,764,5267517,29309,15,3,0.3597222222222222,7313.0,2.023050847457627,13.0,0.5454545454545454
28,q5NGlfJQiyE,2023-05-11T08:00:22Z,764,5272433,29317,15,4,0.3611111111111111,4916.0,0.9396610169491525,8.0,-0.36363636363636365
29,q5NGlfJQiyE,2023-05-11T08:00:22Z,764,5277730,29323,15,5,0.3625,5297.0,1.111864406779661,6.0,-0.7272727272727273
30,q5NGlfJQiyE,2023-05-11T08:00:22Z,764,5280684,29331,15,6,0.3638888888888889,2954.0,0.05288135593220339,8.0,-0.36363636363636365
31,q5NGlfJQiyE,2023-05-11T08:00:22Z,764,5283549,29340,15,7,0.36527777777777776,2865.0,0.012655367231638417,9.0,-0.18181818181818182
32,q5NGlfJQiyE,2023-05-11T08:00:22Z,764,5285506,29350,15,8,0.36666666666666664,1957.0,-0.3977401129943503,10.0,0.0
33,q5NGlfJQiyE,2023-05-11T08:00:22Z,764,5287319,29359,15,9,0.3680555555555556,1813.0,-0.46282485875706214,9.0,-0.18181818181818182
34,q5NGlfJQiyE,2023-05-11T08:00:22Z,764,5290674,29366,15,10,0.36944444444444446,3355.0,0.23412429378531074,7.0,-0.5454545454545454
35,q5NGlfJQiyE,2023-05-11T08:00:22Z,764,5292923,29371,15,11,0.37083333333333335,2249.0,-0.26576271186440675,5.0,-0.9090909090909091
36,q5NGlfJQiyE,2023-05-11T08:00:22Z,764,5294668,29376,15,12,0.37222222222222223,1745.0,-0.4935593220338983,5.0,-0.9090909090909091
37,q5NGlfJQiyE,2023-05-11T08:00:22Z,764,5297571,29381,15,13,0.3736111111111111,2903.0,0.029830508474576273,5.0,-0.9090909090909091
38,q5NGlfJQiyE,2023-05-11T08:00:22Z,764,5302129,29395,15,14,0.375,4558.0,0.7778531073446328,14.0,0.7272727272727273
39,q5NGlfJQiyE,2023-05-11T08:00:22Z,764,5304034,29403,15,15,0.3763888888888889,1905.0,-0.42124293785310735,8.0,-0.36363636363636365
