,id,date,duration,views,likes,category_id,hour,update_diff,views_diff,views_diff_scaled,likes_diff,likes_diff_scaled
1,AQwu7htUdS0,2023-05-11T09:00:08Z,800,720995,4282,27,1,0.32222222222222224,1154.0,2.603896103896104,4.0,0.6666666666666666
2,AQwu7htUdS0,2023-05-11T09:00:08Z,800,721929,4284,27,2,0.3236111111111111,934.0,1.8896103896103895,2.0,0.0
3,AQwu7htUdS0,2023-05-11T09:00:08Z,800,722766,4288,27,3,0.325,837.0,1.5746753246753247,4.0,0.6666666666666666
4,AQwu7htUdS0,2023-05-11T09:00:08Z,800,723420,4291,27,4,0.3263888888888889,654.0,0.9805194805194806,3.0,0.3333333333333333
5,AQwu7htUdS0,2023-05-11T09:00:08Z,800,723959,4295,27,5,0.3277777777777778,539.0,0.6071428571428571,4.0,0.6666666666666666
6,AQwu7htUdS0,2023-05-11T09:00:08Z,800,724337,4299,27,6,0.32916666666666666,378.0,0.08441558441558442,4.0,0.6666666666666666
7,AQwu7htUdS0,2023-05-11T09:00:08Z,800,724531,4301,27,7,0.33055555555555555,194.0,-0.512987012987013,2.0,0.0
8,AQwu7htUdS0,2023-05-11T09:00:08Z,800,724966,4308,27,8,0.33194444444444443,435.0,0.2694805194805195,7.0,1.6666666666666667
9,AQwu7htUdS0,2023-05-11T09:00:08Z,800,725513,4310,27,9,0.3333333333333333,547.0,0.6331168831168831,2.0,0.0
10,AQwu7htUdS0,2023-05-11T09:00:08Z,800,726137,4314,27,10,0.3347222222222222,624.0,0.8831168831168831,4.0,0.6666666666666666
11,AQwu7htUdS0,2023-05-11T09:00:08Z,800,726473,4322,27,11,0.33611111111111114,336.0,-0.05194805194805195,8.0,2.0
12,AQwu7htUdS0,2023-05-11T09:00:08Z,800,726819,4323,27,12,0.3375,346.0,-0.01948051948051948,1.0,-0.3333333333333333
13,AQwu7htUdS0,2023-05-11T09:00:08Z,800,727133,4327,27,13,0.3388888888888889,314.0,-0.12337662337662338,4.0,0.6666666666666666
14,AQwu7htUdS0,2023-05-11T09:00:08Z,800,727413,4328,27,14,0.3402777777777778,280.0,-0.23376623376623376,1.0,-0.3333333333333333
15,AQwu7htUdS0,2023-05-11T09:00:08Z,800,727765,4330,27,15,0.3416666666666667,352.0,0.0,2.0,0.0
16,AQwu7htUdS0,2023-05-11T09:00:08Z,800,727978,4333,27,16,0.34305555555555556,213.0,-0.4512987012987013,3.0,0.3333333333333333
17,AQwu7htUdS0,2023-05-11T09:00:08Z,800,728211,4337,27,17,0.34444444444444444,233.0,-0.38636363636363635,4.0,0.6666666666666666
18,AQwu7htUdS0,2023-05-11T09:00:08Z,800,728710,4341,27,18,0.3458333333333333,499.0,0.4772727272727273,4.0,0.6666666666666666
19,AQwu7htUdS0,2023-05-11T09:00:08Z,800,729176,4343,27,19,0.3472222222222222,466.0,0.37012987012987014,2.0,0.0
20,AQwu7htUdS0,2023-05-11T09:00:08Z,800,729432,4345,27,20,0.3486111111111111,256.0,-0.3116883116883117,2.0,0.0
21,AQwu7htUdS0,2023-05-11T09:00:08Z,800,730110,4349,27,21,0.35,678.0,1.0584415584415585,4.0,0.6666666666666666
22,AQwu7htUdS0,2023-05-11T09:00:08Z,800,730446,4351,27,22,0.35138888888888886,336.0,-0.05194805194805195,2.0,0.0
23,AQwu7htUdS0,2023-05-11T09:00:08Z,800,731044,4350,27,23,0.3527777777777778,598.0,0.7987012987012987,-1.0,-1.0
24,AQwu7htUdS0,2023-05-11T09:00:08Z,800,731574,4354,27,0,0.3541666666666667,530.0,0.577922077922078,4.0,0.6666666666666666
25,AQwu7htUdS0,2023-05-11T09:00:08Z,800,732293,4356,27,1,0.35555555555555557,719.0,1.1915584415584415,2.0,0.0
26,AQwu7htUdS0,2023-05-11T09:00:08Z,800,732861,4357,27,2,0.35694444444444445,568.0,0.7012987012987013,1.0,-0.3333333333333333
27,AQwu7htUdS0,2023-05-11T09:00:08Z,800,733516,4358,27,3,0.35833333333333334,655.0,0.9837662337662337,1.0,-0.3333333333333333
28,AQwu7htUdS0,2023-05-11T09:00:08Z,800,733888,4359,27,4,0.3597222222222222,372.0,0.06493506493506493,1.0,-0.3333333333333333
29,AQwu7htUdS0,2023-05-11T09:00:08Z,800,734247,4361,27,5,0.3611111111111111,359.0,0.022727272727272728,2.0,0.0
30,AQwu7htUdS0,2023-05-11T09:00:08Z,800,734470,4362,27,6,0.3625,223.0,-0.41883116883116883,1.0,-0.3333333333333333
31,AQwu7htUdS0,2023-05-11T09:00:08Z,800,734731,4363,27,7,0.3638888888888889,261.0,-0.29545454545454547,1.0,-0.3333333333333333
32,AQwu7htUdS0,2023-05-11T09:00:08Z,800,734961,4365,27,8,0.36527777777777776,230.0,-0.3961038961038961,2.0,0.0
33,AQwu7htUdS0,2023-05-11T09:00:08Z,800,735204,4365,27,9,0.36666666666666664,243.0,-0.3538961038961039,0.0,-0.6666666666666666
34,AQwu7htUdS0,2023-05-11T09:00:08Z,800,735493,4367,27,10,0.3680555555555556,289.0,-0.20454545454545456,2.0,0.0
35,AQwu7htUdS0,2023-05-11T09:00:08Z,800,735669,4368,27,11,0.36944444444444446,176.0,-0.5714285714285714,1.0,-0.3333333333333333
36,AQwu7htUdS0,2023-05-11T09:00:08Z,800,735808,4369,27,12,0.37083333333333335,139.0,-0.6915584415584416,1.0,-0.3333333333333333
37,AQwu7htUdS0,2023-05-11T09:00:08Z,800,736018,4369,27,13,0.37222222222222223,210.0,-0.461038961038961,0.0,-0.6666666666666666
38,AQwu7htUdS0,2023-05-11T09:00:08Z,800,736289,4371,27,14,0.3736111111111111,271.0,-0.262987012987013,2.0,0.0
39,AQwu7htUdS0,2023-05-11T09:00:08Z,800,736402,4371,27,15,0.375,113.0,-0.775974025974026,0.0,-0.6666666666666666
