,id,date,duration,views,likes,category_id,hour,update_diff,views_diff,views_diff_scaled,likes_diff,likes_diff_scaled
1,_D1miPJWLUI,2023-05-11T10:00:19Z,1779,319547,5184,22,1,0.32083333333333336,226.0,0.6621621621621622,0.0,-0.5
2,_D1miPJWLUI,2023-05-11T10:00:19Z,1779,319732,5186,22,2,0.32222222222222224,185.0,0.38513513513513514,2.0,0.5
3,_D1miPJWLUI,2023-05-11T10:00:19Z,1779,319960,5189,22,3,0.3236111111111111,228.0,0.6756756756756757,3.0,1.0
4,_D1miPJWLUI,2023-05-11T10:00:19Z,1779,320163,5191,22,4,0.325,203.0,0.5067567567567568,2.0,0.5
5,_D1miPJWLUI,2023-05-11T10:00:19Z,1779,320337,5192,22,5,0.3263888888888889,174.0,0.3108108108108108,1.0,0.0
6,_D1miPJWLUI,2023-05-11T10:00:19Z,1779,320467,5188,22,6,0.3277777777777778,130.0,0.013513513513513514,-4.0,-2.5
7,_D1miPJWLUI,2023-05-11T10:00:19Z,1779,320563,5188,22,7,0.32916666666666666,96.0,-0.21621621621621623,0.0,-0.5
8,_D1miPJWLUI,2023-05-11T10:00:19Z,1779,320620,5192,22,8,0.33055555555555555,57.0,-0.4797297297297297,4.0,1.5
9,_D1miPJWLUI,2023-05-11T10:00:19Z,1779,320649,5194,22,9,0.33194444444444443,29.0,-0.668918918918919,2.0,0.5
10,_D1miPJWLUI,2023-05-11T10:00:19Z,1779,320697,5194,22,10,0.3333333333333333,48.0,-0.5405405405405406,0.0,-0.5
11,_D1miPJWLUI,2023-05-11T10:00:19Z,1779,320759,5199,22,11,0.3347222222222222,62.0,-0.44594594594594594,5.0,2.0
12,_D1miPJWLUI,2023-05-11T10:00:19Z,1779,320838,5201,22,12,0.33611111111111114,79.0,-0.3310810810810811,2.0,0.5
13,_D1miPJWLUI,2023-05-11T10:00:19Z,1779,321103,5204,22,13,0.3375,265.0,0.9256756756756757,3.0,1.0
14,_D1miPJWLUI,2023-05-11T10:00:19Z,1779,321502,5205,22,14,0.3388888888888889,399.0,1.8310810810810811,1.0,0.0
15,_D1miPJWLUI,2023-05-11T10:00:19Z,1779,321887,5210,22,15,0.3402777777777778,385.0,1.7364864864864864,5.0,2.0
16,_D1miPJWLUI,2023-05-11T10:00:19Z,1779,322136,5212,22,16,0.3416666666666667,249.0,0.8175675675675675,2.0,0.5
17,_D1miPJWLUI,2023-05-11T10:00:19Z,1779,322351,5213,22,17,0.34305555555555556,215.0,0.5878378378378378,1.0,0.0
18,_D1miPJWLUI,2023-05-11T10:00:19Z,1779,322616,5214,22,18,0.34444444444444444,265.0,0.9256756756756757,1.0,0.0
19,_D1miPJWLUI,2023-05-11T10:00:19Z,1779,322885,5216,22,19,0.3458333333333333,269.0,0.9527027027027027,2.0,0.5
20,_D1miPJWLUI,2023-05-11T10:00:19Z,1779,322984,5219,22,20,0.3472222222222222,99.0,-0.19594594594594594,3.0,1.0
21,_D1miPJWLUI,2023-05-11T10:00:19Z,1779,323218,5221,22,21,0.3486111111111111,234.0,0.7162162162162162,2.0,0.5
22,_D1miPJWLUI,2023-05-11T10:00:19Z,1779,323346,5223,22,22,0.35,128.0,0.0,2.0,0.5
23,_D1miPJWLUI,2023-05-11T10:00:19Z,1779,323543,5225,22,23,0.35138888888888886,197.0,0.46621621621621623,2.0,0.5
24,_D1miPJWLUI,2023-05-11T10:00:19Z,1779,323691,5226,22,0,0.3527777777777778,148.0,0.13513513513513514,1.0,0.0
25,_D1miPJWLUI,2023-05-11T10:00:19Z,1779,323850,5228,22,1,0.3541666666666667,159.0,0.20945945945945946,2.0,0.5
26,_D1miPJWLUI,2023-05-11T10:00:19Z,1779,323958,5229,22,2,0.35555555555555557,108.0,-0.13513513513513514,1.0,0.0
27,_D1miPJWLUI,2023-05-11T10:00:19Z,1779,324112,5229,22,3,0.35694444444444445,154.0,0.17567567567567569,0.0,-0.5
28,_D1miPJWLUI,2023-05-11T10:00:19Z,1779,324241,5229,22,4,0.35833333333333334,129.0,0.006756756756756757,0.0,-0.5
29,_D1miPJWLUI,2023-05-11T10:00:19Z,1779,324368,5229,22,5,0.3597222222222222,127.0,-0.006756756756756757,0.0,-0.5
30,_D1miPJWLUI,2023-05-11T10:00:19Z,1779,324418,5229,22,6,0.3611111111111111,50.0,-0.527027027027027,0.0,-0.5
31,_D1miPJWLUI,2023-05-11T10:00:19Z,1779,324472,5229,22,7,0.3625,54.0,-0.5,0.0,-0.5
32,_D1miPJWLUI,2023-05-11T10:00:19Z,1779,324483,5230,22,8,0.3638888888888889,11.0,-0.7905405405405406,1.0,0.0
33,_D1miPJWLUI,2023-05-11T10:00:19Z,1779,324497,5230,22,9,0.36527777777777776,14.0,-0.7702702702702703,0.0,-0.5
34,_D1miPJWLUI,2023-05-11T10:00:19Z,1779,324561,5231,22,10,0.36666666666666664,64.0,-0.43243243243243246,1.0,0.0
35,_D1miPJWLUI,2023-05-11T10:00:19Z,1779,324621,5230,22,11,0.3680555555555556,60.0,-0.4594594594594595,-1.0,-1.0
36,_D1miPJWLUI,2023-05-11T10:00:19Z,1779,324669,5231,22,12,0.36944444444444446,48.0,-0.5405405405405406,1.0,0.0
37,_D1miPJWLUI,2023-05-11T10:00:19Z,1779,324734,5231,22,13,0.37083333333333335,65.0,-0.42567567567567566,0.0,-0.5
38,_D1miPJWLUI,2023-05-11T10:00:19Z,1779,324834,5235,22,14,0.37222222222222223,100.0,-0.1891891891891892,4.0,1.5
39,_D1miPJWLUI,2023-05-11T10:00:19Z,1779,324894,5236,22,15,0.3736111111111111,60.0,-0.4594594594594595,1.0,0.0
