,id,date,duration,views,likes,category_id,hour,update_diff,views_diff,views_diff_scaled,likes_diff,likes_diff_scaled
1,F5q3XeHaPE0,2023-05-14T01:00:08Z,565,23036,884,26,14,0.18472222222222223,25.0,0.0625,0.0,0.0
2,F5q3XeHaPE0,2023-05-14T01:00:08Z,565,23046,884,26,15,0.18611111111111112,10.0,-0.875,0.0,0.0
3,F5q3XeHaPE0,2023-05-14T01:00:08Z,565,23074,885,26,16,0.1875,28.0,0.25,1.0,1.0
4,F5q3XeHaPE0,2023-05-14T01:00:08Z,565,23095,886,26,17,0.18888888888888888,21.0,-0.1875,1.0,1.0
5,F5q3XeHaPE0,2023-05-14T01:00:08Z,565,23118,886,26,18,0.19027777777777777,23.0,-0.0625,0.0,0.0
6,F5q3XeHaPE0,2023-05-14T01:00:08Z,565,23143,885,26,19,0.19166666666666668,25.0,0.0625,-1.0,-1.0
7,F5q3XeHaPE0,2023-05-14T01:00:08Z,565,23172,885,26,20,0.19305555555555556,29.0,0.3125,0.0,0.0
8,F5q3XeHaPE0,2023-05-14T01:00:08Z,565,23202,886,26,21,0.19444444444444445,30.0,0.375,1.0,1.0
9,F5q3XeHaPE0,2023-05-14T01:00:08Z,565,23207,886,26,22,0.19583333333333333,5.0,-1.1875,0.0,0.0
10,F5q3XeHaPE0,2023-05-14T01:00:08Z,565,23236,886,26,23,0.19722222222222222,29.0,0.3125,0.0,0.0
11,F5q3XeHaPE0,2023-05-14T01:00:08Z,565,23247,886,26,0,0.1986111111111111,11.0,-0.8125,0.0,0.0
12,F5q3XeHaPE0,2023-05-14T01:00:08Z,565,23270,887,26,1,0.2,23.0,-0.0625,1.0,1.0
13,F5q3XeHaPE0,2023-05-14T01:00:08Z,565,23285,887,26,2,0.2013888888888889,15.0,-0.5625,0.0,0.0
14,F5q3XeHaPE0,2023-05-14T01:00:08Z,565,23310,887,26,3,0.20277777777777778,25.0,0.0625,0.0,0.0
15,F5q3XeHaPE0,2023-05-14T01:00:08Z,565,23337,887,26,4,0.20416666666666666,27.0,0.1875,0.0,0.0
16,F5q3XeHaPE0,2023-05-14T01:00:08Z,565,23350,887,26,5,0.20555555555555555,13.0,-0.6875,0.0,0.0
17,F5q3XeHaPE0,2023-05-14T01:00:08Z,565,23363,887,26,6,0.20694444444444443,13.0,-0.6875,0.0,0.0
18,F5q3XeHaPE0,2023-05-14T01:00:08Z,565,23373,887,26,7,0.20833333333333334,10.0,-0.875,0.0,0.0
19,F5q3XeHaPE0,2023-05-14T01:00:08Z,565,23379,887,26,8,0.20972222222222223,6.0,-1.125,0.0,0.0
20,F5q3XeHaPE0,2023-05-14T01:00:08Z,565,23384,888,26,9,0.2111111111111111,5.0,-1.1875,1.0,1.0
21,F5q3XeHaPE0,2023-05-14T01:00:08Z,565,23389,889,26,10,0.2125,5.0,-1.1875,1.0,1.0
22,F5q3XeHaPE0,2023-05-14T01:00:08Z,565,23396,890,26,11,0.21388888888888888,7.0,-1.0625,1.0,1.0
23,F5q3XeHaPE0,2023-05-14T01:00:08Z,565,23420,891,26,12,0.2152777777777778,24.0,0.0,1.0,1.0
24,F5q3XeHaPE0,2023-05-14T01:00:08Z,565,23446,890,26,13,0.21666666666666667,26.0,0.125,-1.0,-1.0
25,F5q3XeHaPE0,2023-05-14T01:00:08Z,565,23475,890,26,14,0.21805555555555556,29.0,0.3125,0.0,0.0
26,F5q3XeHaPE0,2023-05-14T01:00:08Z,565,23501,890,26,15,0.21944444444444444,26.0,0.125,0.0,0.0
27,F5q3XeHaPE0,2023-05-14T01:00:08Z,565,23549,892,26,16,0.22083333333333333,48.0,1.5,2.0,2.0
28,F5q3XeHaPE0,2023-05-14T01:00:08Z,565,23595,893,26,17,0.2222222222222222,46.0,1.375,1.0,1.0
29,F5q3XeHaPE0,2023-05-14T01:00:08Z,565,23643,893,26,18,0.22361111111111112,48.0,1.5,0.0,0.0
30,F5q3XeHaPE0,2023-05-14T01:00:08Z,565,23690,894,26,19,0.225,47.0,1.4375,1.0,1.0
31,F5q3XeHaPE0,2023-05-14T01:00:08Z,565,23714,894,26,20,0.2263888888888889,24.0,0.0,0.0,0.0
32,F5q3XeHaPE0,2023-05-14T01:00:08Z,565,23756,895,26,21,0.22777777777777777,42.0,1.125,1.0,1.0
33,F5q3XeHaPE0,2023-05-14T01:00:08Z,565,23772,895,26,22,0.22916666666666666,16.0,-0.5,0.0,0.0
