,id,date,duration,views,likes,category_id,hour,update_diff,views_diff,views_diff_scaled,likes_diff,likes_diff_scaled
1,Fmwc0v9pqQI,2023-05-12T04:32:22Z,513,76190,3280,22,1,0.29444444444444445,38.0,0.42857142857142855,4.0,4.0
2,Fmwc0v9pqQI,2023-05-12T04:32:22Z,513,76194,3280,22,2,0.29583333333333334,4.0,-1.1904761904761905,0.0,0.0
3,Fmwc0v9pqQI,2023-05-12T04:32:22Z,513,76229,3282,22,3,0.2972222222222222,35.0,0.2857142857142857,2.0,2.0
4,Fmwc0v9pqQI,2023-05-12T04:32:22Z,513,76274,3281,22,4,0.2986111111111111,45.0,0.7619047619047619,-1.0,-1.0
5,Fmwc0v9pqQI,2023-05-12T04:32:22Z,513,76317,3281,22,5,0.3,43.0,0.6666666666666666,0.0,0.0
6,Fmwc0v9pqQI,2023-05-12T04:32:22Z,513,76354,3281,22,6,0.3013888888888889,37.0,0.38095238095238093,0.0,0.0
7,Fmwc0v9pqQI,2023-05-12T04:32:22Z,513,76376,3281,22,7,0.30277777777777776,22.0,-0.3333333333333333,0.0,0.0
8,Fmwc0v9pqQI,2023-05-12T04:32:22Z,513,76401,3281,22,8,0.30416666666666664,25.0,-0.19047619047619047,0.0,0.0
9,Fmwc0v9pqQI,2023-05-12T04:32:22Z,513,76404,3282,22,9,0.3055555555555556,3.0,-1.2380952380952381,1.0,1.0
10,Fmwc0v9pqQI,2023-05-12T04:32:22Z,513,76421,3282,22,10,0.30694444444444446,17.0,-0.5714285714285714,0.0,0.0
11,Fmwc0v9pqQI,2023-05-12T04:32:22Z,513,76431,3282,22,11,0.30833333333333335,10.0,-0.9047619047619048,0.0,0.0
12,Fmwc0v9pqQI,2023-05-12T04:32:22Z,513,76455,3285,22,12,0.30972222222222223,24.0,-0.23809523809523808,3.0,3.0
13,Fmwc0v9pqQI,2023-05-12T04:32:22Z,513,76480,3286,22,13,0.3111111111111111,25.0,-0.19047619047619047,1.0,1.0
14,Fmwc0v9pqQI,2023-05-12T04:32:22Z,513,76520,3289,22,14,0.3125,40.0,0.5238095238095238,3.0,3.0
15,Fmwc0v9pqQI,2023-05-12T04:32:22Z,513,76577,3290,22,15,0.3138888888888889,57.0,1.3333333333333333,1.0,1.0
16,Fmwc0v9pqQI,2023-05-12T04:32:22Z,513,76606,3292,22,16,0.31527777777777777,29.0,0.0,2.0,2.0
17,Fmwc0v9pqQI,2023-05-12T04:32:22Z,513,76636,3293,22,17,0.31666666666666665,30.0,0.047619047619047616,1.0,1.0
18,Fmwc0v9pqQI,2023-05-12T04:32:22Z,513,76699,3293,22,18,0.31805555555555554,63.0,1.619047619047619,0.0,0.0
19,Fmwc0v9pqQI,2023-05-12T04:32:22Z,513,76765,3295,22,19,0.3194444444444444,66.0,1.7619047619047619,2.0,2.0
20,Fmwc0v9pqQI,2023-05-12T04:32:22Z,513,76781,3296,22,20,0.32083333333333336,16.0,-0.6190476190476191,1.0,1.0
21,Fmwc0v9pqQI,2023-05-12T04:32:22Z,513,76844,3300,22,21,0.32222222222222224,63.0,1.619047619047619,4.0,4.0
22,Fmwc0v9pqQI,2023-05-12T04:32:22Z,513,76875,3302,22,22,0.3236111111111111,31.0,0.09523809523809523,2.0,2.0
23,Fmwc0v9pqQI,2023-05-12T04:32:22Z,513,76921,3302,22,23,0.325,46.0,0.8095238095238095,0.0,0.0
24,Fmwc0v9pqQI,2023-05-12T04:32:22Z,513,76954,3302,22,0,0.3263888888888889,33.0,0.19047619047619047,0.0,0.0
25,Fmwc0v9pqQI,2023-05-12T04:32:22Z,513,76991,3303,22,1,0.3277777777777778,37.0,0.38095238095238093,1.0,1.0
26,Fmwc0v9pqQI,2023-05-12T04:32:22Z,513,77025,3304,22,2,0.32916666666666666,34.0,0.23809523809523808,1.0,1.0
27,Fmwc0v9pqQI,2023-05-12T04:32:22Z,513,77067,3304,22,3,0.33055555555555555,42.0,0.6190476190476191,0.0,0.0
28,Fmwc0v9pqQI,2023-05-12T04:32:22Z,513,77099,3304,22,4,0.33194444444444443,32.0,0.14285714285714285,0.0,0.0
29,Fmwc0v9pqQI,2023-05-12T04:32:22Z,513,77142,3304,22,5,0.3333333333333333,43.0,0.6666666666666666,0.0,0.0
30,Fmwc0v9pqQI,2023-05-12T04:32:22Z,513,77171,3304,22,6,0.3347222222222222,29.0,0.0,0.0,0.0
31,Fmwc0v9pqQI,2023-05-12T04:32:22Z,513,77193,3304,22,7,0.33611111111111114,22.0,-0.3333333333333333,0.0,0.0
32,Fmwc0v9pqQI,2023-05-12T04:32:22Z,513,77212,3304,22,8,0.3375,19.0,-0.47619047619047616,0.0,0.0
33,Fmwc0v9pqQI,2023-05-12T04:32:22Z,513,77217,3304,22,9,0.3388888888888889,5.0,-1.1428571428571428,0.0,0.0
34,Fmwc0v9pqQI,2023-05-12T04:32:22Z,513,77242,3304,22,10,0.3402777777777778,25.0,-0.19047619047619047,0.0,0.0
35,Fmwc0v9pqQI,2023-05-12T04:32:22Z,513,77258,3304,22,11,0.3416666666666667,16.0,-0.6190476190476191,0.0,0.0
36,Fmwc0v9pqQI,2023-05-12T04:32:22Z,513,77269,3304,22,12,0.34305555555555556,11.0,-0.8571428571428571,0.0,0.0
37,Fmwc0v9pqQI,2023-05-12T04:32:22Z,513,77286,3305,22,13,0.34444444444444444,17.0,-0.5714285714285714,1.0,1.0
38,Fmwc0v9pqQI,2023-05-12T04:32:22Z,513,77309,3306,22,14,0.3472222222222222,23.0,-0.2857142857142857,1.0,1.0
39,Fmwc0v9pqQI,2023-05-12T04:32:22Z,513,77326,3307,22,15,0.3472222222222222,17.0,-0.5714285714285714,1.0,1.0
