,id,date,duration,views,likes,category_id,hour,update_diff,views_diff,views_diff_scaled,likes_diff,likes_diff_scaled
1,VfMRhj4tlqc,2023-05-13T05:00:10Z,2403,1176855,31018,24,16,0.1486111111111111,6576.0,0.7396843506370032,98.0,-0.04477611940298507
2,VfMRhj4tlqc,2023-05-13T05:00:10Z,2403,1181194,31133,24,17,0.15,4339.0,-0.11104772770488686,115.0,0.208955223880597
3,VfMRhj4tlqc,2023-05-13T05:00:10Z,2403,1187901,31254,24,18,0.15138888888888888,6707.0,0.7895037079292642,121.0,0.29850746268656714
4,VfMRhj4tlqc,2023-05-13T05:00:10Z,2403,1193943,31368,24,19,0.1527777777777778,6042.0,0.5366039170945046,114.0,0.19402985074626866
5,VfMRhj4tlqc,2023-05-13T05:00:10Z,2403,1199635,31462,24,20,0.15416666666666667,5692.0,0.40349876402357865,94.0,-0.1044776119402985
6,VfMRhj4tlqc,2023-05-13T05:00:10Z,2403,1206107,31582,24,21,0.15555555555555556,6472.0,0.7001331051530709,120.0,0.2835820895522388
7,VfMRhj4tlqc,2023-05-13T05:00:10Z,2403,1212954,31683,24,22,0.15694444444444444,6847.0,0.8427457691576345,101.0,0.0
8,VfMRhj4tlqc,2023-05-13T05:00:10Z,2403,1219669,31781,24,23,0.15833333333333333,6715.0,0.7925461114280281,98.0,-0.04477611940298507
9,VfMRhj4tlqc,2023-05-13T05:00:10Z,2403,1224941,31896,24,0,0.1597222222222222,5272.0,0.24377258033846738,115.0,0.208955223880597
10,VfMRhj4tlqc,2023-05-13T05:00:10Z,2403,1228236,32005,24,1,0.16111111111111112,3295.0,-0.508081384293592,109.0,0.11940298507462686
11,VfMRhj4tlqc,2023-05-13T05:00:10Z,2403,1232628,32089,24,2,0.1625,4392.0,-0.0908918045255752,84.0,-0.2537313432835821
12,VfMRhj4tlqc,2023-05-13T05:00:10Z,2403,1239290,32151,24,3,0.1638888888888889,6662.0,0.7723901882487165,62.0,-0.582089552238806
13,VfMRhj4tlqc,2023-05-13T05:00:10Z,2403,1244017,32203,24,4,0.16527777777777777,4727.0,0.03650884198516828,52.0,-0.7313432835820896
14,VfMRhj4tlqc,2023-05-13T05:00:10Z,2403,1248107,32231,24,5,0.16666666666666666,4090.0,-0.2057425366039171,28.0,-1.0895522388059702
15,VfMRhj4tlqc,2023-05-13T05:00:10Z,2403,1250267,32281,24,6,0.16805555555555557,2160.0,-0.9397223806807378,50.0,-0.7611940298507462
16,VfMRhj4tlqc,2023-05-13T05:00:10Z,2403,1252216,32324,24,7,0.16944444444444445,1949.0,-1.0199657729606388,43.0,-0.8656716417910447
17,VfMRhj4tlqc,2023-05-13T05:00:10Z,2403,1253489,32399,24,8,0.17083333333333334,1273.0,-1.277048868606199,75.0,-0.3880597014925373
18,VfMRhj4tlqc,2023-05-13T05:00:10Z,2403,1257040,32474,24,9,0.17222222222222222,3551.0,-0.4107244723331432,75.0,-0.3880597014925373
19,VfMRhj4tlqc,2023-05-13T05:00:10Z,2403,1261367,32565,24,10,0.1736111111111111,4327.0,-0.1156113329530329,91.0,-0.14925373134328357
20,VfMRhj4tlqc,2023-05-13T05:00:10Z,2403,1265309,32649,24,11,0.175,3942.0,-0.26202700133105156,84.0,-0.2537313432835821
21,VfMRhj4tlqc,2023-05-13T05:00:10Z,2403,1269338,32779,24,12,0.1763888888888889,4029.0,-0.22894086328199278,130.0,0.43283582089552236
22,VfMRhj4tlqc,2023-05-13T05:00:10Z,2403,1272313,32931,24,13,0.17777777777777778,2975.0,-0.6297775242441529,152.0,0.7611940298507462
23,VfMRhj4tlqc,2023-05-13T05:00:10Z,2403,1280245,33108,24,14,0.17916666666666667,7932.0,1.2553717436775051,177.0,1.1343283582089552
24,VfMRhj4tlqc,2023-05-13T05:00:10Z,2403,1285137,33244,24,15,0.18055555555555555,4892.0,0.09925841414717627,136.0,0.5223880597014925
25,VfMRhj4tlqc,2023-05-13T05:00:10Z,2403,1292981,33356,24,16,0.18194444444444444,7844.0,1.221905305191101,112.0,0.16417910447761194
26,VfMRhj4tlqc,2023-05-13T05:00:10Z,2403,1297612,33508,24,17,0.18333333333333332,4631.0,0.0,152.0,0.7611940298507462
27,VfMRhj4tlqc,2023-05-13T05:00:10Z,2403,1304907,33667,24,18,0.18472222222222223,7295.0,1.01312036508842,159.0,0.8656716417910447
28,VfMRhj4tlqc,2023-05-13T05:00:10Z,2403,1308664,33817,24,19,0.18611111111111112,3757.0,-0.3323825822399696,150.0,0.7313432835820896
29,VfMRhj4tlqc,2023-05-13T05:00:10Z,2403,1317575,33965,24,20,0.1875,8911.0,1.6276858718387526,148.0,0.7014925373134329
30,VfMRhj4tlqc,2023-05-13T05:00:10Z,2403,1323643,34127,24,21,0.18888888888888888,6068.0,0.5464917284654878,162.0,0.9104477611940298
31,VfMRhj4tlqc,2023-05-13T05:00:10Z,2403,1327803,34250,24,22,0.19027777777777777,4160.0,-0.1791215059897319,123.0,0.3283582089552239
32,VfMRhj4tlqc,2023-05-13T05:00:10Z,2403,1334910,34378,24,23,0.19166666666666668,7107.0,0.9416238828674653,128.0,0.40298507462686567
33,VfMRhj4tlqc,2023-05-13T05:00:10Z,2403,1340394,34518,24,0,0.19305555555555556,5484.0,0.324396273055714,140.0,0.582089552238806
34,VfMRhj4tlqc,2023-05-13T05:00:10Z,2403,1345091,34662,24,1,0.19444444444444445,4697.0,0.025099828864803195,144.0,0.6417910447761194
35,VfMRhj4tlqc,2023-05-13T05:00:10Z,2403,1348892,34786,24,2,0.19583333333333333,3801.0,-0.31564936299676744,124.0,0.34328358208955223
36,VfMRhj4tlqc,2023-05-13T05:00:10Z,2403,1355088,34863,24,3,0.19722222222222222,6196.0,0.5951701844457121,77.0,-0.3582089552238806
37,VfMRhj4tlqc,2023-05-13T05:00:10Z,2403,1358740,34916,24,4,0.1986111111111111,3652.0,-0.37231412816124737,53.0,-0.7164179104477612
38,VfMRhj4tlqc,2023-05-13T05:00:10Z,2403,1363607,34978,24,5,0.2,4867.0,0.0897509032135387,62.0,-0.582089552238806
39,VfMRhj4tlqc,2023-05-13T05:00:10Z,2403,1365504,35028,24,6,0.2013888888888889,1897.0,-1.0397413957026052,50.0,-0.7611940298507462
40,VfMRhj4tlqc,2023-05-13T05:00:10Z,2403,1368405,35074,24,7,0.20277777777777778,2901.0,-0.6579197566077201,46.0,-0.8208955223880597
41,VfMRhj4tlqc,2023-05-13T05:00:10Z,2403,1368927,35136,24,8,0.20416666666666666,522.0,-1.5626544970526717,62.0,-0.582089552238806
42,VfMRhj4tlqc,2023-05-13T05:00:10Z,2403,1372578,35197,24,9,0.20555555555555555,3651.0,-0.37269442859859286,61.0,-0.5970149253731343
43,VfMRhj4tlqc,2023-05-13T05:00:10Z,2403,1376658,35255,24,10,0.20694444444444443,4080.0,-0.20954554097737213,58.0,-0.6417910447761194
