,id,date,duration,views,likes,category_id,hour,update_diff,views_diff,views_diff_scaled,likes_diff,likes_diff_scaled
1,LbU5WMMuyjs,2023-05-14T09:00:11Z,1480,356342,5426,23,1,0.2222222222222222,614.0,0.6283048211508554,6.0,0.25
2,LbU5WMMuyjs,2023-05-14T09:00:11Z,1480,356896,5434,23,2,0.22361111111111112,554.0,0.4416796267496112,8.0,0.75
3,LbU5WMMuyjs,2023-05-14T09:00:11Z,1480,357557,5439,23,3,0.225,661.0,0.7744945567651633,5.0,0.0
4,LbU5WMMuyjs,2023-05-14T09:00:11Z,1480,358022,5440,23,4,0.2263888888888889,465.0,0.16485225505443235,1.0,-1.0
5,LbU5WMMuyjs,2023-05-14T09:00:11Z,1480,358490,5443,23,5,0.22777777777777777,468.0,0.17418351477449456,3.0,-0.5
6,LbU5WMMuyjs,2023-05-14T09:00:11Z,1480,358827,5444,23,6,0.22916666666666666,337.0,-0.2332814930015552,1.0,-1.0
7,LbU5WMMuyjs,2023-05-14T09:00:11Z,1480,359049,5448,23,7,0.23055555555555557,222.0,-0.5909797822706065,4.0,-0.25
8,LbU5WMMuyjs,2023-05-14T09:00:11Z,1480,359203,5450,23,8,0.23194444444444445,154.0,-0.80248833592535,2.0,-0.75
9,LbU5WMMuyjs,2023-05-14T09:00:11Z,1480,359322,5455,23,9,0.23333333333333334,119.0,-0.911353032659409,5.0,0.0
10,LbU5WMMuyjs,2023-05-14T09:00:11Z,1480,359457,5461,23,10,0.23472222222222222,135.0,-0.8615863141524106,6.0,0.25
11,LbU5WMMuyjs,2023-05-14T09:00:11Z,1480,359674,5464,23,11,0.2361111111111111,217.0,-0.6065318818040435,3.0,-0.5
12,LbU5WMMuyjs,2023-05-14T09:00:11Z,1480,359994,5471,23,12,0.2375,320.0,-0.28615863141524106,7.0,0.5
13,LbU5WMMuyjs,2023-05-14T09:00:11Z,1480,360376,5481,23,13,0.2388888888888889,382.0,-0.09331259720062209,10.0,1.25
14,LbU5WMMuyjs,2023-05-14T09:00:11Z,1480,360836,5486,23,14,0.24027777777777778,460.0,0.14930015552099535,5.0,0.0
15,LbU5WMMuyjs,2023-05-14T09:00:11Z,1480,361472,5490,23,15,0.24166666666666667,636.0,0.6967340590979783,4.0,-0.25
16,LbU5WMMuyjs,2023-05-14T09:00:11Z,1480,361831,5498,23,16,0.24305555555555555,359.0,-0.16485225505443235,8.0,0.75
17,LbU5WMMuyjs,2023-05-14T09:00:11Z,1480,362243,5505,23,17,0.24444444444444444,412.0,0.0,7.0,0.5
18,LbU5WMMuyjs,2023-05-14T09:00:11Z,1480,362753,5510,23,18,0.24583333333333332,510.0,0.3048211508553655,5.0,0.0
19,LbU5WMMuyjs,2023-05-14T09:00:11Z,1480,363246,5517,23,19,0.24722222222222223,493.0,0.25194401244167963,7.0,0.5
20,LbU5WMMuyjs,2023-05-14T09:00:11Z,1480,363466,5521,23,20,0.24861111111111112,220.0,-0.5972006220839814,4.0,-0.25
21,LbU5WMMuyjs,2023-05-14T09:00:11Z,1480,364209,5532,23,21,0.25,743.0,1.0295489891135303,11.0,1.5
22,LbU5WMMuyjs,2023-05-14T09:00:11Z,1480,364745,5543,23,22,0.2513888888888889,536.0,0.3856920684292379,11.0,1.5
23,LbU5WMMuyjs,2023-05-14T09:00:11Z,1480,365583,5557,23,23,0.25277777777777777,838.0,1.3250388802488335,14.0,2.25
24,LbU5WMMuyjs,2023-05-14T09:00:11Z,1480,366223,5562,23,0,0.25416666666666665,640.0,0.7091757387247278,5.0,0.0
25,LbU5WMMuyjs,2023-05-14T09:00:11Z,1480,366938,5567,23,1,0.25555555555555554,715.0,0.942457231726283,5.0,0.0
26,LbU5WMMuyjs,2023-05-14T09:00:11Z,1480,367500,5572,23,2,0.2569444444444444,562.0,0.4665629860031104,5.0,0.0
27,LbU5WMMuyjs,2023-05-14T09:00:11Z,1480,368294,5574,23,3,0.25833333333333336,794.0,1.1881804043545878,2.0,-0.75
28,LbU5WMMuyjs,2023-05-14T09:00:11Z,1480,368775,5576,23,4,0.25972222222222224,481.0,0.21461897356143078,2.0,-0.75
29,LbU5WMMuyjs,2023-05-14T09:00:11Z,1480,369220,5578,23,5,0.2611111111111111,445.0,0.1026438569206843,2.0,-0.75
30,LbU5WMMuyjs,2023-05-14T09:00:11Z,1480,369470,5582,23,6,0.2625,250.0,-0.5038880248833593,4.0,-0.25
31,LbU5WMMuyjs,2023-05-14T09:00:11Z,1480,369653,5585,23,7,0.2638888888888889,183.0,-0.7122861586314152,3.0,-0.5
32,LbU5WMMuyjs,2023-05-14T09:00:11Z,1480,369783,5589,23,8,0.2652777777777778,130.0,-0.8771384136858476,4.0,-0.25
33,LbU5WMMuyjs,2023-05-14T09:00:11Z,1480,369866,5598,23,9,0.26666666666666666,83.0,-1.0233281493001556,9.0,1.0
34,LbU5WMMuyjs,2023-05-14T09:00:11Z,1480,370091,5600,23,10,0.26805555555555555,225.0,-0.5816485225505443,2.0,-0.75
35,LbU5WMMuyjs,2023-05-14T09:00:11Z,1480,370388,5602,23,11,0.26944444444444443,297.0,-0.35769828926905134,2.0,-0.75
36,LbU5WMMuyjs,2023-05-14T09:00:11Z,1480,370589,5605,23,12,0.2708333333333333,201.0,-0.656298600311042,3.0,-0.5
37,LbU5WMMuyjs,2023-05-14T09:00:11Z,1480,370868,5612,23,13,0.2722222222222222,279.0,-0.41368584758942456,7.0,0.5
38,LbU5WMMuyjs,2023-05-14T09:00:11Z,1480,371310,5616,23,14,0.27361111111111114,442.0,0.09331259720062209,4.0,-0.25
39,LbU5WMMuyjs,2023-05-14T09:00:11Z,1480,371583,5619,23,15,0.275,273.0,-0.432348367029549,3.0,-0.5
