,id,date,duration,views,likes,category_id,hour,update_diff,views_diff,views_diff_scaled,likes_diff,likes_diff_scaled
1,zT5lUeur_ak,2023-05-04T08:00:12Z,711,2290191,41643,23,16,0.4444444444444444,620.0,0.2880184331797235,8.0,1.4285714285714286
2,zT5lUeur_ak,2023-05-04T08:00:12Z,711,2290553,41645,23,17,0.44583333333333336,362.0,-0.3064516129032258,2.0,-0.2857142857142857
3,zT5lUeur_ak,2023-05-04T08:00:12Z,711,2291254,41651,23,18,0.44722222222222224,701.0,0.47465437788018433,6.0,0.8571428571428571
4,zT5lUeur_ak,2023-05-04T08:00:12Z,711,2291913,41657,23,19,0.4486111111111111,659.0,0.3778801843317972,6.0,0.8571428571428571
5,zT5lUeur_ak,2023-05-04T08:00:12Z,711,2292525,41663,23,20,0.45,612.0,0.2695852534562212,6.0,0.8571428571428571
6,zT5lUeur_ak,2023-05-04T08:00:12Z,711,2293221,41669,23,21,0.4513888888888889,696.0,0.4631336405529954,6.0,0.8571428571428571
7,zT5lUeur_ak,2023-05-04T08:00:12Z,711,2293985,41669,23,22,0.4527777777777778,764.0,0.619815668202765,0.0,-0.8571428571428571
8,zT5lUeur_ak,2023-05-04T08:00:12Z,711,2294763,41672,23,23,0.45416666666666666,778.0,0.652073732718894,3.0,0.0
9,zT5lUeur_ak,2023-05-04T08:00:12Z,711,2295449,41674,23,0,0.45555555555555555,686.0,0.4400921658986175,2.0,-0.2857142857142857
10,zT5lUeur_ak,2023-05-04T08:00:12Z,711,2295944,41684,23,1,0.45694444444444443,495.0,0.0,10.0,2.0
11,zT5lUeur_ak,2023-05-04T08:00:12Z,711,2296578,41689,23,2,0.4583333333333333,634.0,0.32027649769585254,5.0,0.5714285714285714
12,zT5lUeur_ak,2023-05-04T08:00:12Z,711,2297359,41693,23,3,0.4597222222222222,781.0,0.6589861751152074,4.0,0.2857142857142857
13,zT5lUeur_ak,2023-05-04T08:00:12Z,711,2297921,41696,23,4,0.46111111111111114,562.0,0.1543778801843318,3.0,0.0
14,zT5lUeur_ak,2023-05-04T08:00:12Z,711,2298401,41697,23,5,0.4625,480.0,-0.03456221198156682,1.0,-0.5714285714285714
15,zT5lUeur_ak,2023-05-04T08:00:12Z,711,2298645,41698,23,6,0.4638888888888889,244.0,-0.5783410138248848,1.0,-0.5714285714285714
16,zT5lUeur_ak,2023-05-04T08:00:12Z,711,2298820,41700,23,7,0.4652777777777778,175.0,-0.7373271889400922,2.0,-0.2857142857142857
17,zT5lUeur_ak,2023-05-04T08:00:12Z,711,2298888,41703,23,8,0.4666666666666667,68.0,-0.9838709677419355,3.0,0.0
18,zT5lUeur_ak,2023-05-04T08:00:12Z,711,2299064,41707,23,9,0.46805555555555556,176.0,-0.7350230414746544,4.0,0.2857142857142857
19,zT5lUeur_ak,2023-05-04T08:00:12Z,711,2299306,41711,23,10,0.46944444444444444,242.0,-0.5829493087557603,4.0,0.2857142857142857
20,zT5lUeur_ak,2023-05-04T08:00:12Z,711,2299523,41716,23,11,0.4708333333333333,217.0,-0.6405529953917051,5.0,0.5714285714285714
21,zT5lUeur_ak,2023-05-04T08:00:12Z,711,2299755,41721,23,12,0.4722222222222222,232.0,-0.6059907834101382,5.0,0.5714285714285714
22,zT5lUeur_ak,2023-05-04T08:00:12Z,711,2299922,41722,23,13,0.4736111111111111,167.0,-0.7557603686635944,1.0,-0.5714285714285714
23,zT5lUeur_ak,2023-05-04T08:00:12Z,711,2300351,41724,23,14,0.475,429.0,-0.15207373271889402,2.0,-0.2857142857142857
24,zT5lUeur_ak,2023-05-04T08:00:12Z,711,2300707,41727,23,15,0.47638888888888886,356.0,-0.32027649769585254,3.0,0.0
25,zT5lUeur_ak,2023-05-04T08:00:12Z,711,2301187,41728,23,16,0.4777777777777778,480.0,-0.03456221198156682,1.0,-0.5714285714285714
26,zT5lUeur_ak,2023-05-04T08:00:12Z,711,2301472,41731,23,17,0.4791666666666667,285.0,-0.4838709677419355,3.0,0.0
27,zT5lUeur_ak,2023-05-04T08:00:12Z,711,2302004,41737,23,18,0.48055555555555557,532.0,0.08525345622119816,6.0,0.8571428571428571
28,zT5lUeur_ak,2023-05-04T08:00:12Z,711,2302353,41744,23,19,0.48194444444444445,349.0,-0.33640552995391704,7.0,1.1428571428571428
29,zT5lUeur_ak,2023-05-04T08:00:12Z,711,2303140,41754,23,20,0.48333333333333334,787.0,0.6728110599078341,10.0,2.0
30,zT5lUeur_ak,2023-05-04T08:00:12Z,711,2303728,41755,23,21,0.4847222222222222,588.0,0.21428571428571427,1.0,-0.5714285714285714
31,zT5lUeur_ak,2023-05-04T08:00:12Z,711,2304223,41757,23,22,0.4861111111111111,495.0,0.0,2.0,-0.2857142857142857
32,zT5lUeur_ak,2023-05-04T08:00:12Z,711,2304906,41763,23,23,0.4875,683.0,0.43317972350230416,6.0,0.8571428571428571
33,zT5lUeur_ak,2023-05-04T08:00:12Z,711,2305647,41768,23,0,0.4888888888888889,741.0,0.5668202764976958,5.0,0.5714285714285714
34,zT5lUeur_ak,2023-05-04T08:00:12Z,711,2306331,41772,23,1,0.49027777777777776,684.0,0.43548387096774194,4.0,0.2857142857142857
35,zT5lUeur_ak,2023-05-04T08:00:12Z,711,2306883,41777,23,2,0.49166666666666664,552.0,0.1313364055299539,5.0,0.5714285714285714
36,zT5lUeur_ak,2023-05-04T08:00:12Z,711,2307592,41780,23,3,0.4930555555555556,709.0,0.4930875576036866,3.0,0.0
37,zT5lUeur_ak,2023-05-04T08:00:12Z,711,2307947,41782,23,4,0.49444444444444446,355.0,-0.3225806451612903,2.0,-0.2857142857142857
38,zT5lUeur_ak,2023-05-04T08:00:12Z,711,2308444,41783,23,5,0.49583333333333335,497.0,0.004608294930875576,1.0,-0.5714285714285714
39,zT5lUeur_ak,2023-05-04T08:00:12Z,711,2308627,41784,23,6,0.49722222222222223,183.0,-0.7188940092165899,1.0,-0.5714285714285714
40,zT5lUeur_ak,2023-05-04T08:00:12Z,711,2308825,41783,23,7,0.4986111111111111,198.0,-0.684331797235023,-1.0,-1.1428571428571428
41,zT5lUeur_ak,2023-05-04T08:00:12Z,711,2308857,41789,23,8,0.5,32.0,-1.066820276497696,6.0,0.8571428571428571
42,zT5lUeur_ak,2023-05-04T08:00:12Z,711,2309075,41790,23,9,0.5013888888888889,218.0,-0.6382488479262672,1.0,-0.5714285714285714
43,zT5lUeur_ak,2023-05-04T08:00:12Z,711,2309288,41793,23,10,0.5027777777777778,213.0,-0.6497695852534562,3.0,0.0
