,id,date,duration,views,likes,category_id,hour,update_diff,views_diff,views_diff_scaled,likes_diff,likes_diff_scaled
1,zT5lUeur_ak,2023-05-04T08:00:12Z,711,2326328,41967,23,1,0.5569444444444445,507.0,0.5488029465930019,4.0,0.4444444444444444
2,zT5lUeur_ak,2023-05-04T08:00:12Z,711,2326745,41968,23,2,0.5583333333333333,417.0,0.21731123388581952,1.0,-0.2222222222222222
3,zT5lUeur_ak,2023-05-04T08:00:12Z,711,2327221,41971,23,3,0.5597222222222222,476.0,0.43462246777163904,3.0,0.2222222222222222
4,zT5lUeur_ak,2023-05-04T08:00:12Z,711,2327627,41975,23,4,0.5611111111111111,406.0,0.17679558011049723,4.0,0.4444444444444444
5,zT5lUeur_ak,2023-05-04T08:00:12Z,711,2328009,41980,23,5,0.5625,382.0,0.08839779005524862,5.0,0.6666666666666666
6,zT5lUeur_ak,2023-05-04T08:00:12Z,711,2328410,41979,23,6,0.5638888888888889,401.0,0.15837937384898712,-1.0,-0.6666666666666666
7,zT5lUeur_ak,2023-05-04T08:00:12Z,711,2328650,41978,23,7,0.5652777777777778,240.0,-0.43462246777163904,-1.0,-0.6666666666666666
8,zT5lUeur_ak,2023-05-04T08:00:12Z,711,2328814,41979,23,8,0.5666666666666667,164.0,-0.714548802946593,1.0,-0.2222222222222222
9,zT5lUeur_ak,2023-05-04T08:00:12Z,711,2328940,41981,23,9,0.5680555555555555,126.0,-0.85451197053407,2.0,0.0
10,zT5lUeur_ak,2023-05-04T08:00:12Z,711,2329091,41983,23,10,0.5694444444444444,151.0,-0.7624309392265194,2.0,0.0
11,zT5lUeur_ak,2023-05-04T08:00:12Z,711,2329265,41989,23,11,0.5708333333333333,174.0,-0.6777163904235728,6.0,0.8888888888888888
12,zT5lUeur_ak,2023-05-04T08:00:12Z,711,2329546,41993,23,12,0.5722222222222222,281.0,-0.283609576427256,4.0,0.4444444444444444
13,zT5lUeur_ak,2023-05-04T08:00:12Z,711,2329904,41994,23,13,0.5736111111111111,358.0,0.0,1.0,-0.2222222222222222
14,zT5lUeur_ak,2023-05-04T08:00:12Z,711,2330301,41999,23,14,0.575,397.0,0.143646408839779,5.0,0.6666666666666666
15,zT5lUeur_ak,2023-05-04T08:00:12Z,711,2330833,42006,23,15,0.5763888888888888,532.0,0.6408839779005525,7.0,1.1111111111111112
16,zT5lUeur_ak,2023-05-04T08:00:12Z,711,2331289,42008,23,16,0.5777777777777777,456.0,0.36095764272559855,2.0,0.0
17,zT5lUeur_ak,2023-05-04T08:00:12Z,711,2331726,42010,23,17,0.5791666666666667,437.0,0.29097605893186,2.0,0.0
18,zT5lUeur_ak,2023-05-04T08:00:12Z,711,2332288,42015,23,18,0.5805555555555556,562.0,0.7513812154696132,5.0,0.6666666666666666
19,zT5lUeur_ak,2023-05-04T08:00:12Z,711,2332919,42014,23,19,0.5819444444444445,631.0,1.0055248618784531,-1.0,-0.6666666666666666
20,zT5lUeur_ak,2023-05-04T08:00:12Z,711,2333176,42015,23,20,0.5833333333333334,257.0,-0.3720073664825046,1.0,-0.2222222222222222
21,zT5lUeur_ak,2023-05-04T08:00:12Z,711,2333867,42020,23,21,0.5847222222222223,691.0,1.2265193370165746,5.0,0.6666666666666666
22,zT5lUeur_ak,2023-05-04T08:00:12Z,711,2334225,42020,23,22,0.5861111111111111,358.0,0.0,0.0,-0.4444444444444444
23,zT5lUeur_ak,2023-05-04T08:00:12Z,711,2334797,42027,23,23,0.5875,572.0,0.7882136279926335,7.0,1.1111111111111112
24,zT5lUeur_ak,2023-05-04T08:00:12Z,711,2335210,42029,23,0,0.5888888888888889,413.0,0.20257826887661143,2.0,0.0
25,zT5lUeur_ak,2023-05-04T08:00:12Z,711,2335657,42036,23,1,0.5902777777777778,447.0,0.3278084714548803,7.0,1.1111111111111112
26,zT5lUeur_ak,2023-05-04T08:00:12Z,711,2336041,42043,23,2,0.5916666666666667,384.0,0.09576427255985268,7.0,1.1111111111111112
27,zT5lUeur_ak,2023-05-04T08:00:12Z,711,2336525,42047,23,3,0.5930555555555556,484.0,0.46408839779005523,4.0,0.4444444444444444
28,zT5lUeur_ak,2023-05-04T08:00:12Z,711,2336904,42039,23,4,0.5944444444444444,379.0,0.07734806629834254,-8.0,-2.2222222222222223
29,zT5lUeur_ak,2023-05-04T08:00:12Z,711,2337204,42039,23,5,0.5958333333333333,300.0,-0.2136279926335175,0.0,-0.4444444444444444
30,zT5lUeur_ak,2023-05-04T08:00:12Z,711,2337396,42039,23,6,0.5972222222222222,192.0,-0.6114180478821363,0.0,-0.4444444444444444
31,zT5lUeur_ak,2023-05-04T08:00:12Z,711,2337570,42040,23,7,0.5986111111111111,174.0,-0.6777163904235728,1.0,-0.2222222222222222
32,zT5lUeur_ak,2023-05-04T08:00:12Z,711,2337642,42039,23,8,0.6,72.0,-1.0534069981583793,-1.0,-0.6666666666666666
33,zT5lUeur_ak,2023-05-04T08:00:12Z,711,2337702,42040,23,9,0.6013888888888889,60.0,-1.0976058931860038,1.0,-0.2222222222222222
34,zT5lUeur_ak,2023-05-04T08:00:12Z,711,2337823,42041,23,10,0.6027777777777777,121.0,-0.8729281767955801,1.0,-0.2222222222222222
35,zT5lUeur_ak,2023-05-04T08:00:12Z,711,2337985,42042,23,11,0.6041666666666666,162.0,-0.7219152854511971,1.0,-0.2222222222222222
36,zT5lUeur_ak,2023-05-04T08:00:12Z,711,2338100,42042,23,12,0.6055555555555555,115.0,-0.8950276243093923,0.0,-0.4444444444444444
37,zT5lUeur_ak,2023-05-04T08:00:12Z,711,2338267,42047,23,13,0.6069444444444444,167.0,-0.7034990791896869,5.0,0.6666666666666666
38,zT5lUeur_ak,2023-05-04T08:00:12Z,711,2338564,42053,23,14,0.6083333333333333,297.0,-0.22467771639042358,6.0,0.8888888888888888
39,zT5lUeur_ak,2023-05-04T08:00:12Z,711,2338710,42053,23,15,0.6097222222222223,146.0,-0.7808471454880295,0.0,-0.4444444444444444
