,id,date,duration,views,likes,category_id,hour,update_diff,views_diff,views_diff_scaled,likes_diff,likes_diff_scaled
1,hi72zQW2kF8,2023-04-22T03:00:31Z,927,94441,2272,26,1,0.9638888888888889,58.0,1.1363636363636365,1.0,1.0
2,hi72zQW2kF8,2023-04-22T03:00:31Z,927,94495,2272,26,2,0.9652777777777778,54.0,0.9545454545454546,0.0,0.0
3,hi72zQW2kF8,2023-04-22T03:00:31Z,927,94540,2272,26,3,0.9666666666666667,45.0,0.5454545454545454,0.0,0.0
4,hi72zQW2kF8,2023-04-22T03:00:31Z,927,94582,2273,26,4,0.9680555555555556,42.0,0.4090909090909091,1.0,1.0
5,hi72zQW2kF8,2023-04-22T03:00:31Z,927,94611,2273,26,5,0.9694444444444444,29.0,-0.18181818181818182,0.0,0.0
6,hi72zQW2kF8,2023-04-22T03:00:31Z,927,94634,2273,26,6,0.9708333333333333,23.0,-0.45454545454545453,0.0,0.0
7,hi72zQW2kF8,2023-04-22T03:00:31Z,927,94657,2274,26,7,0.9722222222222222,23.0,-0.45454545454545453,1.0,1.0
8,hi72zQW2kF8,2023-04-22T03:00:31Z,927,94669,2275,26,8,0.9736111111111111,12.0,-0.9545454545454546,1.0,1.0
9,hi72zQW2kF8,2023-04-22T03:00:31Z,927,94684,2276,26,9,0.975,15.0,-0.8181818181818182,1.0,1.0
10,hi72zQW2kF8,2023-04-22T03:00:31Z,927,94708,2276,26,10,0.9763888888888889,24.0,-0.4090909090909091,0.0,0.0
11,hi72zQW2kF8,2023-04-22T03:00:31Z,927,94729,2276,26,11,0.9777777777777777,21.0,-0.5454545454545454,0.0,0.0
12,hi72zQW2kF8,2023-04-22T03:00:31Z,927,94756,2276,26,12,0.9791666666666666,27.0,-0.2727272727272727,0.0,0.0
13,hi72zQW2kF8,2023-04-22T03:00:31Z,927,94784,2277,26,13,0.9805555555555555,28.0,-0.22727272727272727,1.0,1.0
14,hi72zQW2kF8,2023-04-22T03:00:31Z,927,94826,2277,26,14,0.9819444444444444,42.0,0.4090909090909091,0.0,0.0
15,hi72zQW2kF8,2023-04-22T03:00:31Z,927,94871,2278,26,15,0.9833333333333333,45.0,0.5454545454545454,1.0,1.0
16,hi72zQW2kF8,2023-04-22T03:00:31Z,927,94899,2278,26,16,0.9847222222222223,28.0,-0.22727272727272727,0.0,0.0
17,hi72zQW2kF8,2023-04-22T03:00:31Z,927,94940,2280,26,17,0.9861111111111112,41.0,0.36363636363636365,2.0,2.0
18,hi72zQW2kF8,2023-04-22T03:00:31Z,927,94995,2281,26,18,0.9875,55.0,1.0,1.0,1.0
19,hi72zQW2kF8,2023-04-22T03:00:31Z,927,95036,2281,26,19,0.9888888888888889,41.0,0.36363636363636365,0.0,0.0
20,hi72zQW2kF8,2023-04-22T03:00:31Z,927,95074,2282,26,20,0.9902777777777778,38.0,0.22727272727272727,1.0,1.0
21,hi72zQW2kF8,2023-04-22T03:00:31Z,927,95146,2283,26,21,0.9916666666666667,72.0,1.7727272727272727,1.0,1.0
22,hi72zQW2kF8,2023-04-22T03:00:31Z,927,95208,2283,26,22,0.9930555555555556,62.0,1.3181818181818181,0.0,0.0
23,hi72zQW2kF8,2023-04-22T03:00:31Z,927,95265,2283,26,23,0.9944444444444445,57.0,1.0909090909090908,0.0,0.0
24,hi72zQW2kF8,2023-04-22T03:00:31Z,927,95310,2285,26,0,0.9958333333333333,45.0,0.5454545454545454,2.0,2.0
25,hi72zQW2kF8,2023-04-22T03:00:31Z,927,95351,2288,26,1,0.9972222222222222,41.0,0.36363636363636365,3.0,3.0
26,hi72zQW2kF8,2023-04-22T03:00:31Z,927,95382,2289,26,2,0.9986111111111111,31.0,-0.09090909090909091,1.0,1.0
27,hi72zQW2kF8,2023-04-22T03:00:31Z,927,95430,2289,26,3,1.0,48.0,0.6818181818181818,0.0,0.0
28,hi72zQW2kF8,2023-04-22T03:00:31Z,927,95479,2289,26,4,1.0013888888888889,49.0,0.7272727272727273,0.0,0.0
29,hi72zQW2kF8,2023-04-22T03:00:31Z,927,95521,2289,26,5,1.0027777777777778,42.0,0.4090909090909091,0.0,0.0
30,hi72zQW2kF8,2023-04-22T03:00:31Z,927,95542,2290,26,6,1.0041666666666667,21.0,-0.5454545454545454,1.0,1.0
31,hi72zQW2kF8,2023-04-22T03:00:31Z,927,95557,2290,26,7,1.0055555555555555,15.0,-0.8181818181818182,0.0,0.0
32,hi72zQW2kF8,2023-04-22T03:00:31Z,927,95567,2290,26,8,1.0069444444444444,10.0,-1.0454545454545454,0.0,0.0
33,hi72zQW2kF8,2023-04-22T03:00:31Z,927,95579,2289,26,9,1.0083333333333333,12.0,-0.9545454545454546,-1.0,-1.0
34,hi72zQW2kF8,2023-04-22T03:00:31Z,927,95602,2289,26,10,1.0097222222222222,23.0,-0.45454545454545453,0.0,0.0
35,hi72zQW2kF8,2023-04-22T03:00:31Z,927,95640,2291,26,11,1.011111111111111,38.0,0.22727272727272727,2.0,2.0
36,hi72zQW2kF8,2023-04-22T03:00:31Z,927,95664,2291,26,12,1.0125,24.0,-0.4090909090909091,0.0,0.0
37,hi72zQW2kF8,2023-04-22T03:00:31Z,927,95697,2292,26,13,1.0138888888888888,33.0,0.0,1.0,1.0
38,hi72zQW2kF8,2023-04-22T03:00:31Z,927,95725,2292,26,14,1.0152777777777777,28.0,-0.22727272727272727,0.0,0.0
39,hi72zQW2kF8,2023-04-22T03:00:31Z,927,95739,2292,26,15,1.0166666666666666,14.0,-0.8636363636363636,0.0,0.0
