,id,date,duration,views,likes,category_id,hour,update_diff,views_diff,views_diff_scaled,likes_diff,likes_diff_scaled
1,fZO-XPTC7GQ,2023-05-16T09:30:10Z,1195,53973,892,17,1,0.15555555555555556,109.0,1.9411764705882353,0.0,0.0
2,fZO-XPTC7GQ,2023-05-16T09:30:10Z,1195,54057,893,17,2,0.15694444444444444,84.0,1.2058823529411764,1.0,1.0
3,fZO-XPTC7GQ,2023-05-16T09:30:10Z,1195,54139,894,17,3,0.15833333333333333,82.0,1.1470588235294117,1.0,1.0
4,fZO-XPTC7GQ,2023-05-16T09:30:10Z,1195,54188,894,17,4,0.1597222222222222,49.0,0.17647058823529413,0.0,0.0
5,fZO-XPTC7GQ,2023-05-16T09:30:10Z,1195,54238,894,17,5,0.16111111111111112,50.0,0.20588235294117646,0.0,0.0
6,fZO-XPTC7GQ,2023-05-16T09:30:10Z,1195,54264,895,17,6,0.1625,26.0,-0.5,1.0,1.0
7,fZO-XPTC7GQ,2023-05-16T09:30:10Z,1195,54278,895,17,7,0.1638888888888889,14.0,-0.8529411764705882,0.0,0.0
8,fZO-XPTC7GQ,2023-05-16T09:30:10Z,1195,54300,895,17,8,0.16527777777777777,22.0,-0.6176470588235294,0.0,0.0
9,fZO-XPTC7GQ,2023-05-16T09:30:10Z,1195,54310,895,17,9,0.16666666666666666,10.0,-0.9705882352941176,0.0,0.0
10,fZO-XPTC7GQ,2023-05-16T09:30:10Z,1195,54329,896,17,10,0.16805555555555557,19.0,-0.7058823529411765,1.0,1.0
11,fZO-XPTC7GQ,2023-05-16T09:30:10Z,1195,54359,897,17,11,0.16944444444444445,30.0,-0.38235294117647056,1.0,1.0
12,fZO-XPTC7GQ,2023-05-16T09:30:10Z,1195,54391,898,17,12,0.17083333333333334,32.0,-0.3235294117647059,1.0,1.0
13,fZO-XPTC7GQ,2023-05-16T09:30:10Z,1195,54438,898,17,13,0.17222222222222222,47.0,0.11764705882352941,0.0,0.0
14,fZO-XPTC7GQ,2023-05-16T09:30:10Z,1195,54490,898,17,14,0.1736111111111111,52.0,0.2647058823529412,0.0,0.0
15,fZO-XPTC7GQ,2023-05-16T09:30:10Z,1195,54553,898,17,15,0.175,63.0,0.5882352941176471,0.0,0.0
16,fZO-XPTC7GQ,2023-05-16T09:30:10Z,1195,54599,898,17,16,0.1763888888888889,46.0,0.08823529411764706,0.0,0.0
17,fZO-XPTC7GQ,2023-05-16T09:30:10Z,1195,54642,898,17,17,0.17777777777777778,43.0,0.0,0.0,0.0
18,fZO-XPTC7GQ,2023-05-16T09:30:10Z,1195,54700,898,17,18,0.17916666666666667,58.0,0.4411764705882353,0.0,0.0
19,fZO-XPTC7GQ,2023-05-16T09:30:10Z,1195,54778,899,17,19,0.18055555555555555,78.0,1.0294117647058822,1.0,1.0
20,fZO-XPTC7GQ,2023-05-16T09:30:10Z,1195,54814,900,17,20,0.18194444444444444,36.0,-0.20588235294117646,1.0,1.0
21,fZO-XPTC7GQ,2023-05-16T09:30:10Z,1195,54894,901,17,21,0.18333333333333332,80.0,1.088235294117647,1.0,1.0
22,fZO-XPTC7GQ,2023-05-16T09:30:10Z,1195,54935,900,17,22,0.18472222222222223,41.0,-0.058823529411764705,-1.0,-1.0
23,fZO-XPTC7GQ,2023-05-16T09:30:10Z,1195,55011,901,17,23,0.18611111111111112,76.0,0.9705882352941176,1.0,1.0
24,fZO-XPTC7GQ,2023-05-16T09:30:10Z,1195,55060,905,17,0,0.1875,49.0,0.17647058823529413,4.0,4.0
25,fZO-XPTC7GQ,2023-05-16T09:30:10Z,1195,55144,907,17,1,0.18888888888888888,84.0,1.2058823529411764,2.0,2.0
26,fZO-XPTC7GQ,2023-05-16T09:30:10Z,1195,55203,907,17,2,0.19027777777777777,59.0,0.47058823529411764,0.0,0.0
27,fZO-XPTC7GQ,2023-05-16T09:30:10Z,1195,55281,907,17,3,0.19166666666666668,78.0,1.0294117647058822,0.0,0.0
28,fZO-XPTC7GQ,2023-05-16T09:30:10Z,1195,55318,908,17,4,0.19305555555555556,37.0,-0.17647058823529413,1.0,1.0
29,fZO-XPTC7GQ,2023-05-16T09:30:10Z,1195,55346,908,17,5,0.19444444444444445,28.0,-0.4411764705882353,0.0,0.0
30,fZO-XPTC7GQ,2023-05-16T09:30:10Z,1195,55359,908,17,6,0.19583333333333333,13.0,-0.8823529411764706,0.0,0.0
31,fZO-XPTC7GQ,2023-05-16T09:30:10Z,1195,55382,908,17,7,0.19722222222222222,23.0,-0.5882352941176471,0.0,0.0
32,fZO-XPTC7GQ,2023-05-16T09:30:10Z,1195,55401,908,17,8,0.1986111111111111,19.0,-0.7058823529411765,0.0,0.0
33,fZO-XPTC7GQ,2023-05-16T09:30:10Z,1195,55415,908,17,9,0.2,14.0,-0.8529411764705882,0.0,0.0
34,fZO-XPTC7GQ,2023-05-16T09:30:10Z,1195,55458,908,17,10,0.2013888888888889,43.0,0.0,0.0,0.0
35,fZO-XPTC7GQ,2023-05-16T09:30:10Z,1195,55499,909,17,11,0.20277777777777778,41.0,-0.058823529411764705,1.0,1.0
36,fZO-XPTC7GQ,2023-05-16T09:30:10Z,1195,55529,909,17,12,0.20416666666666666,30.0,-0.38235294117647056,0.0,0.0
37,fZO-XPTC7GQ,2023-05-16T09:30:10Z,1195,55570,909,17,13,0.20555555555555555,41.0,-0.058823529411764705,0.0,0.0
38,fZO-XPTC7GQ,2023-05-16T09:30:10Z,1195,55641,911,17,14,0.20694444444444443,71.0,0.8235294117647058,2.0,2.0
39,fZO-XPTC7GQ,2023-05-16T09:30:10Z,1195,55663,911,17,15,0.20833333333333334,22.0,-0.6176470588235294,0.0,0.0
