,id,date,duration,views,likes,category_id,hour,update_diff,views_diff,views_diff_scaled,likes_diff,likes_diff_scaled
1,pVLP1Ye85Tw,2023-05-14T10:42:35Z,620,20099,278,17,14,0.17083333333333334,19.0,0.6,0.0,0.0
2,pVLP1Ye85Tw,2023-05-14T10:42:35Z,620,20129,278,17,15,0.17222222222222222,30.0,1.7,0.0,0.0
3,pVLP1Ye85Tw,2023-05-14T10:42:35Z,620,20167,278,17,16,0.1736111111111111,38.0,2.5,0.0,0.0
4,pVLP1Ye85Tw,2023-05-14T10:42:35Z,620,20215,279,17,17,0.175,48.0,3.5,1.0,1.0
5,pVLP1Ye85Tw,2023-05-14T10:42:35Z,620,20270,279,17,18,0.1763888888888889,55.0,4.2,0.0,0.0
6,pVLP1Ye85Tw,2023-05-14T10:42:35Z,620,20298,279,17,19,0.17777777777777778,28.0,1.5,0.0,0.0
7,pVLP1Ye85Tw,2023-05-14T10:42:35Z,620,20352,280,17,20,0.17916666666666667,54.0,4.1,1.0,1.0
8,pVLP1Ye85Tw,2023-05-14T10:42:35Z,620,20366,280,17,21,0.18055555555555555,14.0,0.1,0.0,0.0
9,pVLP1Ye85Tw,2023-05-14T10:42:35Z,620,20379,280,17,22,0.18194444444444444,13.0,0.0,0.0,0.0
10,pVLP1Ye85Tw,2023-05-14T10:42:35Z,620,20393,280,17,23,0.18333333333333332,14.0,0.1,0.0,0.0
11,pVLP1Ye85Tw,2023-05-14T10:42:35Z,620,20403,280,17,0,0.18472222222222223,10.0,-0.3,0.0,0.0
12,pVLP1Ye85Tw,2023-05-14T10:42:35Z,620,20416,280,17,1,0.18611111111111112,13.0,0.0,0.0,0.0
13,pVLP1Ye85Tw,2023-05-14T10:42:35Z,620,20424,280,17,2,0.1875,8.0,-0.5,0.0,0.0
14,pVLP1Ye85Tw,2023-05-14T10:42:35Z,620,20440,280,17,3,0.18888888888888888,16.0,0.3,0.0,0.0
15,pVLP1Ye85Tw,2023-05-14T10:42:35Z,620,20453,280,17,4,0.19027777777777777,13.0,0.0,0.0,0.0
16,pVLP1Ye85Tw,2023-05-14T10:42:35Z,620,20468,280,17,5,0.19166666666666668,15.0,0.2,0.0,0.0
17,pVLP1Ye85Tw,2023-05-14T10:42:35Z,620,20477,280,17,6,0.19305555555555556,9.0,-0.4,0.0,0.0
18,pVLP1Ye85Tw,2023-05-14T10:42:35Z,620,20479,280,17,7,0.19444444444444445,2.0,-1.1,0.0,0.0
19,pVLP1Ye85Tw,2023-05-14T10:42:35Z,620,20485,280,17,8,0.19583333333333333,6.0,-0.7,0.0,0.0
20,pVLP1Ye85Tw,2023-05-14T10:42:35Z,620,20487,280,17,9,0.19722222222222222,2.0,-1.1,0.0,0.0
21,pVLP1Ye85Tw,2023-05-14T10:42:35Z,620,20490,281,17,10,0.1986111111111111,3.0,-1.0,1.0,1.0
22,pVLP1Ye85Tw,2023-05-14T10:42:35Z,620,20498,282,17,11,0.2,8.0,-0.5,1.0,1.0
23,pVLP1Ye85Tw,2023-05-14T10:42:35Z,620,20509,282,17,12,0.2013888888888889,11.0,-0.2,0.0,0.0
24,pVLP1Ye85Tw,2023-05-14T10:42:35Z,620,20521,282,17,13,0.20277777777777778,12.0,-0.1,0.0,0.0
25,pVLP1Ye85Tw,2023-05-14T10:42:35Z,620,20532,282,17,14,0.20416666666666666,11.0,-0.2,0.0,0.0
26,pVLP1Ye85Tw,2023-05-14T10:42:35Z,620,20548,282,17,15,0.20555555555555555,16.0,0.3,0.0,0.0
27,pVLP1Ye85Tw,2023-05-14T10:42:35Z,620,20565,282,17,16,0.20694444444444443,17.0,0.4,0.0,0.0
28,pVLP1Ye85Tw,2023-05-14T10:42:35Z,620,20580,282,17,17,0.20833333333333334,15.0,0.2,0.0,0.0
29,pVLP1Ye85Tw,2023-05-14T10:42:35Z,620,20589,282,17,18,0.20972222222222223,9.0,-0.4,0.0,0.0
30,pVLP1Ye85Tw,2023-05-14T10:42:35Z,620,20610,282,17,19,0.2111111111111111,21.0,0.8,0.0,0.0
31,pVLP1Ye85Tw,2023-05-14T10:42:35Z,620,20617,282,17,20,0.2125,7.0,-0.6,0.0,0.0
32,pVLP1Ye85Tw,2023-05-14T10:42:35Z,620,20641,282,17,21,0.21388888888888888,24.0,1.1,0.0,0.0
33,pVLP1Ye85Tw,2023-05-14T10:42:35Z,620,20650,282,17,22,0.2152777777777778,9.0,-0.4,0.0,0.0
