,id,date,duration,views,likes,category_id,hour,update_diff,views_diff,views_diff_scaled,likes_diff,likes_diff_scaled
1,b9zUAfB24vg,2023-05-13T13:00:22Z,362,11421,331,24,1,0.25,28.0,3.142857142857143,1.0,1.0
2,b9zUAfB24vg,2023-05-13T13:00:22Z,362,11445,331,24,2,0.2513888888888889,24.0,2.5714285714285716,0.0,0.0
3,b9zUAfB24vg,2023-05-13T13:00:22Z,362,11458,332,24,3,0.25277777777777777,13.0,1.0,1.0,1.0
4,b9zUAfB24vg,2023-05-13T13:00:22Z,362,11468,332,24,4,0.25416666666666665,10.0,0.5714285714285714,0.0,0.0
5,b9zUAfB24vg,2023-05-13T13:00:22Z,362,11479,332,24,5,0.25555555555555554,11.0,0.7142857142857143,0.0,0.0
6,b9zUAfB24vg,2023-05-13T13:00:22Z,362,11487,332,24,6,0.2569444444444444,8.0,0.2857142857142857,0.0,0.0
7,b9zUAfB24vg,2023-05-13T13:00:22Z,362,11489,332,24,7,0.25833333333333336,2.0,-0.5714285714285714,0.0,0.0
8,b9zUAfB24vg,2023-05-13T13:00:22Z,362,11493,332,24,8,0.25972222222222224,4.0,-0.2857142857142857,0.0,0.0
9,b9zUAfB24vg,2023-05-13T13:00:22Z,362,11496,332,24,9,0.2611111111111111,3.0,-0.42857142857142855,0.0,0.0
10,b9zUAfB24vg,2023-05-13T13:00:22Z,362,11506,332,24,10,0.2625,10.0,0.5714285714285714,0.0,0.0
11,b9zUAfB24vg,2023-05-13T13:00:22Z,362,11513,332,24,11,0.2638888888888889,7.0,0.14285714285714285,0.0,0.0
12,b9zUAfB24vg,2023-05-13T13:00:22Z,362,11524,332,24,12,0.2652777777777778,11.0,0.7142857142857143,0.0,0.0
13,b9zUAfB24vg,2023-05-13T13:00:22Z,362,11532,332,24,13,0.26666666666666666,8.0,0.2857142857142857,0.0,0.0
14,b9zUAfB24vg,2023-05-13T13:00:22Z,362,11538,332,24,14,0.26805555555555555,6.0,0.0,0.0,0.0
15,b9zUAfB24vg,2023-05-13T13:00:22Z,362,11544,332,24,15,0.26944444444444443,6.0,0.0,0.0,0.0
16,b9zUAfB24vg,2023-05-13T13:00:22Z,362,11549,332,24,16,0.2708333333333333,5.0,-0.14285714285714285,0.0,0.0
17,b9zUAfB24vg,2023-05-13T13:00:22Z,362,11554,332,24,17,0.2722222222222222,5.0,-0.14285714285714285,0.0,0.0
18,b9zUAfB24vg,2023-05-13T13:00:22Z,362,11562,332,24,18,0.27361111111111114,8.0,0.2857142857142857,0.0,0.0
19,b9zUAfB24vg,2023-05-13T13:00:22Z,362,11572,333,24,19,0.275,10.0,0.5714285714285714,1.0,1.0
20,b9zUAfB24vg,2023-05-13T13:00:22Z,362,11576,333,24,20,0.2763888888888889,4.0,-0.2857142857142857,0.0,0.0
21,b9zUAfB24vg,2023-05-13T13:00:22Z,362,11583,333,24,21,0.2777777777777778,7.0,0.14285714285714285,0.0,0.0
22,b9zUAfB24vg,2023-05-13T13:00:22Z,362,11586,334,24,22,0.2791666666666667,3.0,-0.42857142857142855,1.0,1.0
23,b9zUAfB24vg,2023-05-13T13:00:22Z,362,11596,335,24,23,0.28055555555555556,10.0,0.5714285714285714,1.0,1.0
24,b9zUAfB24vg,2023-05-13T13:00:22Z,362,11607,335,24,0,0.28194444444444444,11.0,0.7142857142857143,0.0,0.0
25,b9zUAfB24vg,2023-05-13T13:00:22Z,362,11618,335,24,1,0.2833333333333333,11.0,0.7142857142857143,0.0,0.0
26,b9zUAfB24vg,2023-05-13T13:00:22Z,362,11637,335,24,2,0.2847222222222222,19.0,1.8571428571428572,0.0,0.0
27,b9zUAfB24vg,2023-05-13T13:00:22Z,362,11654,335,24,3,0.2861111111111111,17.0,1.5714285714285714,0.0,0.0
28,b9zUAfB24vg,2023-05-13T13:00:22Z,362,11660,335,24,4,0.2875,6.0,0.0,0.0,0.0
29,b9zUAfB24vg,2023-05-13T13:00:22Z,362,11663,335,24,5,0.28888888888888886,3.0,-0.42857142857142855,0.0,0.0
30,b9zUAfB24vg,2023-05-13T13:00:22Z,362,11664,335,24,6,0.2902777777777778,1.0,-0.7142857142857143,0.0,0.0
31,b9zUAfB24vg,2023-05-13T13:00:22Z,362,11667,335,24,7,0.2916666666666667,3.0,-0.42857142857142855,0.0,0.0
32,b9zUAfB24vg,2023-05-13T13:00:22Z,362,11668,335,24,8,0.29305555555555557,1.0,-0.7142857142857143,0.0,0.0
33,b9zUAfB24vg,2023-05-13T13:00:22Z,362,11669,335,24,9,0.29444444444444445,1.0,-0.7142857142857143,0.0,0.0
34,b9zUAfB24vg,2023-05-13T13:00:22Z,362,11671,335,24,10,0.29583333333333334,2.0,-0.5714285714285714,0.0,0.0
35,b9zUAfB24vg,2023-05-13T13:00:22Z,362,11678,335,24,11,0.2972222222222222,7.0,0.14285714285714285,0.0,0.0
36,b9zUAfB24vg,2023-05-13T13:00:22Z,362,11680,335,24,12,0.2986111111111111,2.0,-0.5714285714285714,0.0,0.0
37,b9zUAfB24vg,2023-05-13T13:00:22Z,362,11685,335,24,13,0.3,5.0,-0.14285714285714285,0.0,0.0
38,b9zUAfB24vg,2023-05-13T13:00:22Z,362,11687,335,24,14,0.3013888888888889,2.0,-0.5714285714285714,0.0,0.0
39,b9zUAfB24vg,2023-05-13T13:00:22Z,362,11690,335,24,15,0.30277777777777776,3.0,-0.42857142857142855,0.0,0.0
