,id,date,duration,views,likes,category_id,hour,update_diff,views_diff,views_diff_scaled,likes_diff,likes_diff_scaled
1,b9zUAfB24vg,2023-05-13T13:00:22Z,362,11112,324,24,14,0.2013888888888889,14.0,1.0,0.0,0.0
2,b9zUAfB24vg,2023-05-13T13:00:22Z,362,11115,325,24,15,0.20277777777777778,3.0,-0.8333333333333334,1.0,1.0
3,b9zUAfB24vg,2023-05-13T13:00:22Z,362,11122,325,24,16,0.20416666666666666,7.0,-0.16666666666666666,0.0,0.0
4,b9zUAfB24vg,2023-05-13T13:00:22Z,362,11126,325,24,17,0.20555555555555555,4.0,-0.6666666666666666,0.0,0.0
5,b9zUAfB24vg,2023-05-13T13:00:22Z,362,11137,326,24,18,0.20694444444444443,11.0,0.5,1.0,1.0
6,b9zUAfB24vg,2023-05-13T13:00:22Z,362,11149,326,24,19,0.20833333333333334,12.0,0.6666666666666666,0.0,0.0
7,b9zUAfB24vg,2023-05-13T13:00:22Z,362,11158,326,24,20,0.20972222222222223,9.0,0.16666666666666666,0.0,0.0
8,b9zUAfB24vg,2023-05-13T13:00:22Z,362,11166,326,24,21,0.2111111111111111,8.0,0.0,0.0,0.0
9,b9zUAfB24vg,2023-05-13T13:00:22Z,362,11174,327,24,22,0.2125,8.0,0.0,1.0,1.0
10,b9zUAfB24vg,2023-05-13T13:00:22Z,362,11185,327,24,23,0.21388888888888888,11.0,0.5,0.0,0.0
11,b9zUAfB24vg,2023-05-13T13:00:22Z,362,11193,327,24,0,0.2152777777777778,8.0,0.0,0.0,0.0
12,b9zUAfB24vg,2023-05-13T13:00:22Z,362,11208,327,24,1,0.21666666666666667,15.0,1.1666666666666667,0.0,0.0
13,b9zUAfB24vg,2023-05-13T13:00:22Z,362,11217,327,24,2,0.21805555555555556,9.0,0.16666666666666666,0.0,0.0
14,b9zUAfB24vg,2023-05-13T13:00:22Z,362,11227,327,24,3,0.21944444444444444,10.0,0.3333333333333333,0.0,0.0
15,b9zUAfB24vg,2023-05-13T13:00:22Z,362,11240,327,24,4,0.22083333333333333,13.0,0.8333333333333334,0.0,0.0
16,b9zUAfB24vg,2023-05-13T13:00:22Z,362,11244,327,24,5,0.2222222222222222,4.0,-0.6666666666666666,0.0,0.0
17,b9zUAfB24vg,2023-05-13T13:00:22Z,362,11250,327,24,6,0.22361111111111112,6.0,-0.3333333333333333,0.0,0.0
18,b9zUAfB24vg,2023-05-13T13:00:22Z,362,11252,327,24,7,0.225,2.0,-1.0,0.0,0.0
19,b9zUAfB24vg,2023-05-13T13:00:22Z,362,11254,327,24,8,0.2263888888888889,2.0,-1.0,0.0,0.0
20,b9zUAfB24vg,2023-05-13T13:00:22Z,362,11256,327,24,9,0.22777777777777777,2.0,-1.0,0.0,0.0
21,b9zUAfB24vg,2023-05-13T13:00:22Z,362,11259,327,24,10,0.22916666666666666,3.0,-0.8333333333333334,0.0,0.0
22,b9zUAfB24vg,2023-05-13T13:00:22Z,362,11266,328,24,11,0.23055555555555557,7.0,-0.16666666666666666,1.0,1.0
23,b9zUAfB24vg,2023-05-13T13:00:22Z,362,11276,328,24,12,0.23194444444444445,10.0,0.3333333333333333,0.0,0.0
24,b9zUAfB24vg,2023-05-13T13:00:22Z,362,11291,328,24,13,0.23333333333333334,15.0,1.1666666666666667,0.0,0.0
25,b9zUAfB24vg,2023-05-13T13:00:22Z,362,11298,328,24,14,0.23472222222222222,7.0,-0.16666666666666666,0.0,0.0
26,b9zUAfB24vg,2023-05-13T13:00:22Z,362,11309,328,24,15,0.2361111111111111,11.0,0.5,0.0,0.0
27,b9zUAfB24vg,2023-05-13T13:00:22Z,362,11323,328,24,16,0.2375,14.0,1.0,0.0,0.0
28,b9zUAfB24vg,2023-05-13T13:00:22Z,362,11336,328,24,17,0.2388888888888889,13.0,0.8333333333333334,0.0,0.0
29,b9zUAfB24vg,2023-05-13T13:00:22Z,362,11344,328,24,18,0.24027777777777778,8.0,0.0,0.0,0.0
30,b9zUAfB24vg,2023-05-13T13:00:22Z,362,11356,328,24,19,0.24166666666666667,12.0,0.6666666666666666,0.0,0.0
31,b9zUAfB24vg,2023-05-13T13:00:22Z,362,11361,328,24,20,0.24305555555555555,5.0,-0.5,0.0,0.0
32,b9zUAfB24vg,2023-05-13T13:00:22Z,362,11372,328,24,21,0.24444444444444444,11.0,0.5,0.0,0.0
33,b9zUAfB24vg,2023-05-13T13:00:22Z,362,11376,329,24,22,0.24583333333333332,4.0,-0.6666666666666666,1.0,1.0
