,id,date,duration,views,likes,category_id,hour,update_diff,views_diff,views_diff_scaled,likes_diff,likes_diff_scaled
1,VBO5dWx7fgk,2023-05-13T09:30:12Z,257,959041,10791,24,1,0.25416666666666665,2409.0,1.6903765690376569,20.0,2.0
2,VBO5dWx7fgk,2023-05-13T09:30:12Z,257,960939,10799,24,2,0.25555555555555554,1898.0,1.0794979079497908,8.0,0.2857142857142857
3,VBO5dWx7fgk,2023-05-13T09:30:12Z,257,962998,10805,24,3,0.2569444444444444,2059.0,1.2719665271966527,6.0,0.0
4,VBO5dWx7fgk,2023-05-13T09:30:12Z,257,964560,10808,24,4,0.25833333333333336,1562.0,0.6778242677824268,3.0,-0.42857142857142855
5,VBO5dWx7fgk,2023-05-13T09:30:12Z,257,966031,10813,24,5,0.25972222222222224,1471.0,0.5690376569037657,5.0,-0.14285714285714285
6,VBO5dWx7fgk,2023-05-13T09:30:12Z,257,967193,10814,24,6,0.2611111111111111,1162.0,0.19964136282127914,1.0,-0.7142857142857143
7,VBO5dWx7fgk,2023-05-13T09:30:12Z,257,967813,10818,24,7,0.2625,620.0,-0.4482964734010759,4.0,-0.2857142857142857
8,VBO5dWx7fgk,2023-05-13T09:30:12Z,257,968442,10823,24,8,0.2638888888888889,629.0,-0.4375373580394501,5.0,-0.14285714285714285
9,VBO5dWx7fgk,2023-05-13T09:30:12Z,257,969043,10834,24,9,0.2652777777777778,601.0,-0.4710101613867304,11.0,0.7142857142857143
10,VBO5dWx7fgk,2023-05-13T09:30:12Z,257,969879,10848,24,10,0.26666666666666666,836.0,-0.19007770472205618,14.0,1.1428571428571428
11,VBO5dWx7fgk,2023-05-13T09:30:12Z,257,970889,10855,24,11,0.26805555555555555,1010.0,0.017931858936043037,7.0,0.14285714285714285
12,VBO5dWx7fgk,2023-05-13T09:30:12Z,257,972391,10865,24,12,0.26944444444444443,1502.0,0.6060968320382546,10.0,0.5714285714285714
13,VBO5dWx7fgk,2023-05-13T09:30:12Z,257,973814,10875,24,13,0.2708333333333333,1423.0,0.511655708308428,10.0,0.5714285714285714
14,VBO5dWx7fgk,2023-05-13T09:30:12Z,257,975154,10882,24,14,0.2722222222222222,1340.0,0.41243275552898984,7.0,0.14285714285714285
15,VBO5dWx7fgk,2023-05-13T09:30:12Z,257,976680,10892,24,15,0.27361111111111114,1526.0,0.6347878063359235,10.0,0.5714285714285714
16,VBO5dWx7fgk,2023-05-13T09:30:12Z,257,977848,10903,24,16,0.275,1168.0,0.20681410639569636,11.0,0.7142857142857143
17,VBO5dWx7fgk,2023-05-13T09:30:12Z,257,978817,10915,24,17,0.2763888888888889,969.0,-0.031081888822474597,12.0,0.8571428571428571
18,VBO5dWx7fgk,2023-05-13T09:30:12Z,257,980437,10923,24,18,0.2777777777777778,1620.0,0.7471607890017932,8.0,0.2857142857142857
19,VBO5dWx7fgk,2023-05-13T09:30:12Z,257,981972,10931,24,19,0.2791666666666667,1535.0,0.6455469216975493,8.0,0.2857142857142857
20,VBO5dWx7fgk,2023-05-13T09:30:12Z,257,982603,10942,24,20,0.28055555555555556,631.0,-0.4351464435146444,11.0,0.7142857142857143
21,VBO5dWx7fgk,2023-05-13T09:30:12Z,257,984291,10952,24,21,0.28194444444444444,1688.0,0.8284518828451883,10.0,0.5714285714285714
22,VBO5dWx7fgk,2023-05-13T09:30:12Z,257,985156,10963,24,22,0.2833333333333333,865.0,-0.15540944411237298,11.0,0.7142857142857143
23,VBO5dWx7fgk,2023-05-13T09:30:12Z,257,986445,10966,24,23,0.2847222222222222,1289.0,0.3514644351464435,3.0,-0.42857142857142855
24,VBO5dWx7fgk,2023-05-13T09:30:12Z,257,987455,10972,24,0,0.2875,1010.0,0.017931858936043037,6.0,0.0
25,VBO5dWx7fgk,2023-05-13T09:30:12Z,257,988777,10978,24,1,0.2875,1322.0,0.3909145248057382,6.0,0.0
26,VBO5dWx7fgk,2023-05-13T09:30:12Z,257,989772,10979,24,2,0.2902777777777778,995.0,0.0,1.0,-0.7142857142857143
27,VBO5dWx7fgk,2023-05-13T09:30:12Z,257,991177,10982,24,3,0.2902777777777778,1405.0,0.49013747758517634,3.0,-0.42857142857142855
28,VBO5dWx7fgk,2023-05-13T09:30:12Z,257,992172,10983,24,4,0.2916666666666667,995.0,0.0,1.0,-0.7142857142857143
29,VBO5dWx7fgk,2023-05-13T09:30:12Z,257,993036,10986,24,5,0.29305555555555557,864.0,-0.15660490137477584,3.0,-0.42857142857142855
30,VBO5dWx7fgk,2023-05-13T09:30:12Z,257,993449,10987,24,6,0.29444444444444445,413.0,-0.6957561267184699,1.0,-0.7142857142857143
31,VBO5dWx7fgk,2023-05-13T09:30:12Z,257,993861,10991,24,7,0.29583333333333334,412.0,-0.6969515839808726,4.0,-0.2857142857142857
32,VBO5dWx7fgk,2023-05-13T09:30:12Z,257,994122,10995,24,8,0.2972222222222222,261.0,-0.877465630603706,4.0,-0.2857142857142857
33,VBO5dWx7fgk,2023-05-13T09:30:12Z,257,994309,11000,24,9,0.2986111111111111,187.0,-0.9659294680215182,5.0,-0.14285714285714285
34,VBO5dWx7fgk,2023-05-13T09:30:12Z,257,994759,11006,24,10,0.3,450.0,-0.6515242080095637,6.0,0.0
35,VBO5dWx7fgk,2023-05-13T09:30:12Z,257,995243,11009,24,11,0.30277777777777776,484.0,-0.6108786610878661,3.0,-0.42857142857142855
36,VBO5dWx7fgk,2023-05-13T09:30:12Z,257,995624,11012,24,12,0.30277777777777776,381.0,-0.7340107591153616,3.0,-0.42857142857142855
37,VBO5dWx7fgk,2023-05-13T09:30:12Z,257,996205,11014,24,13,0.3055555555555556,581.0,-0.4949193066347878,2.0,-0.5714285714285714
38,VBO5dWx7fgk,2023-05-13T09:30:12Z,257,997009,11019,24,14,0.30694444444444446,804.0,-0.228332337118948,5.0,-0.14285714285714285
39,VBO5dWx7fgk,2023-05-13T09:30:12Z,257,997405,11022,24,15,0.30694444444444446,396.0,-0.7160789001793186,3.0,-0.42857142857142855
