,id,date,duration,views,likes,category_id,hour,update_diff,views_diff,views_diff_scaled,likes_diff,likes_diff_scaled
1,et3VDbL7cIA,2023-05-16T10:00:09Z,1293,4267646,222402,10,1,0.15416666666666667,31788.0,1.388778421371142,757.0,1.798165137614679
2,et3VDbL7cIA,2023-05-16T10:00:09Z,1293,4289332,223060,10,2,0.15555555555555556,21686.0,0.5154318319356791,658.0,1.3440366972477065
3,et3VDbL7cIA,2023-05-16T10:00:09Z,1293,4315499,223550,10,3,0.15694444444444444,26167.0,0.9028270078672085,490.0,0.573394495412844
4,et3VDbL7cIA,2023-05-16T10:00:09Z,1293,4336669,223915,10,4,0.15833333333333333,21170.0,0.47082216650816977,365.0,0.0
5,et3VDbL7cIA,2023-05-16T10:00:09Z,1293,4356783,224275,10,5,0.1597222222222222,20114.0,0.3795279674937322,360.0,-0.022935779816513763
6,et3VDbL7cIA,2023-05-16T10:00:09Z,1293,4370022,224591,10,6,0.16111111111111112,13239.0,-0.21483530733984613,316.0,-0.22477064220183487
7,et3VDbL7cIA,2023-05-16T10:00:09Z,1293,4378102,224841,10,7,0.1625,8080.0,-0.6608455087749633,250.0,-0.5275229357798165
8,et3VDbL7cIA,2023-05-16T10:00:09Z,1293,4385942,225080,10,8,0.1638888888888889,7840.0,-0.6815941903691536,239.0,-0.5779816513761468
9,et3VDbL7cIA,2023-05-16T10:00:09Z,1293,4390572,225370,10,9,0.16527777777777777,4630.0,-0.9591078066914498,290.0,-0.3440366972477064
10,et3VDbL7cIA,2023-05-16T10:00:09Z,1293,4397096,225673,10,10,0.16666666666666666,6524.0,-0.7953661277772975,303.0,-0.28440366972477066
11,et3VDbL7cIA,2023-05-16T10:00:09Z,1293,4404710,226059,10,11,0.16805555555555557,7614.0,-0.7011325322036829,386.0,0.0963302752293578
12,et3VDbL7cIA,2023-05-16T10:00:09Z,1293,4416333,226520,10,12,0.16944444444444445,11623.0,-0.3545430967407279,461.0,0.44036697247706424
13,et3VDbL7cIA,2023-05-16T10:00:09Z,1293,4430458,227012,10,13,0.17083333333333334,14125.0,-0.13823809112129334,492.0,0.5825688073394495
14,et3VDbL7cIA,2023-05-16T10:00:09Z,1293,4446794,227495,10,14,0.17222222222222222,16336.0,0.05290913806518544,483.0,0.5412844036697247
15,et3VDbL7cIA,2023-05-16T10:00:09Z,1293,4468428,227956,10,15,0.1736111111111111,21634.0,0.5109362842569378,461.0,0.44036697247706424
16,et3VDbL7cIA,2023-05-16T10:00:09Z,1293,4485114,228418,10,16,0.175,16686.0,0.08316763205671306,462.0,0.44495412844036697
17,et3VDbL7cIA,2023-05-16T10:00:09Z,1293,4500838,228875,10,17,0.1763888888888889,15724.0,0.0,457.0,0.42201834862385323
18,et3VDbL7cIA,2023-05-16T10:00:09Z,1293,4524773,229333,10,18,0.17777777777777778,23935.0,0.709864269041238,458.0,0.42660550458715596
19,et3VDbL7cIA,2023-05-16T10:00:09Z,1293,4547472,229821,10,19,0.17916666666666667,22699.0,0.6030085588311576,488.0,0.5642201834862385
20,et3VDbL7cIA,2023-05-16T10:00:09Z,1293,4557782,230315,10,20,0.18055555555555555,10310.0,-0.4680556756289444,494.0,0.591743119266055
21,et3VDbL7cIA,2023-05-16T10:00:09Z,1293,4585306,230843,10,21,0.18194444444444444,27524.0,1.0201435117143598,528.0,0.7477064220183486
22,et3VDbL7cIA,2023-05-16T10:00:09Z,1293,4601426,231365,10,22,0.18333333333333332,16120.0,0.03423532463041411,522.0,0.7201834862385321
23,et3VDbL7cIA,2023-05-16T10:00:09Z,1293,4626636,231967,10,23,0.18472222222222223,25210.0,0.8200916400103744,602.0,1.0871559633027523
24,et3VDbL7cIA,2023-05-16T10:00:09Z,1293,4645216,232525,10,0,0.18611111111111112,18580.0,0.24690931097086538,558.0,0.8853211009174312
25,et3VDbL7cIA,2023-05-16T10:00:09Z,1293,4668367,233090,10,1,0.1875,23151.0,0.6420852425002161,565.0,0.9174311926605505
26,et3VDbL7cIA,2023-05-16T10:00:09Z,1293,4686418,233540,10,2,0.18888888888888888,18051.0,0.2011757586236708,450.0,0.38990825688073394
27,et3VDbL7cIA,2023-05-16T10:00:09Z,1293,4710398,233889,10,3,0.19027777777777777,23980.0,0.7137546468401487,349.0,-0.07339449541284404
28,et3VDbL7cIA,2023-05-16T10:00:09Z,1293,4726492,234179,10,4,0.19166666666666668,16094.0,0.031987550791043484,290.0,-0.3440366972477064
29,et3VDbL7cIA,2023-05-16T10:00:09Z,1293,4742737,234459,10,5,0.19305555555555556,16245.0,0.04504192962738826,280.0,-0.38990825688073394
30,et3VDbL7cIA,2023-05-16T10:00:09Z,1293,4752097,234694,10,6,0.19444444444444445,9360.0,-0.550185873605948,235.0,-0.5963302752293578
31,et3VDbL7cIA,2023-05-16T10:00:09Z,1293,4762833,234940,10,7,0.19583333333333333,10736.0,-0.4312267657992565,246.0,-0.5458715596330275
32,et3VDbL7cIA,2023-05-16T10:00:09Z,1293,4768212,235169,10,8,0.19722222222222222,5379.0,-0.8943546295495807,229.0,-0.6238532110091743
33,et3VDbL7cIA,2023-05-16T10:00:09Z,1293,4772783,235400,10,9,0.1986111111111111,4571.0,-0.9642085242500216,231.0,-0.6146788990825688
34,et3VDbL7cIA,2023-05-16T10:00:09Z,1293,4783455,235651,10,10,0.2,10672.0,-0.43675974755770725,251.0,-0.5229357798165137
35,et3VDbL7cIA,2023-05-16T10:00:09Z,1293,4794124,235913,10,11,0.2013888888888889,10669.0,-0.43701910607763467,262.0,-0.4724770642201835
36,et3VDbL7cIA,2023-05-16T10:00:09Z,1293,4802308,236160,10,12,0.20277777777777778,8184.0,-0.6518544134174807,247.0,-0.5412844036697247
37,et3VDbL7cIA,2023-05-16T10:00:09Z,1293,4813359,236477,10,13,0.20416666666666666,11051.0,-0.40399412120688166,317.0,-0.22018348623853212
38,et3VDbL7cIA,2023-05-16T10:00:09Z,1293,4828535,236842,10,14,0.20555555555555555,15176.0,-0.047376156306734675,365.0,0.0
39,et3VDbL7cIA,2023-05-16T10:00:09Z,1293,4835436,237048,10,15,0.20694444444444443,6901.0,-0.7627734071064235,206.0,-0.7293577981651376
