,id,date,duration,views,likes,category_id,hour,update_diff,views_diff,views_diff_scaled,likes_diff,likes_diff_scaled
1,UPrJgGA9W_0,2023-05-03T09:00:15Z,557,1785902,194059,22,16,0.47638888888888886,584.0,0.47686832740213525,21.0,-0.09523809523809523
2,UPrJgGA9W_0,2023-05-03T09:00:15Z,557,1786376,194086,22,17,0.4777777777777778,474.0,0.08540925266903915,27.0,0.47619047619047616
3,UPrJgGA9W_0,2023-05-03T09:00:15Z,557,1787030,194116,22,18,0.4791666666666667,654.0,0.7259786476868327,30.0,0.7619047619047619
4,UPrJgGA9W_0,2023-05-03T09:00:15Z,557,1787524,194145,22,19,0.48055555555555557,494.0,0.15658362989323843,29.0,0.6666666666666666
5,UPrJgGA9W_0,2023-05-03T09:00:15Z,557,1788045,194172,22,20,0.48194444444444445,521.0,0.2526690391459075,27.0,0.47619047619047616
6,UPrJgGA9W_0,2023-05-03T09:00:15Z,557,1788614,194194,22,21,0.48333333333333334,569.0,0.4234875444839858,22.0,0.0
7,UPrJgGA9W_0,2023-05-03T09:00:15Z,557,1789194,194234,22,22,0.4847222222222222,580.0,0.4626334519572954,40.0,1.7142857142857142
8,UPrJgGA9W_0,2023-05-03T09:00:15Z,557,1789769,194262,22,23,0.4861111111111111,575.0,0.44483985765124556,28.0,0.5714285714285714
9,UPrJgGA9W_0,2023-05-03T09:00:15Z,557,1790345,194303,22,0,0.4875,576.0,0.4483985765124555,41.0,1.8095238095238095
10,UPrJgGA9W_0,2023-05-03T09:00:15Z,557,1790714,194332,22,1,0.4888888888888889,369.0,-0.28825622775800713,29.0,0.6666666666666666
11,UPrJgGA9W_0,2023-05-03T09:00:15Z,557,1791228,194356,22,2,0.49027777777777776,514.0,0.2277580071174377,24.0,0.19047619047619047
12,UPrJgGA9W_0,2023-05-03T09:00:15Z,557,1791902,194376,22,3,0.49166666666666664,674.0,0.797153024911032,20.0,-0.19047619047619047
13,UPrJgGA9W_0,2023-05-03T09:00:15Z,557,1792383,194390,22,4,0.4930555555555556,481.0,0.1103202846975089,14.0,-0.7619047619047619
14,UPrJgGA9W_0,2023-05-03T09:00:15Z,557,1792975,194407,22,5,0.49444444444444446,592.0,0.505338078291815,17.0,-0.47619047619047616
15,UPrJgGA9W_0,2023-05-03T09:00:15Z,557,1793298,194429,22,6,0.49583333333333335,323.0,-0.45195729537366547,22.0,0.0
16,UPrJgGA9W_0,2023-05-03T09:00:15Z,557,1793576,194443,22,7,0.49722222222222223,278.0,-0.6120996441281139,14.0,-0.7619047619047619
17,UPrJgGA9W_0,2023-05-03T09:00:15Z,557,1793729,194454,22,8,0.4986111111111111,153.0,-1.0569395017793595,11.0,-1.0476190476190477
18,UPrJgGA9W_0,2023-05-03T09:00:15Z,557,1793974,194466,22,9,0.5,245.0,-0.7295373665480427,12.0,-0.9523809523809523
19,UPrJgGA9W_0,2023-05-03T09:00:15Z,557,1794191,194473,22,10,0.5013888888888889,217.0,-0.8291814946619217,7.0,-1.4285714285714286
20,UPrJgGA9W_0,2023-05-03T09:00:15Z,557,1794386,194490,22,11,0.5027777777777778,195.0,-0.9074733096085409,17.0,-0.47619047619047616
21,UPrJgGA9W_0,2023-05-03T09:00:15Z,557,1794586,194506,22,12,0.5041666666666667,200.0,-0.8896797153024911,16.0,-0.5714285714285714
22,UPrJgGA9W_0,2023-05-03T09:00:15Z,557,1794741,194527,22,13,0.5055555555555555,155.0,-1.0498220640569396,21.0,-0.09523809523809523
23,UPrJgGA9W_0,2023-05-03T09:00:15Z,557,1795191,194548,22,14,0.5069444444444444,450.0,0.0,21.0,-0.09523809523809523
24,UPrJgGA9W_0,2023-05-03T09:00:15Z,557,1795450,194579,22,15,0.5083333333333333,259.0,-0.6797153024911032,31.0,0.8571428571428571
25,UPrJgGA9W_0,2023-05-03T09:00:15Z,557,1795850,194604,22,16,0.5097222222222222,400.0,-0.17793594306049823,25.0,0.2857142857142857
26,UPrJgGA9W_0,2023-05-03T09:00:15Z,557,1796162,194623,22,17,0.5111111111111111,312.0,-0.49110320284697506,19.0,-0.2857142857142857
27,UPrJgGA9W_0,2023-05-03T09:00:15Z,557,1796672,194649,22,18,0.5125,510.0,0.21352313167259787,26.0,0.38095238095238093
28,UPrJgGA9W_0,2023-05-03T09:00:15Z,557,1796965,194668,22,19,0.5138888888888888,293.0,-0.5587188612099644,19.0,-0.2857142857142857
29,UPrJgGA9W_0,2023-05-03T09:00:15Z,557,1797580,194708,22,20,0.5152777777777777,615.0,0.5871886120996441,40.0,1.7142857142857142
30,UPrJgGA9W_0,2023-05-03T09:00:15Z,557,1798003,194736,22,21,0.5166666666666667,423.0,-0.09608540925266904,28.0,0.5714285714285714
31,UPrJgGA9W_0,2023-05-03T09:00:15Z,557,1798376,194763,22,22,0.5180555555555556,373.0,-0.27402135231316727,27.0,0.47619047619047616
32,UPrJgGA9W_0,2023-05-03T09:00:15Z,557,1798942,194799,22,23,0.5194444444444445,566.0,0.4128113879003559,36.0,1.3333333333333333
33,UPrJgGA9W_0,2023-05-03T09:00:15Z,557,1799513,194828,22,0,0.5208333333333334,571.0,0.4306049822064057,29.0,0.6666666666666666
34,UPrJgGA9W_0,2023-05-03T09:00:15Z,557,1800129,194862,22,1,0.5222222222222223,616.0,0.5907473309608541,34.0,1.1428571428571428
35,UPrJgGA9W_0,2023-05-03T09:00:15Z,557,1800602,194890,22,2,0.5236111111111111,473.0,0.08185053380782918,28.0,0.5714285714285714
36,UPrJgGA9W_0,2023-05-03T09:00:15Z,557,1801271,194908,22,3,0.525,669.0,0.7793594306049823,18.0,-0.38095238095238093
37,UPrJgGA9W_0,2023-05-03T09:00:15Z,557,1801641,194929,22,4,0.5263888888888889,370.0,-0.2846975088967972,21.0,-0.09523809523809523
38,UPrJgGA9W_0,2023-05-03T09:00:15Z,557,1802277,194948,22,5,0.5277777777777778,636.0,0.6619217081850534,19.0,-0.2857142857142857
39,UPrJgGA9W_0,2023-05-03T09:00:15Z,557,1802490,194969,22,6,0.5291666666666667,213.0,-0.8434163701067615,21.0,-0.09523809523809523
40,UPrJgGA9W_0,2023-05-03T09:00:15Z,557,1802860,194973,22,7,0.5305555555555556,370.0,-0.2846975088967972,4.0,-1.7142857142857142
41,UPrJgGA9W_0,2023-05-03T09:00:15Z,557,1802932,194984,22,8,0.5319444444444444,72.0,-1.3451957295373667,11.0,-1.0476190476190477
42,UPrJgGA9W_0,2023-05-03T09:00:15Z,557,1803259,194999,22,9,0.5333333333333333,327.0,-0.4377224199288256,15.0,-0.6666666666666666
43,UPrJgGA9W_0,2023-05-03T09:00:15Z,557,1803550,195021,22,10,0.5347222222222222,291.0,-0.5658362989323843,22.0,0.0
