,id,date,duration,views,likes,category_id,hour,update_diff,views_diff,views_diff_scaled,likes_diff,likes_diff_scaled
1,-0Jt5_pGlko,2023-05-02T06:27:33Z,3330,518973,6349,20,14,0.5777777777777777,226.0,0.05755395683453238,3.0,1.0
2,-0Jt5_pGlko,2023-05-02T06:27:33Z,3330,519207,6352,20,15,0.5791666666666667,234.0,0.11510791366906475,3.0,1.0
3,-0Jt5_pGlko,2023-05-02T06:27:33Z,3330,519581,6353,20,16,0.5805555555555556,374.0,1.1223021582733812,1.0,0.0
4,-0Jt5_pGlko,2023-05-02T06:27:33Z,3330,519855,6353,20,17,0.5819444444444445,274.0,0.4028776978417266,0.0,-0.5
5,-0Jt5_pGlko,2023-05-02T06:27:33Z,3330,520182,6354,20,18,0.5833333333333334,327.0,0.7841726618705036,1.0,0.0
6,-0Jt5_pGlko,2023-05-02T06:27:33Z,3330,520454,6358,20,19,0.5847222222222223,272.0,0.38848920863309355,4.0,1.5
7,-0Jt5_pGlko,2023-05-02T06:27:33Z,3330,520773,6357,20,20,0.5861111111111111,319.0,0.7266187050359713,-1.0,-1.0
8,-0Jt5_pGlko,2023-05-02T06:27:33Z,3330,521072,6359,20,21,0.5875,299.0,0.5827338129496403,2.0,0.5
9,-0Jt5_pGlko,2023-05-02T06:27:33Z,3330,521201,6359,20,22,0.5888888888888889,129.0,-0.6402877697841727,0.0,-0.5
10,-0Jt5_pGlko,2023-05-02T06:27:33Z,3330,521419,6362,20,23,0.5902777777777778,218.0,0.0,3.0,1.0
11,-0Jt5_pGlko,2023-05-02T06:27:33Z,3330,521642,6364,20,0,0.5916666666666667,223.0,0.03597122302158273,2.0,0.5
12,-0Jt5_pGlko,2023-05-02T06:27:33Z,3330,521946,6365,20,1,0.5930555555555556,304.0,0.6187050359712231,1.0,0.0
13,-0Jt5_pGlko,2023-05-02T06:27:33Z,3330,522144,6366,20,2,0.5944444444444444,198.0,-0.14388489208633093,1.0,0.0
14,-0Jt5_pGlko,2023-05-02T06:27:33Z,3330,522478,6368,20,3,0.5958333333333333,334.0,0.8345323741007195,2.0,0.5
15,-0Jt5_pGlko,2023-05-02T06:27:33Z,3330,522768,6368,20,4,0.5972222222222222,290.0,0.5179856115107914,0.0,-0.5
16,-0Jt5_pGlko,2023-05-02T06:27:33Z,3330,522965,6368,20,5,0.5986111111111111,197.0,-0.1510791366906475,0.0,-0.5
17,-0Jt5_pGlko,2023-05-02T06:27:33Z,3330,523143,6368,20,6,0.6,178.0,-0.28776978417266186,0.0,-0.5
18,-0Jt5_pGlko,2023-05-02T06:27:33Z,3330,523264,6369,20,7,0.6013888888888889,121.0,-0.697841726618705,1.0,0.0
19,-0Jt5_pGlko,2023-05-02T06:27:33Z,3330,523347,6369,20,8,0.6027777777777777,83.0,-0.9712230215827338,0.0,-0.5
20,-0Jt5_pGlko,2023-05-02T06:27:33Z,3330,523419,6369,20,9,0.6041666666666666,72.0,-1.0503597122302157,0.0,-0.5
21,-0Jt5_pGlko,2023-05-02T06:27:33Z,3330,523500,6371,20,10,0.6055555555555555,81.0,-0.9856115107913669,2.0,0.5
22,-0Jt5_pGlko,2023-05-02T06:27:33Z,3330,523617,6371,20,11,0.6069444444444444,117.0,-0.7266187050359713,0.0,-0.5
23,-0Jt5_pGlko,2023-05-02T06:27:33Z,3330,523778,6371,20,12,0.6083333333333333,161.0,-0.41007194244604317,0.0,-0.5
24,-0Jt5_pGlko,2023-05-02T06:27:33Z,3330,523968,6373,20,13,0.6097222222222223,190.0,-0.2014388489208633,2.0,0.5
25,-0Jt5_pGlko,2023-05-02T06:27:33Z,3330,524178,6376,20,14,0.6111111111111112,210.0,-0.05755395683453238,3.0,1.0
26,-0Jt5_pGlko,2023-05-02T06:27:33Z,3330,524363,6376,20,15,0.6125,185.0,-0.23741007194244604,0.0,-0.5
27,-0Jt5_pGlko,2023-05-02T06:27:33Z,3330,524666,6376,20,16,0.6138888888888889,303.0,0.6115107913669064,0.0,-0.5
28,-0Jt5_pGlko,2023-05-02T06:27:33Z,3330,524966,6378,20,17,0.6152777777777778,300.0,0.5899280575539568,2.0,0.5
29,-0Jt5_pGlko,2023-05-02T06:27:33Z,3330,525164,6381,20,18,0.6166666666666667,198.0,-0.14388489208633093,3.0,1.0
30,-0Jt5_pGlko,2023-05-02T06:27:33Z,3330,525524,6383,20,19,0.6180555555555556,360.0,1.0215827338129497,2.0,0.5
31,-0Jt5_pGlko,2023-05-02T06:27:33Z,3330,525670,6386,20,20,0.6194444444444445,146.0,-0.5179856115107914,3.0,1.0
32,-0Jt5_pGlko,2023-05-02T06:27:33Z,3330,526013,6386,20,21,0.6208333333333333,343.0,0.8992805755395683,0.0,-0.5
33,-0Jt5_pGlko,2023-05-02T06:27:33Z,3330,526161,6387,20,22,0.6222222222222222,148.0,-0.5035971223021583,1.0,0.0
