,id,date,duration,views,likes,category_id,hour,update_diff,views_diff,views_diff_scaled,likes_diff,likes_diff_scaled
1,QZpgouXGlpU,2023-05-10T09:00:13Z,537,656852,104068,22,14,0.30694444444444446,356.0,-0.7322033898305085,60.0,0.44
2,QZpgouXGlpU,2023-05-10T09:00:13Z,537,657259,104116,22,15,0.30833333333333335,407.0,-0.559322033898305,48.0,-0.04
3,QZpgouXGlpU,2023-05-10T09:00:13Z,537,657843,104145,22,16,0.30972222222222223,584.0,0.04067796610169491,29.0,-0.8
4,QZpgouXGlpU,2023-05-10T09:00:13Z,537,658241,104183,22,17,0.3111111111111111,398.0,-0.5898305084745763,38.0,-0.44
5,QZpgouXGlpU,2023-05-10T09:00:13Z,537,658825,104239,22,18,0.3125,584.0,0.04067796610169491,56.0,0.28
6,QZpgouXGlpU,2023-05-10T09:00:13Z,537,659189,104327,22,19,0.3138888888888889,364.0,-0.7050847457627119,88.0,1.56
7,QZpgouXGlpU,2023-05-10T09:00:13Z,537,659792,104408,22,20,0.31527777777777777,603.0,0.10508474576271186,81.0,1.28
8,QZpgouXGlpU,2023-05-10T09:00:13Z,537,660481,104490,22,21,0.31666666666666665,689.0,0.39661016949152544,82.0,1.32
9,QZpgouXGlpU,2023-05-10T09:00:13Z,537,660969,104571,22,22,0.31805555555555554,488.0,-0.2847457627118644,81.0,1.28
10,QZpgouXGlpU,2023-05-10T09:00:13Z,537,661836,104663,22,23,0.3194444444444444,867.0,1.0,92.0,1.72
11,QZpgouXGlpU,2023-05-10T09:00:13Z,537,662667,104746,22,0,0.32083333333333336,831.0,0.8779661016949153,83.0,1.36
12,QZpgouXGlpU,2023-05-10T09:00:13Z,537,663648,104821,22,1,0.32222222222222224,981.0,1.3864406779661016,75.0,1.04
13,QZpgouXGlpU,2023-05-10T09:00:13Z,537,664350,104886,22,2,0.3236111111111111,702.0,0.4406779661016949,65.0,0.64
14,QZpgouXGlpU,2023-05-10T09:00:13Z,537,665407,104934,22,3,0.325,1057.0,1.6440677966101696,48.0,-0.04
15,QZpgouXGlpU,2023-05-10T09:00:13Z,537,666194,104974,22,4,0.3263888888888889,787.0,0.7288135593220338,40.0,-0.36
16,QZpgouXGlpU,2023-05-10T09:00:13Z,537,666806,105011,22,5,0.3277777777777778,612.0,0.13559322033898305,37.0,-0.48
17,QZpgouXGlpU,2023-05-10T09:00:13Z,537,667442,105045,22,6,0.32916666666666666,636.0,0.21694915254237288,34.0,-0.6
18,QZpgouXGlpU,2023-05-10T09:00:13Z,537,667936,105073,22,7,0.33055555555555555,494.0,-0.26440677966101694,28.0,-0.84
19,QZpgouXGlpU,2023-05-10T09:00:13Z,537,668271,105100,22,8,0.33194444444444443,335.0,-0.8033898305084746,27.0,-0.88
20,QZpgouXGlpU,2023-05-10T09:00:13Z,537,668518,105130,22,9,0.3333333333333333,247.0,-1.1016949152542372,30.0,-0.76
21,QZpgouXGlpU,2023-05-10T09:00:13Z,537,668815,105167,22,10,0.3347222222222222,297.0,-0.9322033898305084,37.0,-0.48
22,QZpgouXGlpU,2023-05-10T09:00:13Z,537,669114,105213,22,11,0.33611111111111114,299.0,-0.9254237288135593,46.0,-0.12
23,QZpgouXGlpU,2023-05-10T09:00:13Z,537,669537,105250,22,12,0.3375,423.0,-0.5050847457627119,37.0,-0.48
24,QZpgouXGlpU,2023-05-10T09:00:13Z,537,670007,105311,22,13,0.3388888888888889,470.0,-0.34576271186440677,61.0,0.48
25,QZpgouXGlpU,2023-05-10T09:00:13Z,537,670493,105365,22,14,0.3402777777777778,486.0,-0.29152542372881357,54.0,0.2
26,QZpgouXGlpU,2023-05-10T09:00:13Z,537,670921,105422,22,15,0.3416666666666667,428.0,-0.488135593220339,57.0,0.32
27,QZpgouXGlpU,2023-05-10T09:00:13Z,537,671660,105477,22,16,0.34305555555555556,739.0,0.5661016949152542,55.0,0.24
28,QZpgouXGlpU,2023-05-10T09:00:13Z,537,672342,105525,22,17,0.34444444444444444,682.0,0.3728813559322034,48.0,-0.04
29,QZpgouXGlpU,2023-05-10T09:00:13Z,537,672914,105579,22,18,0.3458333333333333,572.0,0.0,54.0,0.2
30,QZpgouXGlpU,2023-05-10T09:00:13Z,537,673877,105628,22,19,0.3472222222222222,963.0,1.3254237288135593,49.0,0.0
31,QZpgouXGlpU,2023-05-10T09:00:13Z,537,674221,105671,22,20,0.3486111111111111,344.0,-0.7728813559322034,43.0,-0.24
32,QZpgouXGlpU,2023-05-10T09:00:13Z,537,675147,105734,22,21,0.35,926.0,1.2,63.0,0.56
33,QZpgouXGlpU,2023-05-10T09:00:13Z,537,675585,105783,22,22,0.35138888888888886,438.0,-0.4542372881355932,49.0,0.0
