,id,date,duration,views,likes,category_id,hour,update_diff,views_diff,views_diff_scaled,likes_diff,likes_diff_scaled
1,sPF9OuNmOyc,2023-04-19T09:00:36Z,708,2477412,250873,22,1,1.0555555555555556,311.0,0.8382838283828383,17.0,1.0
2,sPF9OuNmOyc,2023-04-19T09:00:36Z,708,2477653,250886,22,2,1.0569444444444445,241.0,0.37623762376237624,13.0,0.42857142857142855
3,sPF9OuNmOyc,2023-04-19T09:00:36Z,708,2477971,250900,22,3,1.0583333333333333,318.0,0.8844884488448845,14.0,0.5714285714285714
4,sPF9OuNmOyc,2023-04-19T09:00:36Z,708,2478240,250905,22,4,1.0597222222222222,269.0,0.5610561056105611,5.0,-0.7142857142857143
5,sPF9OuNmOyc,2023-04-19T09:00:36Z,708,2478516,250915,22,5,1.0611111111111111,276.0,0.6072607260726073,10.0,0.0
6,sPF9OuNmOyc,2023-04-19T09:00:36Z,708,2478740,250922,22,6,1.0625,224.0,0.264026402640264,7.0,-0.42857142857142855
7,sPF9OuNmOyc,2023-04-19T09:00:36Z,708,2478865,250932,22,7,1.0638888888888889,125.0,-0.38943894389438943,10.0,0.0
8,sPF9OuNmOyc,2023-04-19T09:00:36Z,708,2479022,250939,22,8,1.0652777777777778,157.0,-0.1782178217821782,7.0,-0.42857142857142855
9,sPF9OuNmOyc,2023-04-19T09:00:36Z,708,2479121,250947,22,9,1.0666666666666667,99.0,-0.5610561056105611,8.0,-0.2857142857142857
10,sPF9OuNmOyc,2023-04-19T09:00:36Z,708,2479228,250959,22,10,1.0680555555555555,107.0,-0.5082508250825083,12.0,0.2857142857142857
11,sPF9OuNmOyc,2023-04-19T09:00:36Z,708,2479325,250966,22,11,1.0694444444444444,97.0,-0.5742574257425742,7.0,-0.42857142857142855
12,sPF9OuNmOyc,2023-04-19T09:00:36Z,708,2479439,250975,22,12,1.0708333333333333,114.0,-0.46204620462046203,9.0,-0.14285714285714285
13,sPF9OuNmOyc,2023-04-19T09:00:36Z,708,2479557,250997,22,13,1.0722222222222222,118.0,-0.43564356435643564,22.0,1.7142857142857142
14,sPF9OuNmOyc,2023-04-19T09:00:36Z,708,2479724,251009,22,14,1.073611111111111,167.0,-0.11221122112211221,12.0,0.2857142857142857
15,sPF9OuNmOyc,2023-04-19T09:00:36Z,708,2479928,251017,22,15,1.075,204.0,0.132013201320132,8.0,-0.2857142857142857
16,sPF9OuNmOyc,2023-04-19T09:00:36Z,708,2480096,251033,22,16,1.0763888888888888,168.0,-0.10561056105610561,16.0,0.8571428571428571
17,sPF9OuNmOyc,2023-04-19T09:00:36Z,708,2480280,251045,22,17,1.0777777777777777,184.0,0.0,12.0,0.2857142857142857
18,sPF9OuNmOyc,2023-04-19T09:00:36Z,708,2480560,251057,22,18,1.0791666666666666,280.0,0.6336633663366337,12.0,0.2857142857142857
19,sPF9OuNmOyc,2023-04-19T09:00:36Z,708,2480833,251073,22,19,1.0805555555555555,273.0,0.5874587458745875,16.0,0.8571428571428571
20,sPF9OuNmOyc,2023-04-19T09:00:36Z,708,2480949,251084,22,20,1.0819444444444444,116.0,-0.44884488448844884,11.0,0.14285714285714285
21,sPF9OuNmOyc,2023-04-19T09:00:36Z,708,2481296,251090,22,21,1.0833333333333333,347.0,1.0759075907590758,6.0,-0.5714285714285714
22,sPF9OuNmOyc,2023-04-19T09:00:36Z,708,2481478,251099,22,22,1.0847222222222221,182.0,-0.013201320132013201,9.0,-0.14285714285714285
23,sPF9OuNmOyc,2023-04-19T09:00:36Z,708,2481771,251113,22,23,1.086111111111111,293.0,0.7194719471947195,14.0,0.5714285714285714
24,sPF9OuNmOyc,2023-04-19T09:00:36Z,708,2481977,251140,22,0,1.0875,206.0,0.14521452145214522,27.0,2.4285714285714284
25,sPF9OuNmOyc,2023-04-19T09:00:36Z,708,2482256,251154,22,1,1.0888888888888888,279.0,0.6270627062706271,14.0,0.5714285714285714
26,sPF9OuNmOyc,2023-04-19T09:00:36Z,708,2482443,251172,22,2,1.0902777777777777,187.0,0.019801980198019802,18.0,1.1428571428571428
27,sPF9OuNmOyc,2023-04-19T09:00:36Z,708,2482787,251194,22,3,1.0916666666666666,344.0,1.056105610561056,22.0,1.7142857142857142
28,sPF9OuNmOyc,2023-04-19T09:00:36Z,708,2483034,251196,22,4,1.0930555555555554,247.0,0.4158415841584158,2.0,-1.1428571428571428
29,sPF9OuNmOyc,2023-04-19T09:00:36Z,708,2483292,251202,22,5,1.0944444444444446,258.0,0.4884488448844885,6.0,-0.5714285714285714
30,sPF9OuNmOyc,2023-04-19T09:00:36Z,708,2483481,251212,22,6,1.0958333333333334,189.0,0.033003300330033,10.0,0.0
31,sPF9OuNmOyc,2023-04-19T09:00:36Z,708,2483683,251217,22,7,1.0972222222222223,202.0,0.1188118811881188,5.0,-0.7142857142857143
32,sPF9OuNmOyc,2023-04-19T09:00:36Z,708,2483783,251224,22,8,1.0986111111111112,100.0,-0.5544554455445545,7.0,-0.42857142857142855
33,sPF9OuNmOyc,2023-04-19T09:00:36Z,708,2483852,251230,22,9,1.1,69.0,-0.759075907590759,6.0,-0.5714285714285714
34,sPF9OuNmOyc,2023-04-19T09:00:36Z,708,2483962,251238,22,10,1.101388888888889,110.0,-0.4884488448844885,8.0,-0.2857142857142857
35,sPF9OuNmOyc,2023-04-19T09:00:36Z,708,2484060,251247,22,11,1.1027777777777779,98.0,-0.5676567656765676,9.0,-0.14285714285714285
36,sPF9OuNmOyc,2023-04-19T09:00:36Z,708,2484143,251256,22,12,1.1041666666666667,83.0,-0.6666666666666666,9.0,-0.14285714285714285
37,sPF9OuNmOyc,2023-04-19T09:00:36Z,708,2484233,251266,22,13,1.1055555555555556,90.0,-0.6204620462046204,10.0,0.0
38,sPF9OuNmOyc,2023-04-19T09:00:36Z,708,2484397,251280,22,14,1.1069444444444445,164.0,-0.132013201320132,14.0,0.5714285714285714
39,sPF9OuNmOyc,2023-04-19T09:00:36Z,708,2484469,251285,22,15,1.1083333333333334,72.0,-0.7392739273927392,5.0,-0.7142857142857143
