,id,date,duration,views,likes,category_id,hour,update_diff,views_diff,views_diff_scaled,likes_diff,likes_diff_scaled
1,-0Jt5_pGlko,2023-05-02T06:27:33Z,3330,526813,6391,20,1,0.6263888888888889,224.0,0.08368200836820083,1.0,0.0
2,-0Jt5_pGlko,2023-05-02T06:27:33Z,3330,527002,6393,20,2,0.6277777777777778,189.0,-0.20920502092050208,2.0,0.5
3,-0Jt5_pGlko,2023-05-02T06:27:33Z,3330,527223,6395,20,3,0.6291666666666667,221.0,0.058577405857740586,2.0,0.5
4,-0Jt5_pGlko,2023-05-02T06:27:33Z,3330,527440,6395,20,4,0.6305555555555555,217.0,0.02510460251046025,0.0,-0.5
5,-0Jt5_pGlko,2023-05-02T06:27:33Z,3330,527638,6395,20,5,0.6319444444444444,198.0,-0.13389121338912133,0.0,-0.5
6,-0Jt5_pGlko,2023-05-02T06:27:33Z,3330,527860,6395,20,6,0.6333333333333333,222.0,0.06694560669456066,0.0,-0.5
7,-0Jt5_pGlko,2023-05-02T06:27:33Z,3330,527971,6395,20,7,0.6347222222222222,111.0,-0.8619246861924686,0.0,-0.5
8,-0Jt5_pGlko,2023-05-02T06:27:33Z,3330,528076,6396,20,8,0.6361111111111111,105.0,-0.9121338912133892,1.0,0.0
9,-0Jt5_pGlko,2023-05-02T06:27:33Z,3330,528142,6396,20,9,0.6375,66.0,-1.2384937238493723,0.0,-0.5
10,-0Jt5_pGlko,2023-05-02T06:27:33Z,3330,528215,6396,20,10,0.6388888888888888,73.0,-1.1799163179916319,0.0,-0.5
11,-0Jt5_pGlko,2023-05-02T06:27:33Z,3330,528310,6396,20,11,0.6402777777777777,95.0,-0.99581589958159,0.0,-0.5
12,-0Jt5_pGlko,2023-05-02T06:27:33Z,3330,528441,6396,20,12,0.6416666666666667,131.0,-0.694560669456067,0.0,-0.5
13,-0Jt5_pGlko,2023-05-02T06:27:33Z,3330,528574,6396,20,13,0.6430555555555556,133.0,-0.6778242677824268,0.0,-0.5
14,-0Jt5_pGlko,2023-05-02T06:27:33Z,3330,528752,6398,20,14,0.6444444444444445,178.0,-0.301255230125523,2.0,0.5
15,-0Jt5_pGlko,2023-05-02T06:27:33Z,3330,529003,6402,20,15,0.6458333333333334,251.0,0.30962343096234307,4.0,1.5
16,-0Jt5_pGlko,2023-05-02T06:27:33Z,3330,529221,6404,20,16,0.6472222222222223,218.0,0.03347280334728033,2.0,0.5
17,-0Jt5_pGlko,2023-05-02T06:27:33Z,3330,529473,6408,20,17,0.6486111111111111,252.0,0.3179916317991632,4.0,1.5
18,-0Jt5_pGlko,2023-05-02T06:27:33Z,3330,530002,6411,20,18,0.65,529.0,2.6359832635983262,3.0,1.0
19,-0Jt5_pGlko,2023-05-02T06:27:33Z,3330,530535,6413,20,19,0.6513888888888889,533.0,2.6694560669456067,2.0,0.5
20,-0Jt5_pGlko,2023-05-02T06:27:33Z,3330,530751,6415,20,20,0.6527777777777778,216.0,0.016736401673640166,2.0,0.5
21,-0Jt5_pGlko,2023-05-02T06:27:33Z,3330,531232,6415,20,21,0.6541666666666667,481.0,2.2343096234309625,0.0,-0.5
22,-0Jt5_pGlko,2023-05-02T06:27:33Z,3330,531483,6415,20,22,0.6555555555555556,251.0,0.30962343096234307,0.0,-0.5
23,-0Jt5_pGlko,2023-05-02T06:27:33Z,3330,531846,6421,20,23,0.6569444444444444,363.0,1.2468619246861925,6.0,2.5
24,-0Jt5_pGlko,2023-05-02T06:27:33Z,3330,532161,6423,20,0,0.6583333333333333,315.0,0.8451882845188284,2.0,0.5
25,-0Jt5_pGlko,2023-05-02T06:27:33Z,3330,532483,6425,20,1,0.6597222222222222,322.0,0.9037656903765691,2.0,0.5
26,-0Jt5_pGlko,2023-05-02T06:27:33Z,3330,532802,6426,20,2,0.6611111111111111,319.0,0.8786610878661087,1.0,0.0
27,-0Jt5_pGlko,2023-05-02T06:27:33Z,3330,533230,6427,20,3,0.6625,428.0,1.790794979079498,1.0,0.0
28,-0Jt5_pGlko,2023-05-02T06:27:33Z,3330,533480,6428,20,4,0.6638888888888889,250.0,0.301255230125523,1.0,0.0
29,-0Jt5_pGlko,2023-05-02T06:27:33Z,3330,533800,6430,20,5,0.6652777777777777,320.0,0.8870292887029289,2.0,0.5
30,-0Jt5_pGlko,2023-05-02T06:27:33Z,3330,533966,6431,20,6,0.6666666666666666,166.0,-0.401673640167364,1.0,0.0
31,-0Jt5_pGlko,2023-05-02T06:27:33Z,3330,534135,6431,20,7,0.6680555555555555,169.0,-0.37656903765690375,0.0,-0.5
32,-0Jt5_pGlko,2023-05-02T06:27:33Z,3330,534215,6431,20,8,0.6694444444444444,80.0,-1.1213389121338913,0.0,-0.5
33,-0Jt5_pGlko,2023-05-02T06:27:33Z,3330,534291,6431,20,9,0.6708333333333333,76.0,-1.1548117154811715,0.0,-0.5
34,-0Jt5_pGlko,2023-05-02T06:27:33Z,3330,534420,6431,20,10,0.6722222222222223,129.0,-0.7112970711297071,0.0,-0.5
35,-0Jt5_pGlko,2023-05-02T06:27:33Z,3330,534565,6431,20,11,0.6736111111111112,145.0,-0.5774058577405857,0.0,-0.5
36,-0Jt5_pGlko,2023-05-02T06:27:33Z,3330,534692,6432,20,12,0.675,127.0,-0.7280334728033473,1.0,0.0
37,-0Jt5_pGlko,2023-05-02T06:27:33Z,3330,534834,6433,20,13,0.6763888888888889,142.0,-0.602510460251046,1.0,0.0
38,-0Jt5_pGlko,2023-05-02T06:27:33Z,3330,535048,6433,20,14,0.6777777777777778,214.0,0.0,0.0,-0.5
39,-0Jt5_pGlko,2023-05-02T06:27:33Z,3330,535181,6434,20,15,0.6791666666666667,133.0,-0.6778242677824268,1.0,0.0
