,id,date,duration,views,likes,category_id,hour,update_diff,views_diff,views_diff_scaled,likes_diff,likes_diff_scaled
1,Qxkynybvf0M,2023-05-11T09:15:02Z,1716,428227,8624,19,1,0.32222222222222224,617.0,1.0816696914700545,4.0,0.2857142857142857
2,Qxkynybvf0M,2023-05-11T09:15:02Z,1716,428661,8627,19,2,0.3236111111111111,434.0,0.41742286751361163,3.0,0.0
3,Qxkynybvf0M,2023-05-11T09:15:02Z,1716,429094,8629,19,3,0.325,433.0,0.41379310344827586,2.0,-0.2857142857142857
4,Qxkynybvf0M,2023-05-11T09:15:02Z,1716,429419,8631,19,4,0.3263888888888889,325.0,0.021778584392014518,2.0,-0.2857142857142857
5,Qxkynybvf0M,2023-05-11T09:15:02Z,1716,429707,8631,19,5,0.3277777777777778,288.0,-0.11252268602540835,0.0,-0.8571428571428571
6,Qxkynybvf0M,2023-05-11T09:15:02Z,1716,429891,8632,19,6,0.32916666666666666,184.0,-0.4900181488203267,1.0,-0.5714285714285714
7,Qxkynybvf0M,2023-05-11T09:15:02Z,1716,429988,8632,19,7,0.33055555555555555,97.0,-0.8058076225045372,0.0,-0.8571428571428571
8,Qxkynybvf0M,2023-05-11T09:15:02Z,1716,430079,8632,19,8,0.33194444444444443,91.0,-0.8275862068965517,0.0,-0.8571428571428571
9,Qxkynybvf0M,2023-05-11T09:15:02Z,1716,430187,8632,19,9,0.3333333333333333,108.0,-0.7658802177858439,0.0,-0.8571428571428571
10,Qxkynybvf0M,2023-05-11T09:15:02Z,1716,430341,8633,19,10,0.3347222222222222,154.0,-0.5989110707803993,1.0,-0.5714285714285714
11,Qxkynybvf0M,2023-05-11T09:15:02Z,1716,430488,8637,19,11,0.33611111111111114,147.0,-0.6243194192377496,4.0,0.2857142857142857
12,Qxkynybvf0M,2023-05-11T09:15:02Z,1716,430748,8644,19,12,0.3375,260.0,-0.21415607985480944,7.0,1.1428571428571428
13,Qxkynybvf0M,2023-05-11T09:15:02Z,1716,431071,8648,19,13,0.3388888888888889,323.0,0.014519056261343012,4.0,0.2857142857142857
14,Qxkynybvf0M,2023-05-11T09:15:02Z,1716,431422,8653,19,14,0.3402777777777778,351.0,0.1161524500907441,5.0,0.5714285714285714
15,Qxkynybvf0M,2023-05-11T09:15:02Z,1716,431826,8659,19,15,0.3416666666666667,404.0,0.308529945553539,6.0,0.8571428571428571
16,Qxkynybvf0M,2023-05-11T09:15:02Z,1716,432191,8662,19,16,0.34305555555555556,365.0,0.16696914700544466,3.0,0.0
17,Qxkynybvf0M,2023-05-11T09:15:02Z,1716,432510,8666,19,17,0.34444444444444444,319.0,0.0,4.0,0.2857142857142857
18,Qxkynybvf0M,2023-05-11T09:15:02Z,1716,432966,8673,19,18,0.3458333333333333,456.0,0.49727767695099817,7.0,1.1428571428571428
19,Qxkynybvf0M,2023-05-11T09:15:02Z,1716,433472,8675,19,19,0.3472222222222222,506.0,0.6787658802177858,2.0,-0.2857142857142857
20,Qxkynybvf0M,2023-05-11T09:15:02Z,1716,433703,8678,19,20,0.3486111111111111,231.0,-0.3194192377495463,3.0,0.0
21,Qxkynybvf0M,2023-05-11T09:15:02Z,1716,434535,8689,19,21,0.35,832.0,1.8620689655172413,11.0,2.2857142857142856
22,Qxkynybvf0M,2023-05-11T09:15:02Z,1716,435049,8693,19,22,0.35138888888888886,514.0,0.7078039927404719,4.0,0.2857142857142857
23,Qxkynybvf0M,2023-05-11T09:15:02Z,1716,435830,8701,19,23,0.3527777777777778,781.0,1.676950998185118,8.0,1.4285714285714286
24,Qxkynybvf0M,2023-05-11T09:15:02Z,1716,436347,8706,19,0,0.3541666666666667,517.0,0.7186932849364791,5.0,0.5714285714285714
25,Qxkynybvf0M,2023-05-11T09:15:02Z,1716,436949,8709,19,1,0.35555555555555557,602.0,1.0272232304900182,3.0,0.0
26,Qxkynybvf0M,2023-05-11T09:15:02Z,1716,437290,8715,19,2,0.35694444444444445,341.0,0.07985480943738657,6.0,0.8571428571428571
27,Qxkynybvf0M,2023-05-11T09:15:02Z,1716,437833,8720,19,3,0.35833333333333334,543.0,0.8130671506352087,5.0,0.5714285714285714
28,Qxkynybvf0M,2023-05-11T09:15:02Z,1716,438152,8720,19,4,0.3597222222222222,319.0,0.0,0.0,-0.8571428571428571
29,Qxkynybvf0M,2023-05-11T09:15:02Z,1716,438411,8722,19,5,0.3611111111111111,259.0,-0.2177858439201452,2.0,-0.2857142857142857
30,Qxkynybvf0M,2023-05-11T09:15:02Z,1716,438560,8723,19,6,0.3625,149.0,-0.617059891107078,1.0,-0.5714285714285714
31,Qxkynybvf0M,2023-05-11T09:15:02Z,1716,438707,8725,19,7,0.3638888888888889,147.0,-0.6243194192377496,2.0,-0.2857142857142857
32,Qxkynybvf0M,2023-05-11T09:15:02Z,1716,438784,8729,19,8,0.36527777777777776,77.0,-0.8784029038112523,4.0,0.2857142857142857
33,Qxkynybvf0M,2023-05-11T09:15:02Z,1716,438861,8732,19,9,0.36666666666666664,77.0,-0.8784029038112523,3.0,0.0
34,Qxkynybvf0M,2023-05-11T09:15:02Z,1716,439023,8733,19,10,0.3680555555555556,162.0,-0.5698729582577132,1.0,-0.5714285714285714
35,Qxkynybvf0M,2023-05-11T09:15:02Z,1716,439207,8735,19,11,0.36944444444444446,184.0,-0.4900181488203267,2.0,-0.2857142857142857
36,Qxkynybvf0M,2023-05-11T09:15:02Z,1716,439324,8739,19,12,0.37083333333333335,117.0,-0.7332123411978222,4.0,0.2857142857142857
37,Qxkynybvf0M,2023-05-11T09:15:02Z,1716,439545,8745,19,13,0.37222222222222223,221.0,-0.35571687840290384,6.0,0.8571428571428571
38,Qxkynybvf0M,2023-05-11T09:15:02Z,1716,439888,8750,19,14,0.3736111111111111,343.0,0.08711433756805807,5.0,0.5714285714285714
39,Qxkynybvf0M,2023-05-11T09:15:02Z,1716,440061,8751,19,15,0.375,173.0,-0.52994555353902,1.0,-0.5714285714285714
