,id,date,duration,views,likes,category_id,hour,update_diff,views_diff,views_diff_scaled,likes_diff,likes_diff_scaled
1,Qxkynybvf0M,2023-05-11T09:15:02Z,1716,382072,8091,19,16,0.20972222222222223,868.0,0.309727626459144,7.0,0.14285714285714285
2,Qxkynybvf0M,2023-05-11T09:15:02Z,1716,382595,8107,19,17,0.2111111111111111,523.0,-0.2272373540856031,16.0,1.4285714285714286
3,Qxkynybvf0M,2023-05-11T09:15:02Z,1716,383354,8118,19,18,0.2125,759.0,0.14007782101167315,11.0,0.7142857142857143
4,Qxkynybvf0M,2023-05-11T09:15:02Z,1716,383981,8135,19,19,0.21388888888888888,627.0,-0.06536964980544747,17.0,1.5714285714285714
5,Qxkynybvf0M,2023-05-11T09:15:02Z,1716,384729,8144,19,20,0.2152777777777778,748.0,0.12295719844357976,9.0,0.42857142857142855
6,Qxkynybvf0M,2023-05-11T09:15:02Z,1716,385710,8154,19,21,0.21666666666666667,981.0,0.4856031128404669,10.0,0.5714285714285714
7,Qxkynybvf0M,2023-05-11T09:15:02Z,1716,386908,8163,19,22,0.21805555555555556,1198.0,0.8233463035019455,9.0,0.42857142857142855
8,Qxkynybvf0M,2023-05-11T09:15:02Z,1716,388253,8179,19,23,0.21944444444444444,1345.0,1.0521400778210117,16.0,1.4285714285714286
9,Qxkynybvf0M,2023-05-11T09:15:02Z,1716,389358,8187,19,0,0.22083333333333333,1105.0,0.6785992217898833,8.0,0.2857142857142857
10,Qxkynybvf0M,2023-05-11T09:15:02Z,1716,390096,8191,19,1,0.2222222222222222,738.0,0.10739299610894941,4.0,-0.2857142857142857
11,Qxkynybvf0M,2023-05-11T09:15:02Z,1716,391215,8194,19,2,0.22361111111111112,1119.0,0.7003891050583657,3.0,-0.42857142857142855
12,Qxkynybvf0M,2023-05-11T09:15:02Z,1716,393172,8197,19,3,0.225,1957.0,2.004669260700389,3.0,-0.42857142857142855
13,Qxkynybvf0M,2023-05-11T09:15:02Z,1716,394229,8202,19,4,0.2263888888888889,1057.0,0.6038910505836576,5.0,-0.14285714285714285
14,Qxkynybvf0M,2023-05-11T09:15:02Z,1716,395123,8202,19,5,0.22777777777777777,894.0,0.35019455252918286,0.0,-0.8571428571428571
15,Qxkynybvf0M,2023-05-11T09:15:02Z,1716,395358,8203,19,6,0.22916666666666666,235.0,-0.6754863813229572,1.0,-0.7142857142857143
16,Qxkynybvf0M,2023-05-11T09:15:02Z,1716,395512,8204,19,7,0.23055555555555557,154.0,-0.8015564202334631,1.0,-0.7142857142857143
17,Qxkynybvf0M,2023-05-11T09:15:02Z,1716,395625,8209,19,8,0.23194444444444445,113.0,-0.8653696498054475,5.0,-0.14285714285714285
18,Qxkynybvf0M,2023-05-11T09:15:02Z,1716,395835,8212,19,9,0.23333333333333334,210.0,-0.7143968871595331,3.0,-0.42857142857142855
19,Qxkynybvf0M,2023-05-11T09:15:02Z,1716,396118,8218,19,10,0.23472222222222222,283.0,-0.6007782101167315,6.0,0.0
20,Qxkynybvf0M,2023-05-11T09:15:02Z,1716,396394,8224,19,11,0.2361111111111111,276.0,-0.6116731517509728,6.0,0.0
21,Qxkynybvf0M,2023-05-11T09:15:02Z,1716,396667,8228,19,12,0.2375,273.0,-0.6163424124513619,4.0,-0.2857142857142857
22,Qxkynybvf0M,2023-05-11T09:15:02Z,1716,396898,8242,19,13,0.2388888888888889,231.0,-0.6817120622568094,14.0,1.1428571428571428
23,Qxkynybvf0M,2023-05-11T09:15:02Z,1716,397444,8248,19,14,0.24027777777777778,546.0,-0.19143968871595332,6.0,0.0
24,Qxkynybvf0M,2023-05-11T09:15:02Z,1716,397940,8251,19,15,0.24166666666666667,496.0,-0.26926070038910505,3.0,-0.42857142857142855
25,Qxkynybvf0M,2023-05-11T09:15:02Z,1716,398627,8257,19,16,0.24305555555555555,687.0,0.02801556420233463,6.0,0.0
26,Qxkynybvf0M,2023-05-11T09:15:02Z,1716,399001,8266,19,17,0.24444444444444444,374.0,-0.4591439688715953,9.0,0.42857142857142855
27,Qxkynybvf0M,2023-05-11T09:15:02Z,1716,399653,8275,19,18,0.24583333333333332,652.0,-0.026459143968871595,9.0,0.42857142857142855
28,Qxkynybvf0M,2023-05-11T09:15:02Z,1716,400156,8288,19,19,0.24722222222222223,503.0,-0.25836575875486384,13.0,1.0
29,Qxkynybvf0M,2023-05-11T09:15:02Z,1716,401356,8304,19,20,0.24861111111111112,1200.0,0.8264591439688715,16.0,1.4285714285714286
30,Qxkynybvf0M,2023-05-11T09:15:02Z,1716,402181,8315,19,21,0.25,825.0,0.24280155642023346,11.0,0.7142857142857143
31,Qxkynybvf0M,2023-05-11T09:15:02Z,1716,402850,8319,19,22,0.2513888888888889,669.0,0.0,4.0,-0.2857142857142857
32,Qxkynybvf0M,2023-05-11T09:15:02Z,1716,403812,8333,19,23,0.25277777777777777,962.0,0.45603112840466925,14.0,1.1428571428571428
33,Qxkynybvf0M,2023-05-11T09:15:02Z,1716,404735,8344,19,0,0.25416666666666665,923.0,0.3953307392996109,11.0,0.7142857142857143
34,Qxkynybvf0M,2023-05-11T09:15:02Z,1716,405656,8354,19,1,0.25555555555555554,921.0,0.3922178988326848,10.0,0.5714285714285714
35,Qxkynybvf0M,2023-05-11T09:15:02Z,1716,406513,8359,19,2,0.2569444444444444,857.0,0.2926070038910506,5.0,-0.14285714285714285
36,Qxkynybvf0M,2023-05-11T09:15:02Z,1716,407833,8371,19,3,0.25833333333333336,1320.0,1.0132295719844358,12.0,0.8571428571428571
37,Qxkynybvf0M,2023-05-11T09:15:02Z,1716,408465,8374,19,4,0.25972222222222224,632.0,-0.05758754863813229,3.0,-0.42857142857142855
38,Qxkynybvf0M,2023-05-11T09:15:02Z,1716,409134,8374,19,5,0.2611111111111111,669.0,0.0,0.0,-0.8571428571428571
39,Qxkynybvf0M,2023-05-11T09:15:02Z,1716,409294,8376,19,6,0.2625,160.0,-0.7922178988326848,2.0,-0.5714285714285714
40,Qxkynybvf0M,2023-05-11T09:15:02Z,1716,409535,8382,19,7,0.2638888888888889,241.0,-0.666147859922179,6.0,0.0
41,Qxkynybvf0M,2023-05-11T09:15:02Z,1716,409577,8388,19,8,0.2652777777777778,42.0,-0.9758754863813229,6.0,0.0
42,Qxkynybvf0M,2023-05-11T09:15:02Z,1716,409809,8390,19,9,0.26666666666666666,232.0,-0.6801556420233463,2.0,-0.5714285714285714
43,Qxkynybvf0M,2023-05-11T09:15:02Z,1716,410330,8395,19,10,0.26805555555555555,521.0,-0.23035019455252917,5.0,-0.14285714285714285
