,id,date,duration,views,likes,category_id,hour,update_diff,views_diff,views_diff_scaled,likes_diff,likes_diff_scaled
1,WM-q3yIeXxU,2023-05-14T09:00:31Z,734,995909,22848,24,16,0.10972222222222222,3026.0,1.6327433628318584,58.0,2.0
2,WM-q3yIeXxU,2023-05-14T09:00:31Z,734,998335,22884,24,17,0.1111111111111111,2426.0,1.1017699115044248,36.0,0.8108108108108109
3,WM-q3yIeXxU,2023-05-14T09:00:31Z,734,1002220,22937,24,18,0.1125,3885.0,2.392920353982301,53.0,1.7297297297297298
4,WM-q3yIeXxU,2023-05-14T09:00:31Z,734,1005251,22980,24,19,0.11388888888888889,3031.0,1.6371681415929205,43.0,1.1891891891891893
5,WM-q3yIeXxU,2023-05-14T09:00:31Z,734,1008360,23010,24,20,0.11527777777777778,3109.0,1.7061946902654868,30.0,0.4864864864864865
6,WM-q3yIeXxU,2023-05-14T09:00:31Z,734,1011232,23046,24,21,0.11666666666666667,2872.0,1.4964601769911505,36.0,0.8108108108108109
7,WM-q3yIeXxU,2023-05-14T09:00:31Z,734,1013780,23074,24,22,0.11805555555555555,2548.0,1.2097345132743362,28.0,0.3783783783783784
8,WM-q3yIeXxU,2023-05-14T09:00:31Z,734,1016021,23109,24,23,0.11944444444444445,2241.0,0.9380530973451328,35.0,0.7567567567567568
9,WM-q3yIeXxU,2023-05-14T09:00:31Z,734,1018130,23138,24,0,0.12083333333333333,2109.0,0.8212389380530973,29.0,0.43243243243243246
10,WM-q3yIeXxU,2023-05-14T09:00:31Z,734,1019395,23166,24,1,0.12222222222222222,1265.0,0.0743362831858407,28.0,0.3783783783783784
11,WM-q3yIeXxU,2023-05-14T09:00:31Z,734,1021002,23181,24,2,0.12361111111111112,1607.0,0.3769911504424779,15.0,-0.32432432432432434
12,WM-q3yIeXxU,2023-05-14T09:00:31Z,734,1022854,23193,24,3,0.125,1852.0,0.5938053097345133,12.0,-0.4864864864864865
13,WM-q3yIeXxU,2023-05-14T09:00:31Z,734,1024045,23204,24,4,0.12638888888888888,1191.0,0.008849557522123894,11.0,-0.5405405405405406
14,WM-q3yIeXxU,2023-05-14T09:00:31Z,734,1025159,23205,24,5,0.12777777777777777,1114.0,-0.05929203539823009,1.0,-1.0810810810810811
15,WM-q3yIeXxU,2023-05-14T09:00:31Z,734,1025715,23209,24,6,0.12916666666666668,556.0,-0.5530973451327433,4.0,-0.918918918918919
16,WM-q3yIeXxU,2023-05-14T09:00:31Z,734,1026301,23223,24,7,0.13055555555555556,586.0,-0.5265486725663717,14.0,-0.3783783783783784
17,WM-q3yIeXxU,2023-05-14T09:00:31Z,734,1026637,23244,24,8,0.13194444444444445,336.0,-0.7477876106194691,21.0,0.0
18,WM-q3yIeXxU,2023-05-14T09:00:31Z,734,1027721,23274,24,9,0.13333333333333333,1084.0,-0.08584070796460178,30.0,0.4864864864864865
19,WM-q3yIeXxU,2023-05-14T09:00:31Z,734,1029332,23297,24,10,0.13472222222222222,1611.0,0.3805309734513274,23.0,0.10810810810810811
20,WM-q3yIeXxU,2023-05-14T09:00:31Z,734,1030778,23319,24,11,0.1361111111111111,1446.0,0.2345132743362832,22.0,0.05405405405405406
21,WM-q3yIeXxU,2023-05-14T09:00:31Z,734,1031960,23344,24,12,0.1375,1182.0,0.0008849557522123894,25.0,0.21621621621621623
22,WM-q3yIeXxU,2023-05-14T09:00:31Z,734,1032591,23375,24,13,0.1388888888888889,631.0,-0.48672566371681414,31.0,0.5405405405405406
23,WM-q3yIeXxU,2023-05-14T09:00:31Z,734,1034479,23414,24,14,0.14027777777777778,1888.0,0.6256637168141593,39.0,0.972972972972973
24,WM-q3yIeXxU,2023-05-14T09:00:31Z,734,1035794,23434,24,15,0.14166666666666666,1315.0,0.11858407079646018,20.0,-0.05405405405405406
25,WM-q3yIeXxU,2023-05-14T09:00:31Z,734,1037718,23464,24,16,0.14305555555555555,1924.0,0.6575221238938053,30.0,0.4864864864864865
26,WM-q3yIeXxU,2023-05-14T09:00:31Z,734,1038399,23487,24,17,0.14444444444444443,681.0,-0.4424778761061947,23.0,0.10810810810810811
27,WM-q3yIeXxU,2023-05-14T09:00:31Z,734,1039992,23507,24,18,0.14583333333333334,1593.0,0.36460176991150445,20.0,-0.05405405405405406
28,WM-q3yIeXxU,2023-05-14T09:00:31Z,734,1040859,23529,24,19,0.14722222222222223,867.0,-0.2778761061946903,22.0,0.05405405405405406
29,WM-q3yIeXxU,2023-05-14T09:00:31Z,734,1042555,23547,24,20,0.1486111111111111,1696.0,0.4557522123893805,18.0,-0.16216216216216217
30,WM-q3yIeXxU,2023-05-14T09:00:31Z,734,1043736,23553,24,21,0.15,1181.0,0.0,6.0,-0.8108108108108109
31,WM-q3yIeXxU,2023-05-14T09:00:31Z,734,1044412,23566,24,22,0.15138888888888888,676.0,-0.4469026548672566,13.0,-0.43243243243243246
32,WM-q3yIeXxU,2023-05-14T09:00:31Z,734,1045532,23587,24,23,0.1527777777777778,1120.0,-0.05398230088495575,21.0,0.0
33,WM-q3yIeXxU,2023-05-14T09:00:31Z,734,1046570,23598,24,0,0.15416666666666667,1038.0,-0.12654867256637167,11.0,-0.5405405405405406
34,WM-q3yIeXxU,2023-05-14T09:00:31Z,734,1047655,23611,24,1,0.15555555555555556,1085.0,-0.08495575221238938,13.0,-0.43243243243243246
35,WM-q3yIeXxU,2023-05-14T09:00:31Z,734,1048439,23632,24,2,0.15694444444444444,784.0,-0.3513274336283186,21.0,0.0
36,WM-q3yIeXxU,2023-05-14T09:00:31Z,734,1049547,23643,24,3,0.15833333333333333,1108.0,-0.06460176991150443,11.0,-0.5405405405405406
37,WM-q3yIeXxU,2023-05-14T09:00:31Z,734,1050243,23650,24,4,0.1597222222222222,696.0,-0.42920353982300885,7.0,-0.7567567567567568
38,WM-q3yIeXxU,2023-05-14T09:00:31Z,734,1051380,23653,24,5,0.16111111111111112,1137.0,-0.03893805309734513,3.0,-0.972972972972973
39,WM-q3yIeXxU,2023-05-14T09:00:31Z,734,1051785,23656,24,6,0.1625,405.0,-0.6867256637168142,3.0,-0.972972972972973
40,WM-q3yIeXxU,2023-05-14T09:00:31Z,734,1052318,23659,24,7,0.1638888888888889,533.0,-0.5734513274336284,3.0,-0.972972972972973
41,WM-q3yIeXxU,2023-05-14T09:00:31Z,734,1052421,23666,24,8,0.16527777777777777,103.0,-0.9539823008849557,7.0,-0.7567567567567568
42,WM-q3yIeXxU,2023-05-14T09:00:31Z,734,1053058,23672,24,9,0.16666666666666666,637.0,-0.4814159292035398,6.0,-0.8108108108108109
43,WM-q3yIeXxU,2023-05-14T09:00:31Z,734,1053995,23675,24,10,0.16805555555555557,937.0,-0.215929203539823,3.0,-0.972972972972973
