,id,date,duration,views,likes,category_id,hour,update_diff,views_diff,views_diff_scaled,likes_diff,likes_diff_scaled
1,U-jyBrAR_nk,2023-05-15T12:55:13Z,2093,57724,1357,20,16,0.07083333333333333,284.0,0.4731182795698925,3.0,0.2857142857142857
2,U-jyBrAR_nk,2023-05-15T12:55:13Z,2093,57879,1362,20,17,0.07222222222222222,155.0,-0.45161290322580644,5.0,0.8571428571428571
3,U-jyBrAR_nk,2023-05-15T12:55:13Z,2093,58181,1367,20,18,0.07361111111111111,302.0,0.6021505376344086,5.0,0.8571428571428571
4,U-jyBrAR_nk,2023-05-15T12:55:13Z,2093,58437,1373,20,19,0.075,256.0,0.2724014336917563,6.0,1.1428571428571428
5,U-jyBrAR_nk,2023-05-15T12:55:13Z,2093,58726,1379,20,20,0.0763888888888889,289.0,0.5089605734767025,6.0,1.1428571428571428
6,U-jyBrAR_nk,2023-05-15T12:55:13Z,2093,59082,1382,20,21,0.07777777777777778,356.0,0.989247311827957,3.0,0.2857142857142857
7,U-jyBrAR_nk,2023-05-15T12:55:13Z,2093,59443,1384,20,22,0.07916666666666666,361.0,1.025089605734767,2.0,0.0
8,U-jyBrAR_nk,2023-05-15T12:55:13Z,2093,59737,1390,20,23,0.08055555555555556,294.0,0.5448028673835126,6.0,1.1428571428571428
9,U-jyBrAR_nk,2023-05-15T12:55:13Z,2093,59982,1390,20,0,0.08194444444444444,245.0,0.1935483870967742,0.0,-0.5714285714285714
10,U-jyBrAR_nk,2023-05-15T12:55:13Z,2093,60133,1395,20,1,0.08333333333333333,151.0,-0.48028673835125446,5.0,0.8571428571428571
11,U-jyBrAR_nk,2023-05-15T12:55:13Z,2093,60355,1397,20,2,0.08472222222222223,222.0,0.02867383512544803,2.0,0.0
12,U-jyBrAR_nk,2023-05-15T12:55:13Z,2093,60651,1398,20,3,0.08611111111111111,296.0,0.5591397849462365,1.0,-0.2857142857142857
13,U-jyBrAR_nk,2023-05-15T12:55:13Z,2093,60871,1400,20,4,0.0875,220.0,0.014336917562724014,2.0,0.0
14,U-jyBrAR_nk,2023-05-15T12:55:13Z,2093,61104,1402,20,5,0.08888888888888889,233.0,0.10752688172043011,2.0,0.0
15,U-jyBrAR_nk,2023-05-15T12:55:13Z,2093,61249,1403,20,6,0.09027777777777778,145.0,-0.5232974910394266,1.0,-0.2857142857142857
16,U-jyBrAR_nk,2023-05-15T12:55:13Z,2093,61349,1403,20,7,0.09166666666666666,100.0,-0.8458781362007168,0.0,-0.5714285714285714
17,U-jyBrAR_nk,2023-05-15T12:55:13Z,2093,61404,1405,20,8,0.09305555555555556,55.0,-1.168458781362007,2.0,0.0
18,U-jyBrAR_nk,2023-05-15T12:55:13Z,2093,61490,1408,20,9,0.09444444444444444,86.0,-0.946236559139785,3.0,0.2857142857142857
19,U-jyBrAR_nk,2023-05-15T12:55:13Z,2093,61593,1411,20,10,0.09583333333333334,103.0,-0.8243727598566308,3.0,0.2857142857142857
20,U-jyBrAR_nk,2023-05-15T12:55:13Z,2093,61706,1412,20,11,0.09722222222222222,113.0,-0.7526881720430108,1.0,-0.2857142857142857
21,U-jyBrAR_nk,2023-05-15T12:55:13Z,2093,61801,1416,20,12,0.09861111111111111,95.0,-0.8817204301075269,4.0,0.5714285714285714
22,U-jyBrAR_nk,2023-05-15T12:55:13Z,2093,61868,1419,20,13,0.1,67.0,-1.082437275985663,3.0,0.2857142857142857
23,U-jyBrAR_nk,2023-05-15T12:55:13Z,2093,62130,1426,20,14,0.10138888888888889,262.0,0.3154121863799283,7.0,1.4285714285714286
24,U-jyBrAR_nk,2023-05-15T12:55:13Z,2093,62341,1433,20,15,0.10277777777777777,211.0,-0.05017921146953405,7.0,1.4285714285714286
25,U-jyBrAR_nk,2023-05-15T12:55:13Z,2093,62676,1435,20,16,0.10416666666666667,335.0,0.8387096774193549,2.0,0.0
26,U-jyBrAR_nk,2023-05-15T12:55:13Z,2093,62846,1439,20,17,0.10555555555555556,170.0,-0.34408602150537637,4.0,0.5714285714285714
27,U-jyBrAR_nk,2023-05-15T12:55:13Z,2093,63132,1448,20,18,0.10694444444444444,286.0,0.4874551971326165,9.0,2.0
28,U-jyBrAR_nk,2023-05-15T12:55:13Z,2093,63286,1452,20,19,0.10833333333333334,154.0,-0.45878136200716846,4.0,0.5714285714285714
29,U-jyBrAR_nk,2023-05-15T12:55:13Z,2093,63604,1456,20,20,0.10972222222222222,318.0,0.7168458781362007,4.0,0.5714285714285714
30,U-jyBrAR_nk,2023-05-15T12:55:13Z,2093,63851,1463,20,21,0.1111111111111111,247.0,0.2078853046594982,7.0,1.4285714285714286
31,U-jyBrAR_nk,2023-05-15T12:55:13Z,2093,64050,1470,20,22,0.1125,199.0,-0.13620071684587814,7.0,1.4285714285714286
32,U-jyBrAR_nk,2023-05-15T12:55:13Z,2093,64402,1471,20,23,0.11388888888888889,352.0,0.9605734767025089,1.0,-0.2857142857142857
33,U-jyBrAR_nk,2023-05-15T12:55:13Z,2093,64744,1473,20,0,0.11527777777777778,342.0,0.8888888888888888,2.0,0.0
34,U-jyBrAR_nk,2023-05-15T12:55:13Z,2093,65067,1475,20,1,0.11666666666666667,323.0,0.7526881720430108,2.0,0.0
35,U-jyBrAR_nk,2023-05-15T12:55:13Z,2093,65254,1477,20,2,0.11805555555555555,187.0,-0.2222222222222222,2.0,0.0
36,U-jyBrAR_nk,2023-05-15T12:55:13Z,2093,65472,1481,20,3,0.11944444444444445,218.0,0.0,4.0,0.5714285714285714
37,U-jyBrAR_nk,2023-05-15T12:55:13Z,2093,65616,1481,20,4,0.12083333333333333,144.0,-0.5304659498207885,0.0,-0.5714285714285714
38,U-jyBrAR_nk,2023-05-15T12:55:13Z,2093,65903,1482,20,5,0.12222222222222222,287.0,0.4946236559139785,1.0,-0.2857142857142857
39,U-jyBrAR_nk,2023-05-15T12:55:13Z,2093,66049,1483,20,6,0.12361111111111112,146.0,-0.5161290322580645,1.0,-0.2857142857142857
40,U-jyBrAR_nk,2023-05-15T12:55:13Z,2093,66206,1484,20,7,0.125,157.0,-0.43727598566308246,1.0,-0.2857142857142857
41,U-jyBrAR_nk,2023-05-15T12:55:13Z,2093,66208,1485,20,8,0.12638888888888888,2.0,-1.5483870967741935,1.0,-0.2857142857142857
42,U-jyBrAR_nk,2023-05-15T12:55:13Z,2093,66363,1486,20,9,0.12777777777777777,155.0,-0.45161290322580644,1.0,-0.2857142857142857
43,U-jyBrAR_nk,2023-05-15T12:55:13Z,2093,66532,1488,20,10,0.12916666666666668,169.0,-0.35125448028673834,2.0,0.0
