,id,date,duration,views,likes,category_id,hour,update_diff,views_diff,views_diff_scaled,likes_diff,likes_diff_scaled
1,GYPX6mj0CMA,2023-05-17T17:20:51Z,586,311025,11433,20,1,0.1111111111111111,1658.0,1.2178362573099415,29.0,0.8571428571428571
2,GYPX6mj0CMA,2023-05-17T17:20:51Z,586,312112,11457,20,2,0.1125,1087.0,0.3830409356725146,24.0,0.5714285714285714
3,GYPX6mj0CMA,2023-05-17T17:20:51Z,586,313352,11470,20,3,0.11388888888888889,1240.0,0.6067251461988304,13.0,-0.05714285714285714
4,GYPX6mj0CMA,2023-05-17T17:20:51Z,586,314533,11485,20,4,0.11527777777777778,1181.0,0.52046783625731,15.0,0.05714285714285714
5,GYPX6mj0CMA,2023-05-17T17:20:51Z,586,315615,11490,20,5,0.11666666666666667,1082.0,0.3757309941520468,5.0,-0.5142857142857142
6,GYPX6mj0CMA,2023-05-17T17:20:51Z,586,316440,11502,20,6,0.11805555555555555,825.0,0.0,12.0,-0.11428571428571428
7,GYPX6mj0CMA,2023-05-17T17:20:51Z,586,316937,11503,20,7,0.11944444444444445,497.0,-0.47953216374269003,1.0,-0.7428571428571429
8,GYPX6mj0CMA,2023-05-17T17:20:51Z,586,317330,11509,20,8,0.12083333333333333,393.0,-0.631578947368421,6.0,-0.45714285714285713
9,GYPX6mj0CMA,2023-05-17T17:20:51Z,586,317531,11516,20,9,0.12222222222222222,201.0,-0.9122807017543859,7.0,-0.4
10,GYPX6mj0CMA,2023-05-17T17:20:51Z,586,317860,11531,20,10,0.12361111111111112,329.0,-0.7251461988304093,15.0,0.05714285714285714
11,GYPX6mj0CMA,2023-05-17T17:20:51Z,586,318343,11567,20,11,0.125,483.0,-0.5,36.0,1.2571428571428571
12,GYPX6mj0CMA,2023-05-17T17:20:51Z,586,319100,11601,20,12,0.12638888888888888,757.0,-0.09941520467836257,34.0,1.1428571428571428
13,GYPX6mj0CMA,2023-05-17T17:20:51Z,586,320057,11634,20,13,0.12777777777777777,957.0,0.19298245614035087,33.0,1.0857142857142856
14,GYPX6mj0CMA,2023-05-17T17:20:51Z,586,321229,11667,20,14,0.12916666666666668,1172.0,0.5073099415204678,33.0,1.0857142857142856
15,GYPX6mj0CMA,2023-05-17T17:20:51Z,586,322798,11698,20,15,0.13055555555555556,1569.0,1.087719298245614,31.0,0.9714285714285714
16,GYPX6mj0CMA,2023-05-17T17:20:51Z,586,323965,11723,20,16,0.13194444444444445,1167.0,0.5,25.0,0.6285714285714286
17,GYPX6mj0CMA,2023-05-17T17:20:51Z,586,324966,11755,20,17,0.13333333333333333,1001.0,0.2573099415204678,32.0,1.0285714285714285
18,GYPX6mj0CMA,2023-05-17T17:20:51Z,586,326401,11769,20,18,0.13472222222222222,1435.0,0.8918128654970761,14.0,0.0
19,GYPX6mj0CMA,2023-05-17T17:20:51Z,586,327821,11798,20,19,0.1361111111111111,1420.0,0.8698830409356725,29.0,0.8571428571428571
20,GYPX6mj0CMA,2023-05-17T17:20:51Z,586,328419,11830,20,20,0.1375,598.0,-0.33187134502923976,32.0,1.0285714285714285
21,GYPX6mj0CMA,2023-05-17T17:20:51Z,586,330092,11850,20,21,0.1388888888888889,1673.0,1.239766081871345,20.0,0.34285714285714286
22,GYPX6mj0CMA,2023-05-17T17:20:51Z,586,330995,11866,20,22,0.14027777777777778,903.0,0.11403508771929824,16.0,0.11428571428571428
23,GYPX6mj0CMA,2023-05-17T17:20:51Z,586,332421,11883,20,23,0.14166666666666666,1426.0,0.8786549707602339,17.0,0.17142857142857143
24,GYPX6mj0CMA,2023-05-17T17:20:51Z,586,333281,11907,20,0,0.14305555555555555,860.0,0.05116959064327485,24.0,0.5714285714285714
25,GYPX6mj0CMA,2023-05-17T17:20:51Z,586,334295,11922,20,1,0.14444444444444443,1014.0,0.27631578947368424,15.0,0.05714285714285714
26,GYPX6mj0CMA,2023-05-17T17:20:51Z,586,335030,11939,20,2,0.14583333333333334,735.0,-0.13157894736842105,17.0,0.17142857142857143
27,GYPX6mj0CMA,2023-05-17T17:20:51Z,586,336099,11946,20,3,0.14722222222222223,1069.0,0.3567251461988304,7.0,-0.4
28,GYPX6mj0CMA,2023-05-17T17:20:51Z,586,336894,11956,20,4,0.1486111111111111,795.0,-0.043859649122807015,10.0,-0.22857142857142856
29,GYPX6mj0CMA,2023-05-17T17:20:51Z,586,337781,11959,20,5,0.15,887.0,0.09064327485380116,3.0,-0.6285714285714286
30,GYPX6mj0CMA,2023-05-17T17:20:51Z,586,338226,11967,20,6,0.15138888888888888,445.0,-0.5555555555555556,8.0,-0.34285714285714286
31,GYPX6mj0CMA,2023-05-17T17:20:51Z,586,338667,11971,20,7,0.1527777777777778,441.0,-0.5614035087719298,4.0,-0.5714285714285714
32,GYPX6mj0CMA,2023-05-17T17:20:51Z,586,338873,11976,20,8,0.15416666666666667,206.0,-0.9049707602339181,5.0,-0.5142857142857142
33,GYPX6mj0CMA,2023-05-17T17:20:51Z,586,339022,11984,20,9,0.15555555555555556,149.0,-0.9883040935672515,8.0,-0.34285714285714286
34,GYPX6mj0CMA,2023-05-17T17:20:51Z,586,339493,11989,20,10,0.15694444444444444,471.0,-0.5175438596491229,5.0,-0.5142857142857142
35,GYPX6mj0CMA,2023-05-17T17:20:51Z,586,339891,11998,20,11,0.15833333333333333,398.0,-0.6242690058479532,9.0,-0.2857142857142857
36,GYPX6mj0CMA,2023-05-17T17:20:51Z,586,340170,12008,20,12,0.1597222222222222,279.0,-0.7982456140350878,10.0,-0.22857142857142856
37,GYPX6mj0CMA,2023-05-17T17:20:51Z,586,340559,12015,20,13,0.16111111111111112,389.0,-0.6374269005847953,7.0,-0.4
38,GYPX6mj0CMA,2023-05-17T17:20:51Z,586,341071,12028,20,14,0.1625,512.0,-0.45760233918128657,13.0,-0.05714285714285714
39,GYPX6mj0CMA,2023-05-17T17:20:51Z,586,341358,12034,20,15,0.1638888888888889,287.0,-0.7865497076023392,6.0,-0.45714285714285713
