,id,date,duration,views,likes,category_id,hour,update_diff,views_diff,views_diff_scaled,likes_diff,likes_diff_scaled
1,SCH2kUkbWvU,2023-05-13T03:00:24Z,647,56482,2119,26,1,0.2638888888888889,136.0,0.875,7.0,1.6
2,SCH2kUkbWvU,2023-05-13T03:00:24Z,647,56614,2122,26,2,0.2652777777777778,132.0,0.8125,3.0,0.0
3,SCH2kUkbWvU,2023-05-13T03:00:24Z,647,56757,2127,26,3,0.26666666666666666,143.0,0.984375,5.0,0.8
4,SCH2kUkbWvU,2023-05-13T03:00:24Z,647,56888,2129,26,4,0.26805555555555555,131.0,0.796875,2.0,-0.4
5,SCH2kUkbWvU,2023-05-13T03:00:24Z,647,57009,2130,26,5,0.26944444444444443,121.0,0.640625,1.0,-0.8
6,SCH2kUkbWvU,2023-05-13T03:00:24Z,647,57109,2130,26,6,0.2708333333333333,100.0,0.3125,0.0,-1.2
7,SCH2kUkbWvU,2023-05-13T03:00:24Z,647,57164,2131,26,7,0.2722222222222222,55.0,-0.390625,1.0,-0.8
8,SCH2kUkbWvU,2023-05-13T03:00:24Z,647,57229,2134,26,8,0.27361111111111114,65.0,-0.234375,3.0,0.0
9,SCH2kUkbWvU,2023-05-13T03:00:24Z,647,57277,2136,26,9,0.275,48.0,-0.5,2.0,-0.4
10,SCH2kUkbWvU,2023-05-13T03:00:24Z,647,57355,2136,26,10,0.2763888888888889,78.0,-0.03125,0.0,-1.2
11,SCH2kUkbWvU,2023-05-13T03:00:24Z,647,57411,2140,26,11,0.2777777777777778,56.0,-0.375,4.0,0.4
12,SCH2kUkbWvU,2023-05-13T03:00:24Z,647,57499,2142,26,12,0.2791666666666667,88.0,0.125,2.0,-0.4
13,SCH2kUkbWvU,2023-05-13T03:00:24Z,647,57579,2148,26,13,0.28055555555555556,80.0,0.0,6.0,1.2
14,SCH2kUkbWvU,2023-05-13T03:00:24Z,647,57674,2149,26,14,0.28194444444444444,95.0,0.234375,1.0,-0.8
15,SCH2kUkbWvU,2023-05-13T03:00:24Z,647,57784,2153,26,15,0.2833333333333333,110.0,0.46875,4.0,0.4
16,SCH2kUkbWvU,2023-05-13T03:00:24Z,647,57851,2152,26,16,0.2847222222222222,67.0,-0.203125,-1.0,-1.6
17,SCH2kUkbWvU,2023-05-13T03:00:24Z,647,57933,2155,26,17,0.2861111111111111,82.0,0.03125,3.0,0.0
18,SCH2kUkbWvU,2023-05-13T03:00:24Z,647,58011,2159,26,18,0.2875,78.0,-0.03125,4.0,0.4
19,SCH2kUkbWvU,2023-05-13T03:00:24Z,647,58119,2162,26,19,0.28888888888888886,108.0,0.4375,3.0,0.0
20,SCH2kUkbWvU,2023-05-13T03:00:24Z,647,58162,2165,26,20,0.2902777777777778,43.0,-0.578125,3.0,0.0
21,SCH2kUkbWvU,2023-05-13T03:00:24Z,647,58281,2167,26,21,0.2916666666666667,119.0,0.609375,2.0,-0.4
22,SCH2kUkbWvU,2023-05-13T03:00:24Z,647,58359,2171,26,22,0.29305555555555557,78.0,-0.03125,4.0,0.4
23,SCH2kUkbWvU,2023-05-13T03:00:24Z,647,58518,2176,26,23,0.29444444444444445,159.0,1.234375,5.0,0.8
24,SCH2kUkbWvU,2023-05-13T03:00:24Z,647,58643,2183,26,0,0.29583333333333334,125.0,0.703125,7.0,1.6
25,SCH2kUkbWvU,2023-05-13T03:00:24Z,647,58790,2188,26,1,0.2972222222222222,147.0,1.046875,5.0,0.8
26,SCH2kUkbWvU,2023-05-13T03:00:24Z,647,58931,2190,26,2,0.2986111111111111,141.0,0.953125,2.0,-0.4
27,SCH2kUkbWvU,2023-05-13T03:00:24Z,647,59083,2194,26,3,0.3,152.0,1.125,4.0,0.4
28,SCH2kUkbWvU,2023-05-13T03:00:24Z,647,59177,2195,26,4,0.3013888888888889,94.0,0.21875,1.0,-0.8
29,SCH2kUkbWvU,2023-05-13T03:00:24Z,647,59269,2198,26,5,0.30277777777777776,92.0,0.1875,3.0,0.0
30,SCH2kUkbWvU,2023-05-13T03:00:24Z,647,59309,2199,26,6,0.30416666666666664,40.0,-0.625,1.0,-0.8
31,SCH2kUkbWvU,2023-05-13T03:00:24Z,647,59352,2199,26,7,0.3055555555555556,43.0,-0.578125,0.0,-1.2
32,SCH2kUkbWvU,2023-05-13T03:00:24Z,647,59390,2202,26,8,0.30694444444444446,38.0,-0.65625,3.0,0.0
33,SCH2kUkbWvU,2023-05-13T03:00:24Z,647,59418,2204,26,9,0.30833333333333335,28.0,-0.8125,2.0,-0.4
34,SCH2kUkbWvU,2023-05-13T03:00:24Z,647,59481,2206,26,10,0.30972222222222223,63.0,-0.265625,2.0,-0.4
35,SCH2kUkbWvU,2023-05-13T03:00:24Z,647,59551,2211,26,11,0.3111111111111111,70.0,-0.15625,5.0,0.8
36,SCH2kUkbWvU,2023-05-13T03:00:24Z,647,59590,2216,26,12,0.3125,39.0,-0.640625,5.0,0.8
37,SCH2kUkbWvU,2023-05-13T03:00:24Z,647,59646,2217,26,13,0.3138888888888889,56.0,-0.375,1.0,-0.8
38,SCH2kUkbWvU,2023-05-13T03:00:24Z,647,59717,2220,26,14,0.31527777777777777,71.0,-0.140625,3.0,0.0
39,SCH2kUkbWvU,2023-05-13T03:00:24Z,647,59745,2223,26,15,0.31666666666666665,28.0,-0.8125,3.0,0.0
