,id,date,duration,views,likes,category_id,hour,update_diff,views_diff,views_diff_scaled,likes_diff,likes_diff_scaled
1,3xoVnO1CW5w,2023-05-16T09:37:11Z,833,604800,12328,24,0,0.1527777777777778,-499794.0,-0.017875166750735496,-5916.0,-0.016439299393209105
2,lGx4jgWgRu4,2023-05-09T09:37:10Z,1218,1106105,18263,24,1,0.3875,501305.0,1.007439195192458,5935.0,1.003571889658734
3,3xoVnO1CW5w,2023-05-16T09:37:11Z,833,608570,12354,24,1,0.15416666666666667,-497535.0,-0.015561524300159005,-5909.0,-0.015836811980892544
4,lGx4jgWgRu4,2023-05-09T09:37:10Z,1218,1107404,18269,24,2,0.3888888888888889,498834.0,1.0049084247208446,5915.0,1.0018504970521152
5,3xoVnO1CW5w,2023-05-16T09:37:11Z,833,611924,12372,24,2,0.15555555555555556,-495480.0,-0.013456816360391548,-5897.0,-0.014803976416921289
6,lGx4jgWgRu4,2023-05-09T09:37:10Z,1218,1108772,18273,24,3,0.3902777777777778,496848.0,1.002874385806792,5901.0,1.000645522227482
7,3xoVnO1CW5w,2023-05-16T09:37:11Z,833,614862,12389,24,3,0.15694444444444444,-493910.0,-0.01184883997818478,-5884.0,-0.013685071222619099
8,lGx4jgWgRu4,2023-05-09T09:37:10Z,1218,1109801,18280,24,4,0.39166666666666666,494939.0,1.0009192094286818,5891.0,0.9997848259241726
9,3xoVnO1CW5w,2023-05-16T09:37:11Z,833,617262,12392,24,4,0.15833333333333333,-492539.0,-0.010444677162894664,-5888.0,-0.01402934974394285
10,lGx4jgWgRu4,2023-05-09T09:37:10Z,1218,1110560,18285,24,5,0.39305555555555555,493298.0,0.9992385156432033,5893.0,0.9999569651848346
11,3xoVnO1CW5w,2023-05-16T09:37:11Z,833,619262,12396,24,5,0.1597222222222222,-491298.0,-0.009173658888806386,-5889.0,-0.014115419374273788
12,lGx4jgWgRu4,2023-05-09T09:37:10Z,1218,1111102,18291,24,6,0.39444444444444443,491840.0,0.9977452484041859,5895.0,1.0001291044454963
13,3xoVnO1CW5w,2023-05-16T09:37:11Z,833,620491,12400,24,6,0.16111111111111112,-490611.0,-0.008470041197993614,-5891.0,-0.014287558634935664
14,lGx4jgWgRu4,2023-05-09T09:37:10Z,1218,1111455,18295,24,7,0.3958333333333333,490964.0,0.9968480590342412,5895.0,1.0001291044454963
15,3xoVnO1CW5w,2023-05-16T09:37:11Z,833,621196,12407,24,7,0.1625,-490259.0,-0.008109526747970186,-5888.0,-0.01402934974394285
16,lGx4jgWgRu4,2023-05-09T09:37:10Z,1218,1111916,18300,24,8,0.3972222222222222,490720.0,0.9965981569722931,5893.0,0.9999569651848346
17,3xoVnO1CW5w,2023-05-16T09:37:11Z,833,621939,12418,24,8,0.1638888888888889,-489977.0,-0.007820705512440053,-5882.0,-0.013512931961957223
18,lGx4jgWgRu4,2023-05-09T09:37:10Z,1218,1112402,18310,24,9,0.39861111111111114,490463.0,0.9963349404562248,5892.0,0.9998708955545036
19,3xoVnO1CW5w,2023-05-16T09:37:11Z,833,622522,12425,24,9,0.16527777777777777,-489880.0,-0.007721359200927915,-5885.0,-0.013771140852950036
20,lGx4jgWgRu4,2023-05-09T09:37:10Z,1218,1112977,18320,24,10,0.4,490455.0,0.9963267469459971,5895.0,1.0001291044454963
21,3xoVnO1CW5w,2023-05-16T09:37:11Z,833,623333,12437,24,10,0.16666666666666666,-489644.0,-0.007479650649207662,-5883.0,-0.01359900159228816
22,lGx4jgWgRu4,2023-05-09T09:37:10Z,1218,1113779,18332,24,11,0.4013888888888889,490446.0,0.9963175292469908,5895.0,1.0001291044454963
23,3xoVnO1CW5w,2023-05-16T09:37:11Z,833,624389,12449,24,11,0.16805555555555557,-489390.0,-0.0072195066994748475,-5883.0,-0.01359900159228816
24,lGx4jgWgRu4,2023-05-09T09:37:10Z,1218,1114833,18335,24,12,0.4027777777777778,490444.0,0.9963154808694339,5886.0,0.999354477772518
25,3xoVnO1CW5w,2023-05-16T09:37:11Z,833,625774,12468,24,12,0.16944444444444445,-489059.0,-0.006880500213799407,-5867.0,-0.012221887506993158
26,lGx4jgWgRu4,2023-05-09T09:37:10Z,1218,1116038,18342,24,13,0.4041666666666667,490264.0,0.9961311268893083,5874.0,0.9983216422085467
27,3xoVnO1CW5w,2023-05-16T09:37:11Z,833,627102,12489,24,13,0.17083333333333334,-488936.0,-0.0067545249940469025,-5853.0,-0.01101691268236003
28,lGx4jgWgRu4,2023-05-09T09:37:10Z,1218,1117194,18353,24,14,0.40555555555555556,490092.0,0.9959549664194104,5864.0,0.9974609459052374
29,3xoVnO1CW5w,2023-05-16T09:37:11Z,833,628364,12511,24,14,0.17222222222222222,-488830.0,-0.006645960983528484,-5842.0,-0.010070146748719715
30,lGx4jgWgRu4,2023-05-09T09:37:10Z,1218,1118612,18359,24,15,0.40694444444444444,490248.0,0.9961147398688526,5848.0,0.9960838318199423
31,3xoVnO1CW5w,2023-05-16T09:37:11Z,833,630268,12528,24,15,0.1736111111111111,-488344.0,-0.006148205237189319,-5831.0,-0.009123380815079398
32,lGx4jgWgRu4,2023-05-09T09:37:10Z,1218,1119509,18373,24,16,0.4083333333333333,489241.0,0.9950833817689276,5845.0,0.9958256229289495
33,3xoVnO1CW5w,2023-05-16T09:37:11Z,833,631458,12548,24,16,0.175,-488051.0,-0.005848117925095954,-5825.0,-0.008606963033093773
34,lGx4jgWgRu4,2023-05-09T09:37:10Z,1218,1120405,18388,24,17,0.4097222222222222,488947.0,0.9947822702680558,5840.0,0.9953952747772948
35,3xoVnO1CW5w,2023-05-16T09:37:11Z,833,632820,12568,24,17,0.1763888888888889,-487585.0,-0.005370845954326301,-5820.0,-0.008176614881439084
36,lGx4jgWgRu4,2023-05-09T09:37:10Z,1218,1121606,18406,24,18,0.4111111111111111,488786.0,0.9946173758747212,5838.0,0.995223135516633
37,3xoVnO1CW5w,2023-05-16T09:37:11Z,833,634517,12595,24,18,0.17777777777777778,-487089.0,-0.00486284832020238,-5811.0,-0.0074019882084606445
38,lGx4jgWgRu4,2023-05-09T09:37:10Z,1218,1122984,18424,24,19,0.4125,488467.0,0.9942906596543875,5829.0,0.9944485088436545
39,3xoVnO1CW5w,2023-05-16T09:37:11Z,833,636432,12622,24,19,0.17916666666666667,-486552.0,-0.004312858946160956,-5802.0,-0.0066273615354822055
40,lGx4jgWgRu4,2023-05-09T09:37:10Z,1218,1123846,18437,24,20,0.41388888888888886,487414.0,0.9932121888706527,5815.0,0.9932435340190214
41,3xoVnO1CW5w,2023-05-16T09:37:11Z,833,637408,12638,24,20,0.18055555555555555,-486438.0,-0.004196101425414733,-5799.0,-0.006369152644489392
42,lGx4jgWgRu4,2023-05-09T09:37:10Z,1218,1127278,18459,24,21,0.4152777777777778,489870.0,0.9957275965105888,5821.0,0.9937599518010071
43,3xoVnO1CW5w,2023-05-16T09:37:11Z,833,640287,12664,24,21,0.18194444444444444,-486991.0,-0.004762477819911766,-5795.0,-0.006024874123165641
44,lGx4jgWgRu4,2023-05-09T09:37:10Z,1218,1129478,18469,24,22,0.4166666666666667,489191.0,0.9950321723300039,5805.0,0.992382837715712
45,3xoVnO1CW5w,2023-05-16T09:37:11Z,833,642154,12693,24,22,0.18333333333333332,-487324.0,-0.005103532683144157,-5776.0,-0.004389551146877824
46,lGx4jgWgRu4,2023-05-09T09:37:10Z,1218,1132153,18489,24,23,0.41805555555555557,489999.0,0.9958597168630122,5796.0,0.9916082110427336
47,3xoVnO1CW5w,2023-05-16T09:37:11Z,833,644710,12714,24,23,0.18472222222222223,-487443.0,-0.005225411147782759,-5775.0,-0.0043034815165468865
48,lGx4jgWgRu4,2023-05-09T09:37:10Z,1218,1133712,18499,24,0,0.41944444444444445,489002.0,0.9948386006508719,5785.0,0.9906614451090933
49,3xoVnO1CW5w,2023-05-16T09:37:11Z,833,646261,12732,24,0,0.18611111111111112,-487451.0,-0.005233604658010565,-5767.0,-0.0036149244738993844
50,lGx4jgWgRu4,2023-05-09T09:37:10Z,1218,1135257,18509,24,1,0.42083333333333334,488996.0,0.9948324555182011,5777.0,0.9899728880664458
51,3xoVnO1CW5w,2023-05-16T09:37:11Z,833,647944,12752,24,1,0.1875,-487313.0,-0.005092266606580925,-5757.0,-0.0027542281705900075
52,lGx4jgWgRu4,2023-05-09T09:37:10Z,1218,1136560,18512,24,2,0.4222222222222222,488616.0,0.9944432637823803,5760.0,0.9885097043508199
53,3xoVnO1CW5w,2023-05-16T09:37:11Z,833,649463,12769,24,2,0.18888888888888888,-487097.0,-0.004871041830430185,-5743.0,-0.001549253345956879
54,lGx4jgWgRu4,2023-05-09T09:37:10Z,1218,1138018,18515,24,3,0.4236111111111111,488555.0,0.9943807882668934,5746.0,0.9873047295261866
55,3xoVnO1CW5w,2023-05-16T09:37:11Z,833,651929,12773,24,3,0.19027777777777777,-486089.0,-0.003838659541726731,-5742.0,-0.0014631837156259414
56,lGx4jgWgRu4,2023-05-09T09:37:10Z,1218,1138834,18523,24,4,0.425,486905.0,0.9926908767824085,5750.0,0.9876490080475104
57,3xoVnO1CW5w,2023-05-16T09:37:11Z,833,653725,12775,24,4,0.19166666666666668,-485109.0,-0.0028349545388205956,-5748.0,-0.001979601497611568
58,lGx4jgWgRu4,2023-05-09T09:37:10Z,1218,1139579,18529,24,5,0.4263888888888889,485854.0,0.9916144543762306,5754.0,0.9879932865688342
59,3xoVnO1CW5w,2023-05-16T09:37:11Z,833,655175,12779,24,5,0.19305555555555556,-484404.0,-0.002112901449995263,-5750.0,-0.0021517407582734432
60,lGx4jgWgRu4,2023-05-09T09:37:10Z,1218,1140062,18533,24,6,0.42777777777777776,484887.0,0.9906240638274447,5754.0,0.9879932865688342
61,3xoVnO1CW5w,2023-05-16T09:37:11Z,833,655957,12779,24,6,0.19444444444444445,-484105.0,-0.0018066690052310442,-5754.0,-0.0024960192795971943
62,lGx4jgWgRu4,2023-05-09T09:37:10Z,1218,1140519,18538,24,7,0.42916666666666664,484562.0,0.9902912024744401,5759.0,0.9884236347204889
63,3xoVnO1CW5w,2023-05-16T09:37:11Z,833,656628,12783,24,7,0.19583333333333333,-483891.0,-0.0015874926066372554,-5755.0,-0.0025820889099281317
64,lGx4jgWgRu4,2023-05-09T09:37:10Z,1218,1140809,18544,24,8,0.4305555555555556,484181.0,0.9899009865498408,5761.0,0.9885957739811507
65,3xoVnO1CW5w,2023-05-16T09:37:11Z,833,656993,12791,24,8,0.19722222222222222,-483816.0,-0.0015106784482515818,-5753.0,-0.0024099496492662564
66,lGx4jgWgRu4,2023-05-09T09:37:10Z,1218,1141069,18549,24,9,0.43194444444444446,484076.0,0.9897934467281009,5758.0,0.9883375650901579
67,3xoVnO1CW5w,2023-05-16T09:37:11Z,833,657258,12803,24,9,0.1986111111111111,-483811.0,-0.0015055575043592035,-5746.0,-0.0018074622369496922
68,lGx4jgWgRu4,2023-05-09T09:37:10Z,1218,1141513,18553,24,10,0.43333333333333335,484255.0,0.989976776519448,5750.0,0.9876490080475104
69,3xoVnO1CW5w,2023-05-16T09:37:11Z,833,657878,12808,24,10,0.2,-483635.0,-0.0013253002793474893,-5745.0,-0.0017213926066187546
70,lGx4jgWgRu4,2023-05-09T09:37:10Z,1218,1142055,18558,24,11,0.43472222222222223,484177.0,0.989896889794727,5750.0,0.9876490080475104
71,3xoVnO1CW5w,2023-05-16T09:37:11Z,833,658678,12816,24,11,0.2013888888888889,-483377.0,-0.001061059574500772,-5742.0,-0.0014631837156259414
72,lGx4jgWgRu4,2023-05-09T09:37:10Z,1218,1142375,18565,24,12,0.4361111111111111,483697.0,0.9894052791810587,5749.0,0.9875629384171795
73,3xoVnO1CW5w,2023-05-16T09:37:11Z,833,659131,12828,24,12,0.20277777777777778,-483244.0,-0.0009248424669635108,-5737.0,-0.0010328355639712527
74,lGx4jgWgRu4,2023-05-09T09:37:10Z,1218,1142942,18569,24,13,0.4375,483811.0,0.9895220367018048,5741.0,0.986874381374532
75,3xoVnO1CW5w,2023-05-16T09:37:11Z,833,659847,12838,24,13,0.20416666666666666,-483095.0,-0.0007722383389706391,-5731.0,-0.0005164177819856263
76,lGx4jgWgRu4,2023-05-09T09:37:10Z,1218,1143771,18579,24,14,0.44027777777777777,483924.0,0.9896377700337726,5741.0,0.986874381374532
77,3xoVnO1CW5w,2023-05-16T09:37:11Z,833,661226,12850,24,14,0.20694444444444443,-482545.0,-0.0002089345108090323,-5729.0,-0.00034427852132375093
78,lGx4jgWgRu4,2023-05-09T09:37:10Z,1218,1144163,18586,24,15,0.44027777777777777,482937.0,0.9886268957094172,5736.0,0.9864440332228773
79,3xoVnO1CW5w,2023-05-16T09:37:11Z,833,661822,12861,24,15,0.20694444444444443,-482341.0,0.0,-5725.0,0.0
