,id,date,duration,views,likes,category_id,hour,update_diff,views_diff,views_diff_scaled,likes_diff,likes_diff_scaled
1,YcugHNWsY5I,2023-05-14T08:00:14Z,518,199487,5919,22,16,80,439.0,0.0,3.0,-0.42857142857142855
2,YcugHNWsY5I,2023-05-14T08:00:14Z,518,199717,5930,22,17,81,230.0,-0.597997138769671,11.0,0.7142857142857143
3,YcugHNWsY5I,2023-05-14T08:00:14Z,518,200184,5939,22,18,82,467.0,0.08011444921316166,9.0,0.42857142857142855
4,YcugHNWsY5I,2023-05-14T08:00:14Z,518,200676,5948,22,19,83,492.0,0.15164520743919885,9.0,0.42857142857142855
5,YcugHNWsY5I,2023-05-14T08:00:14Z,518,201260,5955,22,20,84,584.0,0.41487839771101576,7.0,0.14285714285714285
6,YcugHNWsY5I,2023-05-14T08:00:14Z,518,201874,5964,22,21,85,614.0,0.5007153075822603,9.0,0.42857142857142855
7,YcugHNWsY5I,2023-05-14T08:00:14Z,518,202490,5979,22,22,86,616.0,0.5064377682403434,15.0,1.2857142857142858
8,YcugHNWsY5I,2023-05-14T08:00:14Z,518,203141,5990,22,23,87,651.0,0.6065808297567954,11.0,0.7142857142857143
9,YcugHNWsY5I,2023-05-14T08:00:14Z,518,203749,5998,22,0,88,608.0,0.48354792560801146,8.0,0.2857142857142857
10,YcugHNWsY5I,2023-05-14T08:00:14Z,518,204213,6006,22,1,89,464.0,0.0715307582260372,8.0,0.2857142857142857
11,YcugHNWsY5I,2023-05-14T08:00:14Z,518,204907,6011,22,2,90,694.0,0.7296137339055794,5.0,-0.14285714285714285
12,YcugHNWsY5I,2023-05-14T08:00:14Z,518,205577,6012,22,3,91,670.0,0.6609442060085837,1.0,-0.7142857142857143
13,YcugHNWsY5I,2023-05-14T08:00:14Z,518,205981,6015,22,4,92,404.0,-0.10014306151645208,3.0,-0.42857142857142855
14,YcugHNWsY5I,2023-05-14T08:00:14Z,518,206375,6020,22,5,93,394.0,-0.12875536480686695,5.0,-0.14285714285714285
15,YcugHNWsY5I,2023-05-14T08:00:14Z,518,206561,6026,22,6,94,186.0,-0.7238912732474965,6.0,0.0
16,YcugHNWsY5I,2023-05-14T08:00:14Z,518,206744,6027,22,7,95,183.0,-0.7324749642346209,1.0,-0.7142857142857143
17,YcugHNWsY5I,2023-05-14T08:00:14Z,518,206881,6029,22,8,96,137.0,-0.8640915593705293,2.0,-0.5714285714285714
18,YcugHNWsY5I,2023-05-14T08:00:14Z,518,207129,6030,22,9,97,248.0,-0.5464949928469242,1.0,-0.7142857142857143
19,YcugHNWsY5I,2023-05-14T08:00:14Z,518,207407,6031,22,10,98,278.0,-0.46065808297567956,1.0,-0.7142857142857143
20,YcugHNWsY5I,2023-05-14T08:00:14Z,518,207615,6035,22,11,99,208.0,-0.6609442060085837,4.0,-0.2857142857142857
21,YcugHNWsY5I,2023-05-14T08:00:14Z,518,207787,6038,22,12,100,172.0,-0.7639484978540773,3.0,-0.42857142857142855
22,YcugHNWsY5I,2023-05-14T08:00:14Z,518,207917,6045,22,13,101,130.0,-0.8841201716738197,7.0,0.14285714285714285
23,YcugHNWsY5I,2023-05-14T08:00:14Z,518,208277,6048,22,14,102,360.0,-0.22603719599427755,3.0,-0.42857142857142855
24,YcugHNWsY5I,2023-05-14T08:00:14Z,518,208631,6053,22,15,103,354.0,-0.24320457796852646,5.0,-0.14285714285714285
25,YcugHNWsY5I,2023-05-14T08:00:14Z,518,209189,6057,22,16,104,558.0,0.34048640915593703,4.0,-0.2857142857142857
26,YcugHNWsY5I,2023-05-14T08:00:14Z,518,209426,6068,22,17,105,237.0,-0.5779685264663805,11.0,0.7142857142857143
27,YcugHNWsY5I,2023-05-14T08:00:14Z,518,209930,6085,22,18,106,504.0,0.1859799713876967,17.0,1.5714285714285714
28,YcugHNWsY5I,2023-05-14T08:00:14Z,518,210266,6100,22,19,107,336.0,-0.2947067238912732,15.0,1.2857142857142858
29,YcugHNWsY5I,2023-05-14T08:00:14Z,518,211092,6110,22,20,108,826.0,1.1072961373390557,10.0,0.5714285714285714
30,YcugHNWsY5I,2023-05-14T08:00:14Z,518,211701,6122,22,21,109,609.0,0.4864091559370529,12.0,0.8571428571428571
31,YcugHNWsY5I,2023-05-14T08:00:14Z,518,212142,6131,22,22,110,441.0,0.005722460658082976,9.0,0.42857142857142855
32,YcugHNWsY5I,2023-05-14T08:00:14Z,518,212821,6145,22,23,111,679.0,0.6866952789699571,14.0,1.1428571428571428
33,YcugHNWsY5I,2023-05-14T08:00:14Z,518,213476,6155,22,0,112,655.0,0.6180257510729614,10.0,0.5714285714285714
34,YcugHNWsY5I,2023-05-14T08:00:14Z,518,214059,6166,22,1,113,583.0,0.41201716738197425,11.0,0.7142857142857143
35,YcugHNWsY5I,2023-05-14T08:00:14Z,518,214625,6178,22,2,114,566.0,0.36337625178826893,12.0,0.8571428571428571
36,YcugHNWsY5I,2023-05-14T08:00:14Z,518,215454,6181,22,3,115,829.0,1.1158798283261802,3.0,-0.42857142857142855
37,YcugHNWsY5I,2023-05-14T08:00:14Z,518,215843,6183,22,4,116,389.0,-0.1430615164520744,2.0,-0.5714285714285714
38,YcugHNWsY5I,2023-05-14T08:00:14Z,518,216453,6185,22,5,117,610.0,0.4892703862660944,2.0,-0.5714285714285714
39,YcugHNWsY5I,2023-05-14T08:00:14Z,518,216625,6185,22,6,118,172.0,-0.7639484978540773,0.0,-0.8571428571428571
40,YcugHNWsY5I,2023-05-14T08:00:14Z,518,216919,6188,22,7,119,294.0,-0.41487839771101576,3.0,-0.42857142857142855
41,YcugHNWsY5I,2023-05-14T08:00:14Z,518,216972,6191,22,8,120,53.0,-1.1044349070100143,3.0,-0.42857142857142855
42,YcugHNWsY5I,2023-05-14T08:00:14Z,518,217242,6193,22,9,121,270.0,-0.48354792560801146,2.0,-0.5714285714285714
43,YcugHNWsY5I,2023-05-14T08:00:14Z,518,217514,6200,22,10,122,272.0,-0.47782546494992845,7.0,0.14285714285714285
