,id,date,duration,views,likes,category_id,hour,update_diff,views_diff,views_diff_scaled,likes_diff,likes_diff_scaled
1,dZSm2FhwJTQ,2023-05-16T08:28:15Z,1415,52146,757,1,1,0.15694444444444444,486.0,0.8061002178649237,2.0,0.0
2,dZSm2FhwJTQ,2023-05-16T08:28:15Z,1415,52509,759,1,2,0.15833333333333333,363.0,0.2701525054466231,2.0,0.0
3,dZSm2FhwJTQ,2023-05-16T08:28:15Z,1415,53016,763,1,3,0.1597222222222222,507.0,0.8976034858387799,4.0,1.0
4,dZSm2FhwJTQ,2023-05-16T08:28:15Z,1415,53511,766,1,4,0.16111111111111112,495.0,0.8453159041394336,3.0,0.5
5,dZSm2FhwJTQ,2023-05-16T08:28:15Z,1415,54000,769,1,5,0.1625,489.0,0.8191721132897604,3.0,0.5
6,dZSm2FhwJTQ,2023-05-16T08:28:15Z,1415,54297,769,1,6,0.1638888888888889,297.0,-0.017429193899782137,0.0,-1.0
7,dZSm2FhwJTQ,2023-05-16T08:28:15Z,1415,54449,773,1,7,0.16527777777777777,152.0,-0.6492374727668845,4.0,1.0
8,dZSm2FhwJTQ,2023-05-16T08:28:15Z,1415,54589,774,1,8,0.16666666666666666,140.0,-0.7015250544662309,1.0,-0.5
9,dZSm2FhwJTQ,2023-05-16T08:28:15Z,1415,54731,774,1,9,0.16805555555555557,142.0,-0.6928104575163399,0.0,-1.0
10,dZSm2FhwJTQ,2023-05-16T08:28:15Z,1415,54881,776,1,10,0.16944444444444445,150.0,-0.6579520697167756,2.0,0.0
11,dZSm2FhwJTQ,2023-05-16T08:28:15Z,1415,55065,781,1,11,0.17083333333333334,184.0,-0.5098039215686274,5.0,1.5
12,dZSm2FhwJTQ,2023-05-16T08:28:15Z,1415,55285,784,1,12,0.17222222222222222,220.0,-0.35294117647058826,3.0,0.5
13,dZSm2FhwJTQ,2023-05-16T08:28:15Z,1415,55619,786,1,13,0.1736111111111111,334.0,0.1437908496732026,2.0,0.0
14,dZSm2FhwJTQ,2023-05-16T08:28:15Z,1415,55947,790,1,14,0.175,328.0,0.11764705882352941,4.0,1.0
15,dZSm2FhwJTQ,2023-05-16T08:28:15Z,1415,56328,793,1,15,0.1763888888888889,381.0,0.3485838779956427,3.0,0.5
16,dZSm2FhwJTQ,2023-05-16T08:28:15Z,1415,56640,795,1,16,0.17777777777777778,312.0,0.04793028322440087,2.0,0.0
17,dZSm2FhwJTQ,2023-05-16T08:28:15Z,1415,56941,800,1,17,0.17916666666666667,301.0,0.0,5.0,1.5
18,dZSm2FhwJTQ,2023-05-16T08:28:15Z,1415,57333,802,1,18,0.18055555555555555,392.0,0.39651416122004357,2.0,0.0
19,dZSm2FhwJTQ,2023-05-16T08:28:15Z,1415,57723,807,1,19,0.18194444444444444,390.0,0.3877995642701525,5.0,1.5
20,dZSm2FhwJTQ,2023-05-16T08:28:15Z,1415,57912,812,1,20,0.18333333333333332,189.0,-0.4880174291938998,5.0,1.5
21,dZSm2FhwJTQ,2023-05-16T08:28:15Z,1415,58364,812,1,21,0.18472222222222223,452.0,0.6579520697167756,0.0,-1.0
22,dZSm2FhwJTQ,2023-05-16T08:28:15Z,1415,58636,813,1,22,0.18611111111111112,272.0,-0.12636165577342048,1.0,-0.5
23,dZSm2FhwJTQ,2023-05-16T08:28:15Z,1415,59016,816,1,23,0.1875,380.0,0.3442265795206972,3.0,0.5
24,dZSm2FhwJTQ,2023-05-16T08:28:15Z,1415,59335,824,1,0,0.18888888888888888,319.0,0.0784313725490196,8.0,3.0
25,dZSm2FhwJTQ,2023-05-16T08:28:15Z,1415,59664,828,1,1,0.19027777777777777,329.0,0.12200435729847495,4.0,1.0
26,dZSm2FhwJTQ,2023-05-16T08:28:15Z,1415,60020,831,1,2,0.19166666666666668,356.0,0.23965141612200436,3.0,0.5
27,dZSm2FhwJTQ,2023-05-16T08:28:15Z,1415,60530,833,1,3,0.19305555555555556,510.0,0.9106753812636166,2.0,0.0
28,dZSm2FhwJTQ,2023-05-16T08:28:15Z,1415,60920,834,1,4,0.19444444444444445,390.0,0.3877995642701525,1.0,-0.5
29,dZSm2FhwJTQ,2023-05-16T08:28:15Z,1415,61255,835,1,5,0.19583333333333333,335.0,0.14814814814814814,1.0,-0.5
30,dZSm2FhwJTQ,2023-05-16T08:28:15Z,1415,61443,836,1,6,0.19722222222222222,188.0,-0.4923747276688453,1.0,-0.5
31,dZSm2FhwJTQ,2023-05-16T08:28:15Z,1415,61603,837,1,7,0.1986111111111111,160.0,-0.6143790849673203,1.0,-0.5
32,dZSm2FhwJTQ,2023-05-16T08:28:15Z,1415,61718,838,1,8,0.2,115.0,-0.8104575163398693,1.0,-0.5
33,dZSm2FhwJTQ,2023-05-16T08:28:15Z,1415,61810,839,1,9,0.2013888888888889,92.0,-0.9106753812636166,1.0,-0.5
34,dZSm2FhwJTQ,2023-05-16T08:28:15Z,1415,61924,840,1,10,0.20277777777777778,114.0,-0.8148148148148148,1.0,-0.5
35,dZSm2FhwJTQ,2023-05-16T08:28:15Z,1415,62011,840,1,11,0.20416666666666666,87.0,-0.9324618736383442,0.0,-1.0
36,dZSm2FhwJTQ,2023-05-16T08:28:15Z,1415,62089,840,1,12,0.20555555555555555,78.0,-0.971677559912854,0.0,-1.0
37,dZSm2FhwJTQ,2023-05-16T08:28:15Z,1415,62196,843,1,13,0.20694444444444443,107.0,-0.8453159041394336,3.0,0.5
38,dZSm2FhwJTQ,2023-05-16T08:28:15Z,1415,62377,845,1,14,0.20833333333333334,181.0,-0.5228758169934641,2.0,0.0
39,dZSm2FhwJTQ,2023-05-16T08:28:15Z,1415,62482,846,1,15,0.20972222222222223,105.0,-0.8540305010893247,1.0,-0.5
