,id,date,duration,views,likes,category_id,hour,update_diff,views_diff,views_diff_scaled,likes_diff,likes_diff_scaled
1,7MP1WW0ejbQ,2023-05-10T08:00:07Z,604,274429,4800,22,14,0.30833333333333335,180.0,-0.05813953488372093,0.0,-0.5
2,7MP1WW0ejbQ,2023-05-10T08:00:07Z,604,274586,4799,22,15,0.30972222222222223,157.0,-0.32558139534883723,-1.0,-1.0
3,7MP1WW0ejbQ,2023-05-10T08:00:07Z,604,274760,4800,22,16,0.3111111111111111,174.0,-0.12790697674418605,1.0,0.0
4,7MP1WW0ejbQ,2023-05-10T08:00:07Z,604,274892,4800,22,17,0.3125,132.0,-0.6162790697674418,0.0,-0.5
5,7MP1WW0ejbQ,2023-05-10T08:00:07Z,604,275071,4801,22,18,0.3138888888888889,179.0,-0.06976744186046512,1.0,0.0
6,7MP1WW0ejbQ,2023-05-10T08:00:07Z,604,275195,4805,22,19,0.31527777777777777,124.0,-0.7093023255813954,4.0,1.5
7,7MP1WW0ejbQ,2023-05-10T08:00:07Z,604,275388,4808,22,20,0.31666666666666665,193.0,0.09302325581395349,3.0,1.0
8,7MP1WW0ejbQ,2023-05-10T08:00:07Z,604,275601,4812,22,21,0.31805555555555554,213.0,0.32558139534883723,4.0,1.5
9,7MP1WW0ejbQ,2023-05-10T08:00:07Z,604,275731,4812,22,22,0.3194444444444444,130.0,-0.6395348837209303,0.0,-0.5
10,7MP1WW0ejbQ,2023-05-10T08:00:07Z,604,275960,4815,22,23,0.32083333333333336,229.0,0.5116279069767442,3.0,1.0
11,7MP1WW0ejbQ,2023-05-10T08:00:07Z,604,276145,4820,22,0,0.32222222222222224,185.0,0.0,5.0,2.0
12,7MP1WW0ejbQ,2023-05-10T08:00:07Z,604,276383,4823,22,1,0.3236111111111111,238.0,0.6162790697674418,3.0,1.0
13,7MP1WW0ejbQ,2023-05-10T08:00:07Z,604,276584,4824,22,2,0.325,201.0,0.18604651162790697,1.0,0.0
14,7MP1WW0ejbQ,2023-05-10T08:00:07Z,604,276941,4826,22,3,0.3263888888888889,357.0,2.0,2.0,0.5
15,7MP1WW0ejbQ,2023-05-10T08:00:07Z,604,277189,4828,22,4,0.3277777777777778,248.0,0.7325581395348837,2.0,0.5
16,7MP1WW0ejbQ,2023-05-10T08:00:07Z,604,277449,4829,22,5,0.32916666666666666,260.0,0.872093023255814,1.0,0.0
17,7MP1WW0ejbQ,2023-05-10T08:00:07Z,604,277677,4829,22,6,0.33055555555555555,228.0,0.5,0.0,-0.5
18,7MP1WW0ejbQ,2023-05-10T08:00:07Z,604,277819,4829,22,7,0.33194444444444443,142.0,-0.5,0.0,-0.5
19,7MP1WW0ejbQ,2023-05-10T08:00:07Z,604,277903,4830,22,8,0.3333333333333333,84.0,-1.1744186046511629,1.0,0.0
20,7MP1WW0ejbQ,2023-05-10T08:00:07Z,604,277964,4832,22,9,0.3347222222222222,61.0,-1.441860465116279,2.0,0.5
21,7MP1WW0ejbQ,2023-05-10T08:00:07Z,604,278057,4836,22,10,0.33611111111111114,93.0,-1.069767441860465,4.0,1.5
22,7MP1WW0ejbQ,2023-05-10T08:00:07Z,604,278168,4836,22,11,0.3375,111.0,-0.8604651162790697,0.0,-0.5
23,7MP1WW0ejbQ,2023-05-10T08:00:07Z,604,278348,4839,22,12,0.3388888888888889,180.0,-0.05813953488372093,3.0,1.0
24,7MP1WW0ejbQ,2023-05-10T08:00:07Z,604,278563,4844,22,13,0.3402777777777778,215.0,0.3488372093023256,5.0,2.0
25,7MP1WW0ejbQ,2023-05-10T08:00:07Z,604,278771,4845,22,14,0.3416666666666667,208.0,0.26744186046511625,1.0,0.0
26,7MP1WW0ejbQ,2023-05-10T08:00:07Z,604,278960,4846,22,15,0.34305555555555556,189.0,0.046511627906976744,1.0,0.0
27,7MP1WW0ejbQ,2023-05-10T08:00:07Z,604,279216,4849,22,16,0.34444444444444444,256.0,0.8255813953488372,3.0,1.0
28,7MP1WW0ejbQ,2023-05-10T08:00:07Z,604,279430,4852,22,17,0.3458333333333333,214.0,0.3372093023255814,3.0,1.0
29,7MP1WW0ejbQ,2023-05-10T08:00:07Z,604,279581,4854,22,18,0.3472222222222222,151.0,-0.3953488372093023,2.0,0.5
30,7MP1WW0ejbQ,2023-05-10T08:00:07Z,604,279846,4856,22,19,0.3486111111111111,265.0,0.9302325581395349,2.0,0.5
31,7MP1WW0ejbQ,2023-05-10T08:00:07Z,604,279990,4857,22,20,0.35,144.0,-0.47674418604651164,1.0,0.0
32,7MP1WW0ejbQ,2023-05-10T08:00:07Z,604,280301,4856,22,21,0.35138888888888886,311.0,1.4651162790697674,-1.0,-1.0
33,7MP1WW0ejbQ,2023-05-10T08:00:07Z,604,280440,4857,22,22,0.3527777777777778,139.0,-0.5348837209302325,1.0,0.0
