,id,date,duration,views,likes,category_id,hour,update_diff,views_diff,views_diff_scaled,likes_diff,likes_diff_scaled
1,tZDrZds8UTs,2023-05-09T09:15:03Z,634,221947,2383,24,16,0.2763888888888889,98.0,0.40707964601769914,0.0,0.0
2,tZDrZds8UTs,2023-05-09T09:15:03Z,634,222004,2385,24,17,0.2777777777777778,57.0,-0.3185840707964602,2.0,2.0
3,tZDrZds8UTs,2023-05-09T09:15:03Z,634,222090,2386,24,18,0.2791666666666667,86.0,0.19469026548672566,1.0,1.0
4,tZDrZds8UTs,2023-05-09T09:15:03Z,634,222189,2386,24,19,0.28055555555555556,99.0,0.4247787610619469,0.0,0.0
5,tZDrZds8UTs,2023-05-09T09:15:03Z,634,222277,2385,24,20,0.28194444444444444,88.0,0.23008849557522124,-1.0,-1.0
6,tZDrZds8UTs,2023-05-09T09:15:03Z,634,222381,2385,24,21,0.2833333333333333,104.0,0.5132743362831859,0.0,0.0
7,tZDrZds8UTs,2023-05-09T09:15:03Z,634,222494,2386,24,22,0.2847222222222222,113.0,0.672566371681416,1.0,1.0
8,tZDrZds8UTs,2023-05-09T09:15:03Z,634,222619,2386,24,23,0.2861111111111111,125.0,0.8849557522123894,0.0,0.0
9,tZDrZds8UTs,2023-05-09T09:15:03Z,634,222737,2386,24,0,0.2875,118.0,0.7610619469026548,0.0,0.0
10,tZDrZds8UTs,2023-05-09T09:15:03Z,634,222818,2387,24,1,0.28888888888888886,81.0,0.10619469026548672,1.0,1.0
11,tZDrZds8UTs,2023-05-09T09:15:03Z,634,222946,2387,24,2,0.2902777777777778,128.0,0.9380530973451328,0.0,0.0
12,tZDrZds8UTs,2023-05-09T09:15:03Z,634,223104,2388,24,3,0.2916666666666667,158.0,1.4690265486725664,1.0,1.0
13,tZDrZds8UTs,2023-05-09T09:15:03Z,634,223207,2388,24,4,0.29305555555555557,103.0,0.49557522123893805,0.0,0.0
14,tZDrZds8UTs,2023-05-09T09:15:03Z,634,223286,2389,24,5,0.29444444444444445,79.0,0.07079646017699115,1.0,1.0
15,tZDrZds8UTs,2023-05-09T09:15:03Z,634,223337,2390,24,6,0.29583333333333334,51.0,-0.4247787610619469,1.0,1.0
16,tZDrZds8UTs,2023-05-09T09:15:03Z,634,223375,2391,24,7,0.2972222222222222,38.0,-0.6548672566371682,1.0,1.0
17,tZDrZds8UTs,2023-05-09T09:15:03Z,634,223400,2391,24,8,0.2986111111111111,25.0,-0.8849557522123894,0.0,0.0
18,tZDrZds8UTs,2023-05-09T09:15:03Z,634,223432,2391,24,9,0.3,32.0,-0.7610619469026548,0.0,0.0
19,tZDrZds8UTs,2023-05-09T09:15:03Z,634,223469,2392,24,10,0.3013888888888889,37.0,-0.672566371681416,1.0,1.0
20,tZDrZds8UTs,2023-05-09T09:15:03Z,634,223503,2392,24,11,0.30277777777777776,34.0,-0.7256637168141593,0.0,0.0
21,tZDrZds8UTs,2023-05-09T09:15:03Z,634,223533,2393,24,12,0.30416666666666664,30.0,-0.7964601769911505,1.0,1.0
22,tZDrZds8UTs,2023-05-09T09:15:03Z,634,223547,2393,24,13,0.3055555555555556,14.0,-1.079646017699115,0.0,0.0
23,tZDrZds8UTs,2023-05-09T09:15:03Z,634,223621,2394,24,14,0.30694444444444446,74.0,-0.017699115044247787,1.0,1.0
24,tZDrZds8UTs,2023-05-09T09:15:03Z,634,223666,2394,24,15,0.30833333333333335,45.0,-0.5309734513274337,0.0,0.0
25,tZDrZds8UTs,2023-05-09T09:15:03Z,634,223739,2395,24,16,0.30972222222222223,73.0,-0.035398230088495575,1.0,1.0
26,tZDrZds8UTs,2023-05-09T09:15:03Z,634,223775,2395,24,17,0.3111111111111111,36.0,-0.6902654867256637,0.0,0.0
27,tZDrZds8UTs,2023-05-09T09:15:03Z,634,223841,2396,24,18,0.3125,66.0,-0.1592920353982301,1.0,1.0
28,tZDrZds8UTs,2023-05-09T09:15:03Z,634,223882,2396,24,19,0.3138888888888889,41.0,-0.6017699115044248,0.0,0.0
29,tZDrZds8UTs,2023-05-09T09:15:03Z,634,223958,2395,24,20,0.31527777777777777,76.0,0.017699115044247787,-1.0,-1.0
30,tZDrZds8UTs,2023-05-09T09:15:03Z,634,224040,2395,24,21,0.31666666666666665,82.0,0.12389380530973451,0.0,0.0
31,tZDrZds8UTs,2023-05-09T09:15:03Z,634,224116,2395,24,22,0.31805555555555554,76.0,0.017699115044247787,0.0,0.0
32,tZDrZds8UTs,2023-05-09T09:15:03Z,634,224220,2396,24,23,0.3194444444444444,104.0,0.5132743362831859,1.0,1.0
33,tZDrZds8UTs,2023-05-09T09:15:03Z,634,224312,2396,24,0,0.32083333333333336,92.0,0.3008849557522124,0.0,0.0
34,tZDrZds8UTs,2023-05-09T09:15:03Z,634,224399,2396,24,1,0.32222222222222224,87.0,0.21238938053097345,0.0,0.0
35,tZDrZds8UTs,2023-05-09T09:15:03Z,634,224474,2396,24,2,0.3236111111111111,75.0,0.0,0.0,0.0
36,tZDrZds8UTs,2023-05-09T09:15:03Z,634,224568,2396,24,3,0.325,94.0,0.336283185840708,0.0,0.0
37,tZDrZds8UTs,2023-05-09T09:15:03Z,634,224623,2396,24,4,0.3263888888888889,55.0,-0.35398230088495575,0.0,0.0
38,tZDrZds8UTs,2023-05-09T09:15:03Z,634,224702,2397,24,5,0.3277777777777778,79.0,0.07079646017699115,1.0,1.0
39,tZDrZds8UTs,2023-05-09T09:15:03Z,634,224724,2397,24,6,0.32916666666666666,22.0,-0.9380530973451328,0.0,0.0
40,tZDrZds8UTs,2023-05-09T09:15:03Z,634,224753,2397,24,7,0.33055555555555555,29.0,-0.8141592920353983,0.0,0.0
41,tZDrZds8UTs,2023-05-09T09:15:03Z,634,224757,2397,24,8,0.33194444444444443,4.0,-1.2566371681415929,0.0,0.0
42,tZDrZds8UTs,2023-05-09T09:15:03Z,634,224777,2398,24,9,0.3333333333333333,20.0,-0.9734513274336283,1.0,1.0
43,tZDrZds8UTs,2023-05-09T09:15:03Z,634,224805,2398,24,10,0.3347222222222222,28.0,-0.831858407079646,0.0,0.0
