,id,date,duration,views,likes,category_id,hour,update_diff,views_diff,views_diff_scaled,likes_diff,likes_diff_scaled
1,tZDrZds8UTs,2023-05-09T09:15:03Z,634,224950,2397,24,14,0.3402777777777778,55.0,0.3333333333333333,0.0,0.0
2,tZDrZds8UTs,2023-05-09T09:15:03Z,634,224982,2397,24,15,0.3416666666666667,32.0,-0.43333333333333335,0.0,0.0
3,tZDrZds8UTs,2023-05-09T09:15:03Z,634,225035,2397,24,16,0.34305555555555556,53.0,0.26666666666666666,0.0,0.0
4,tZDrZds8UTs,2023-05-09T09:15:03Z,634,225053,2397,24,17,0.34444444444444444,18.0,-0.9,0.0,0.0
5,tZDrZds8UTs,2023-05-09T09:15:03Z,634,225097,2397,24,18,0.3458333333333333,44.0,-0.03333333333333333,0.0,0.0
6,tZDrZds8UTs,2023-05-09T09:15:03Z,634,225125,2398,24,19,0.3472222222222222,28.0,-0.5666666666666667,1.0,1.0
7,tZDrZds8UTs,2023-05-09T09:15:03Z,634,225189,2399,24,20,0.3486111111111111,64.0,0.6333333333333333,1.0,1.0
8,tZDrZds8UTs,2023-05-09T09:15:03Z,634,225264,2400,24,21,0.35,75.0,1.0,1.0,1.0
9,tZDrZds8UTs,2023-05-09T09:15:03Z,634,225309,2402,24,22,0.35138888888888886,45.0,0.0,2.0,2.0
10,tZDrZds8UTs,2023-05-09T09:15:03Z,634,225384,2402,24,23,0.3527777777777778,75.0,1.0,0.0,0.0
11,tZDrZds8UTs,2023-05-09T09:15:03Z,634,225440,2402,24,0,0.3541666666666667,56.0,0.36666666666666664,0.0,0.0
12,tZDrZds8UTs,2023-05-09T09:15:03Z,634,225496,2403,24,1,0.35555555555555557,56.0,0.36666666666666664,1.0,1.0
13,tZDrZds8UTs,2023-05-09T09:15:03Z,634,225542,2404,24,2,0.35694444444444445,46.0,0.03333333333333333,1.0,1.0
14,tZDrZds8UTs,2023-05-09T09:15:03Z,634,225627,2404,24,3,0.35833333333333334,85.0,1.3333333333333333,0.0,0.0
15,tZDrZds8UTs,2023-05-09T09:15:03Z,634,225689,2404,24,4,0.3597222222222222,62.0,0.5666666666666667,0.0,0.0
16,tZDrZds8UTs,2023-05-09T09:15:03Z,634,225738,2404,24,5,0.3611111111111111,49.0,0.13333333333333333,0.0,0.0
17,tZDrZds8UTs,2023-05-09T09:15:03Z,634,225765,2404,24,6,0.3625,27.0,-0.6,0.0,0.0
18,tZDrZds8UTs,2023-05-09T09:15:03Z,634,225788,2405,24,7,0.3638888888888889,23.0,-0.7333333333333333,1.0,1.0
19,tZDrZds8UTs,2023-05-09T09:15:03Z,634,225798,2406,24,8,0.36527777777777776,10.0,-1.1666666666666667,1.0,1.0
20,tZDrZds8UTs,2023-05-09T09:15:03Z,634,225809,2406,24,9,0.36666666666666664,11.0,-1.1333333333333333,0.0,0.0
21,tZDrZds8UTs,2023-05-09T09:15:03Z,634,225832,2406,24,10,0.3680555555555556,23.0,-0.7333333333333333,0.0,0.0
22,tZDrZds8UTs,2023-05-09T09:15:03Z,634,225851,2406,24,11,0.36944444444444446,19.0,-0.8666666666666667,0.0,0.0
23,tZDrZds8UTs,2023-05-09T09:15:03Z,634,225872,2406,24,12,0.37083333333333335,21.0,-0.8,0.0,0.0
24,tZDrZds8UTs,2023-05-09T09:15:03Z,634,225897,2406,24,13,0.37222222222222223,25.0,-0.6666666666666666,0.0,0.0
25,tZDrZds8UTs,2023-05-09T09:15:03Z,634,225949,2407,24,14,0.3736111111111111,52.0,0.23333333333333334,1.0,1.0
26,tZDrZds8UTs,2023-05-09T09:15:03Z,634,225981,2407,24,15,0.375,32.0,-0.43333333333333335,0.0,0.0
27,tZDrZds8UTs,2023-05-09T09:15:03Z,634,226037,2408,24,16,0.3763888888888889,56.0,0.36666666666666664,1.0,1.0
28,tZDrZds8UTs,2023-05-09T09:15:03Z,634,226091,2408,24,17,0.37777777777777777,54.0,0.3,0.0,0.0
29,tZDrZds8UTs,2023-05-09T09:15:03Z,634,226120,2409,24,18,0.37916666666666665,29.0,-0.5333333333333333,1.0,1.0
30,tZDrZds8UTs,2023-05-09T09:15:03Z,634,226195,2411,24,19,0.38055555555555554,75.0,1.0,2.0,2.0
31,tZDrZds8UTs,2023-05-09T09:15:03Z,634,226221,2411,24,20,0.3819444444444444,26.0,-0.6333333333333333,0.0,0.0
32,tZDrZds8UTs,2023-05-09T09:15:03Z,634,226314,2411,24,21,0.38333333333333336,93.0,1.6,0.0,0.0
33,tZDrZds8UTs,2023-05-09T09:15:03Z,634,226352,2411,24,22,0.38472222222222224,38.0,-0.23333333333333334,0.0,0.0
