,id,date,duration,views,likes,category_id,hour,update_diff,views_diff,views_diff_scaled,likes_diff,likes_diff_scaled
1,vvbNQOL_hks,2023-05-17T06:17:25Z,260,145330,1318,17,1,0.12638888888888888,248.0,2.0258064516129033,1.0,1.0
2,vvbNQOL_hks,2023-05-17T06:17:25Z,260,145598,1318,17,2,0.12777777777777777,268.0,2.2838709677419353,0.0,0.0
3,vvbNQOL_hks,2023-05-17T06:17:25Z,260,145959,1318,17,3,0.12916666666666668,361.0,3.4838709677419355,0.0,0.0
4,vvbNQOL_hks,2023-05-17T06:17:25Z,260,146174,1318,17,4,0.13055555555555556,215.0,1.6,0.0,0.0
5,vvbNQOL_hks,2023-05-17T06:17:25Z,260,146360,1318,17,5,0.13194444444444445,186.0,1.2258064516129032,0.0,0.0
6,vvbNQOL_hks,2023-05-17T06:17:25Z,260,146504,1318,17,6,0.13333333333333333,144.0,0.6838709677419355,0.0,0.0
7,vvbNQOL_hks,2023-05-17T06:17:25Z,260,146572,1318,17,7,0.13472222222222222,68.0,-0.2967741935483871,0.0,0.0
8,vvbNQOL_hks,2023-05-17T06:17:25Z,260,146646,1318,17,8,0.1361111111111111,74.0,-0.21935483870967742,0.0,0.0
9,vvbNQOL_hks,2023-05-17T06:17:25Z,260,146672,1319,17,9,0.1375,26.0,-0.8387096774193549,1.0,1.0
10,vvbNQOL_hks,2023-05-17T06:17:25Z,260,146747,1320,17,10,0.1388888888888889,75.0,-0.2064516129032258,1.0,1.0
11,vvbNQOL_hks,2023-05-17T06:17:25Z,260,146790,1320,17,11,0.14027777777777778,43.0,-0.6193548387096774,0.0,0.0
12,vvbNQOL_hks,2023-05-17T06:17:25Z,260,146886,1320,17,12,0.14166666666666666,96.0,0.06451612903225806,0.0,0.0
13,vvbNQOL_hks,2023-05-17T06:17:25Z,260,146984,1321,17,13,0.14305555555555555,98.0,0.09032258064516129,1.0,1.0
14,vvbNQOL_hks,2023-05-17T06:17:25Z,260,147119,1323,17,14,0.14444444444444443,135.0,0.567741935483871,2.0,2.0
15,vvbNQOL_hks,2023-05-17T06:17:25Z,260,147266,1323,17,15,0.14583333333333334,147.0,0.7225806451612903,0.0,0.0
16,vvbNQOL_hks,2023-05-17T06:17:25Z,260,147359,1324,17,16,0.14722222222222223,93.0,0.025806451612903226,1.0,1.0
17,vvbNQOL_hks,2023-05-17T06:17:25Z,260,147459,1325,17,17,0.1486111111111111,100.0,0.11612903225806452,1.0,1.0
18,vvbNQOL_hks,2023-05-17T06:17:25Z,260,147657,1327,17,18,0.15,198.0,1.3806451612903226,2.0,2.0
19,vvbNQOL_hks,2023-05-17T06:17:25Z,260,147849,1327,17,19,0.15138888888888888,192.0,1.303225806451613,0.0,0.0
20,vvbNQOL_hks,2023-05-17T06:17:25Z,260,147919,1328,17,20,0.1527777777777778,70.0,-0.2709677419354839,1.0,1.0
21,vvbNQOL_hks,2023-05-17T06:17:25Z,260,148106,1328,17,21,0.15416666666666667,187.0,1.238709677419355,0.0,0.0
22,vvbNQOL_hks,2023-05-17T06:17:25Z,260,148186,1328,17,22,0.15555555555555556,80.0,-0.14193548387096774,0.0,0.0
23,vvbNQOL_hks,2023-05-17T06:17:25Z,260,148305,1328,17,23,0.15694444444444444,119.0,0.36129032258064514,0.0,0.0
24,vvbNQOL_hks,2023-05-17T06:17:25Z,260,148396,1330,17,0,0.15833333333333333,91.0,0.0,2.0,2.0
25,vvbNQOL_hks,2023-05-17T06:17:25Z,260,148513,1331,17,1,0.1597222222222222,117.0,0.33548387096774196,1.0,1.0
26,vvbNQOL_hks,2023-05-17T06:17:25Z,260,148582,1331,17,2,0.16111111111111112,69.0,-0.2838709677419355,0.0,0.0
27,vvbNQOL_hks,2023-05-17T06:17:25Z,260,148709,1331,17,3,0.1625,127.0,0.4645161290322581,0.0,0.0
28,vvbNQOL_hks,2023-05-17T06:17:25Z,260,148773,1331,17,4,0.1638888888888889,64.0,-0.34838709677419355,0.0,0.0
29,vvbNQOL_hks,2023-05-17T06:17:25Z,260,148832,1331,17,5,0.16527777777777777,59.0,-0.4129032258064516,0.0,0.0
30,vvbNQOL_hks,2023-05-17T06:17:25Z,260,148860,1331,17,6,0.16666666666666666,28.0,-0.8129032258064516,0.0,0.0
31,vvbNQOL_hks,2023-05-17T06:17:25Z,260,148892,1331,17,7,0.16805555555555557,32.0,-0.7612903225806451,0.0,0.0
32,vvbNQOL_hks,2023-05-17T06:17:25Z,260,148916,1331,17,8,0.16944444444444445,24.0,-0.864516129032258,0.0,0.0
33,vvbNQOL_hks,2023-05-17T06:17:25Z,260,148928,1333,17,9,0.17083333333333334,12.0,-1.0193548387096774,2.0,2.0
34,vvbNQOL_hks,2023-05-17T06:17:25Z,260,148972,1333,17,10,0.17222222222222222,44.0,-0.6064516129032258,0.0,0.0
35,vvbNQOL_hks,2023-05-17T06:17:25Z,260,149045,1333,17,11,0.1736111111111111,73.0,-0.23225806451612904,0.0,0.0
36,vvbNQOL_hks,2023-05-17T06:17:25Z,260,149103,1334,17,12,0.175,58.0,-0.4258064516129032,1.0,1.0
37,vvbNQOL_hks,2023-05-17T06:17:25Z,260,149191,1335,17,13,0.1763888888888889,88.0,-0.03870967741935484,1.0,1.0
38,vvbNQOL_hks,2023-05-17T06:17:25Z,260,149299,1335,17,14,0.17777777777777778,108.0,0.21935483870967742,0.0,0.0
39,vvbNQOL_hks,2023-05-17T06:17:25Z,260,149359,1335,17,15,0.17916666666666667,60.0,-0.4,0.0,0.0
