,id,date,duration,views,likes,category_id,hour,update_diff,views_diff,views_diff_scaled,likes_diff,likes_diff_scaled
1,ho0d4rf1LwY,2023-05-17T09:00:29Z,217,5585355,360794,10,1,0.12222222222222222,59619.0,1.5261174938369226,1858.0,1.898488120950324
2,ho0d4rf1LwY,2023-05-17T09:00:29Z,217,5627221,362451,10,2,0.12361111111111112,41866.0,0.7003581561933113,1657.0,1.4643628509719222
3,ho0d4rf1LwY,2023-05-17T09:00:29Z,217,5673396,363874,10,3,0.125,46175.0,0.9007860830736313,1423.0,0.958963282937365
4,ho0d4rf1LwY,2023-05-17T09:00:29Z,217,5713308,364853,10,4,0.12638888888888888,39912.0,0.6094702079166473,979.0,0.0
5,ho0d4rf1LwY,2023-05-17T09:00:29Z,217,5752926,365664,10,5,0.12777777777777777,39618.0,0.5957951532629424,811.0,-0.36285097192224625
6,ho0d4rf1LwY,2023-05-17T09:00:29Z,217,5779735,366340,10,6,0.12916666666666668,26809.0,0.0,676.0,-0.6544276457883369
7,ho0d4rf1LwY,2023-05-17T09:00:29Z,217,5795955,367063,10,7,0.13055555555555556,16220.0,-0.4925345364900693,723.0,-0.5529157667386609
8,ho0d4rf1LwY,2023-05-17T09:00:29Z,217,5813695,367746,10,8,0.13194444444444445,17740.0,-0.42183357365458857,683.0,-0.6393088552915767
9,ho0d4rf1LwY,2023-05-17T09:00:29Z,217,5761087,368510,10,9,0.13333333333333333,-52608.0,-3.6939857667798504,764.0,-0.46436285097192226
10,ho0d4rf1LwY,2023-05-17T09:00:29Z,217,5779328,369439,10,10,0.13472222222222222,18241.0,-0.3985301641936834,929.0,-0.1079913606911447
11,ho0d4rf1LwY,2023-05-17T09:00:29Z,217,5797525,370611,10,11,0.1361111111111111,18197.0,-0.40057677101260525,1172.0,0.4168466522678186
12,ho0d4rf1LwY,2023-05-17T09:00:29Z,217,5823344,371879,10,12,0.1375,25819.0,-0.04604865342574073,1268.0,0.6241900647948164
13,ho0d4rf1LwY,2023-05-17T09:00:29Z,217,5853173,373150,10,13,0.1388888888888889,29829.0,0.1404716498441788,1271.0,0.6306695464362851
14,ho0d4rf1LwY,2023-05-17T09:00:29Z,217,5885026,374369,10,14,0.14027777777777778,31853.0,0.23461556351458207,1219.0,0.5183585313174947
15,ho0d4rf1LwY,2023-05-17T09:00:29Z,217,5924343,375570,10,15,0.14166666666666666,39317.0,0.5817945020698637,1201.0,0.4794816414686825
16,ho0d4rf1LwY,2023-05-17T09:00:29Z,217,5955527,376773,10,16,0.14305555555555555,31184.0,0.20349783710870273,1203.0,0.4838012958963283
17,ho0d4rf1LwY,2023-05-17T09:00:29Z,217,5981776,377972,10,17,0.14444444444444443,26249.0,-0.02604772314991395,1199.0,0.47516198704103674
18,ho0d4rf1LwY,2023-05-17T09:00:29Z,217,6022406,379071,10,18,0.14583333333333334,40630.0,0.6428671100981441,1099.0,0.2591792656587473
19,ho0d4rf1LwY,2023-05-17T09:00:29Z,217,6063007,380224,10,19,0.14722222222222223,40601.0,0.6415182101493093,1153.0,0.3758099352051836
20,ho0d4rf1LwY,2023-05-17T09:00:29Z,217,6081221,381319,10,20,0.1486111111111111,18214.0,-0.39978603655984,1095.0,0.2505399568034557
21,ho0d4rf1LwY,2023-05-17T09:00:29Z,217,6129671,382351,10,21,0.15,48450.0,1.0066049583701568,1032.0,0.11447084233261338
22,ho0d4rf1LwY,2023-05-17T09:00:29Z,217,6157736,383349,10,22,0.15138888888888888,28065.0,0.058421321921949855,998.0,0.04103671706263499
23,ho0d4rf1LwY,2023-05-17T09:00:29Z,217,6202055,384473,10,23,0.1527777777777778,44319.0,0.8144564863482022,1124.0,0.31317494600431967
24,ho0d4rf1LwY,2023-05-17T09:00:29Z,217,6236572,385589,10,0,0.15416666666666667,34517.0,0.35852830364202987,1116.0,0.2958963282937365
25,ho0d4rf1LwY,2023-05-17T09:00:29Z,217,6279015,386739,10,1,0.15555555555555556,42443.0,0.7271966137959905,1150.0,0.3693304535637149
26,ho0d4rf1LwY,2023-05-17T09:00:29Z,217,6307127,387664,10,2,0.15694444444444444,28112.0,0.06060747011488907,925.0,-0.11663066954643629
27,ho0d4rf1LwY,2023-05-17T09:00:29Z,217,6342991,388426,10,3,0.15833333333333333,35864.0,0.42118238057584073,762.0,-0.468682505399568
28,ho0d4rf1LwY,2023-05-17T09:00:29Z,217,6366722,389087,10,4,0.1597222222222222,23731.0,-0.14316944974184845,661.0,-0.6868250539956804
29,ho0d4rf1LwY,2023-05-17T09:00:29Z,217,6391818,389684,10,5,0.16111111111111112,25096.0,-0.07967812456393321,597.0,-0.8250539956803455
30,ho0d4rf1LwY,2023-05-17T09:00:29Z,217,6405971,390212,10,6,0.1625,14153.0,-0.5886785431880552,528.0,-0.9740820734341252
31,ho0d4rf1LwY,2023-05-17T09:00:29Z,217,6422779,390746,10,7,0.1638888888888889,16808.0,-0.4651844271826597,534.0,-0.9611231101511879
32,ho0d4rf1LwY,2023-05-17T09:00:29Z,217,6432340,391335,10,8,0.16527777777777777,9561.0,-0.8022698730173496,589.0,-0.8423326133909287
33,ho0d4rf1LwY,2023-05-17T09:00:29Z,217,6440287,392015,10,9,0.16666666666666666,7947.0,-0.8773431322387087,680.0,-0.6457883369330454
34,ho0d4rf1LwY,2023-05-17T09:00:29Z,217,6460069,392706,10,10,0.16805555555555557,19782.0,-0.32685241174008095,691.0,-0.6220302375809935
35,ho0d4rf1LwY,2023-05-17T09:00:29Z,217,6465437,393414,10,11,0.16944444444444445,5368.0,-0.9973022001023304,708.0,-0.5853131749460043
36,ho0d4rf1LwY,2023-05-17T09:00:29Z,217,6479320,394207,10,12,0.17083333333333334,13883.0,-0.6012372668496209,793.0,-0.4017278617710583
37,ho0d4rf1LwY,2023-05-17T09:00:29Z,217,6499835,395073,10,13,0.17222222222222222,20515.0,-0.29275780268849716,866.0,-0.24406047516198703
38,ho0d4rf1LwY,2023-05-17T09:00:29Z,217,6527163,396140,10,14,0.1736111111111111,27328.0,0.024140657705009536,1067.0,0.1900647948164147
39,ho0d4rf1LwY,2023-05-17T09:00:29Z,217,6540428,396737,10,15,0.175,13265.0,-0.6299827898972046,597.0,-0.8250539956803455
