,id,date,duration,views,likes,category_id,hour,update_diff,views_diff,views_diff_scaled,likes_diff,likes_diff_scaled
1,nY7chyEPkVQ,2023-05-14T10:00:12Z,602,53466,691,26,10,0.06666666666666667,189.0,-0.14163090128755365,2.0,-0.5
2,nY7chyEPkVQ,2023-05-14T10:00:12Z,602,53661,693,26,11,0.06805555555555555,195.0,-0.11587982832618025,2.0,-0.5
3,nY7chyEPkVQ,2023-05-14T10:00:12Z,602,53864,696,26,12,0.06944444444444445,203.0,-0.0815450643776824,3.0,0.0
4,nY7chyEPkVQ,2023-05-14T10:00:12Z,602,54100,700,26,13,0.07083333333333333,236.0,0.060085836909871244,4.0,0.5
5,nY7chyEPkVQ,2023-05-14T10:00:12Z,602,54352,702,26,14,0.07222222222222222,252.0,0.12875536480686695,2.0,-0.5
6,nY7chyEPkVQ,2023-05-14T10:00:12Z,602,54646,703,26,15,0.07361111111111111,294.0,0.3090128755364807,1.0,-1.0
7,nY7chyEPkVQ,2023-05-14T10:00:12Z,602,54941,704,26,16,0.075,295.0,0.3133047210300429,1.0,-1.0
8,nY7chyEPkVQ,2023-05-14T10:00:12Z,602,55067,707,26,17,0.0763888888888889,126.0,-0.41201716738197425,3.0,0.0
9,nY7chyEPkVQ,2023-05-14T10:00:12Z,602,55076,710,26,18,0.07777777777777778,9.0,-0.9141630901287554,3.0,0.0
10,nY7chyEPkVQ,2023-05-14T10:00:12Z,602,55543,713,26,19,0.07916666666666666,467.0,1.0515021459227467,3.0,0.0
11,nY7chyEPkVQ,2023-05-14T10:00:12Z,602,55594,716,26,20,0.08055555555555556,51.0,-0.7339055793991416,3.0,0.0
12,nY7chyEPkVQ,2023-05-14T10:00:12Z,602,55678,719,26,21,0.08194444444444444,84.0,-0.592274678111588,3.0,0.0
13,nY7chyEPkVQ,2023-05-14T10:00:12Z,602,55900,724,26,22,0.08333333333333333,222.0,0.0,5.0,1.0
14,nY7chyEPkVQ,2023-05-14T10:00:12Z,602,56218,727,26,23,0.08472222222222223,318.0,0.41201716738197425,3.0,0.0
15,nY7chyEPkVQ,2023-05-14T10:00:12Z,602,56548,731,26,0,0.08611111111111111,330.0,0.463519313304721,4.0,0.5
16,nY7chyEPkVQ,2023-05-14T10:00:12Z,602,56866,734,26,1,0.0875,318.0,0.41201716738197425,3.0,0.0
17,nY7chyEPkVQ,2023-05-14T10:00:12Z,602,57115,738,26,2,0.08888888888888889,249.0,0.11587982832618025,4.0,0.5
18,nY7chyEPkVQ,2023-05-14T10:00:12Z,602,57446,739,26,3,0.09027777777777778,331.0,0.4678111587982833,1.0,-1.0
19,nY7chyEPkVQ,2023-05-14T10:00:12Z,602,58197,740,26,4,0.09166666666666666,751.0,2.2703862660944205,1.0,-1.0
20,nY7chyEPkVQ,2023-05-14T10:00:12Z,602,58600,740,26,5,0.09305555555555556,403.0,0.776824034334764,0.0,-1.5
21,nY7chyEPkVQ,2023-05-14T10:00:12Z,602,58679,740,26,6,0.09444444444444444,79.0,-0.6137339055793991,0.0,-1.5
22,nY7chyEPkVQ,2023-05-14T10:00:12Z,602,58788,740,26,7,0.09583333333333334,109.0,-0.48497854077253216,0.0,-1.5
23,nY7chyEPkVQ,2023-05-14T10:00:12Z,602,58873,744,26,8,0.09722222222222222,85.0,-0.5879828326180258,4.0,0.5
24,nY7chyEPkVQ,2023-05-14T10:00:12Z,602,58947,745,26,9,0.09861111111111111,74.0,-0.6351931330472103,1.0,-1.0
25,nY7chyEPkVQ,2023-05-14T10:00:12Z,602,59014,744,26,10,0.1,67.0,-0.6652360515021459,-1.0,-2.0
