,id,date,duration,views,likes,category_id,hour,update_diff,views_diff,views_diff_scaled,likes_diff,likes_diff_scaled
1,nY7chyEPkVQ,2023-05-14T10:00:12Z,602,64608,789,26,1,0.22083333333333333,51.0,0.8,0.0,0.0
2,nY7chyEPkVQ,2023-05-14T10:00:12Z,602,64645,789,26,2,0.2222222222222222,37.0,0.36923076923076925,0.0,0.0
3,nY7chyEPkVQ,2023-05-14T10:00:12Z,602,64692,789,26,3,0.22361111111111112,47.0,0.676923076923077,0.0,0.0
4,nY7chyEPkVQ,2023-05-14T10:00:12Z,602,64752,789,26,4,0.225,60.0,1.0769230769230769,0.0,0.0
5,nY7chyEPkVQ,2023-05-14T10:00:12Z,602,64789,789,26,5,0.2263888888888889,37.0,0.36923076923076925,0.0,0.0
6,nY7chyEPkVQ,2023-05-14T10:00:12Z,602,64819,789,26,6,0.22777777777777777,30.0,0.15384615384615385,0.0,0.0
7,nY7chyEPkVQ,2023-05-14T10:00:12Z,602,64827,789,26,7,0.22916666666666666,8.0,-0.5230769230769231,0.0,0.0
8,nY7chyEPkVQ,2023-05-14T10:00:12Z,602,64835,789,26,8,0.23055555555555557,8.0,-0.5230769230769231,0.0,0.0
9,nY7chyEPkVQ,2023-05-14T10:00:12Z,602,64832,789,26,9,0.23194444444444445,-3.0,-0.8615384615384616,0.0,0.0
10,nY7chyEPkVQ,2023-05-14T10:00:12Z,602,64844,789,26,10,0.23333333333333334,12.0,-0.4,0.0,0.0
11,nY7chyEPkVQ,2023-05-14T10:00:12Z,602,64856,789,26,11,0.23472222222222222,12.0,-0.4,0.0,0.0
12,nY7chyEPkVQ,2023-05-14T10:00:12Z,602,64876,789,26,12,0.2361111111111111,20.0,-0.15384615384615385,0.0,0.0
13,nY7chyEPkVQ,2023-05-14T10:00:12Z,602,64897,789,26,13,0.2375,21.0,-0.12307692307692308,0.0,0.0
14,nY7chyEPkVQ,2023-05-14T10:00:12Z,602,64912,789,26,14,0.2388888888888889,15.0,-0.3076923076923077,0.0,0.0
15,nY7chyEPkVQ,2023-05-14T10:00:12Z,602,64943,789,26,15,0.24027777777777778,31.0,0.18461538461538463,0.0,0.0
16,nY7chyEPkVQ,2023-05-14T10:00:12Z,602,64957,789,26,16,0.24166666666666667,14.0,-0.3384615384615385,0.0,0.0
17,nY7chyEPkVQ,2023-05-14T10:00:12Z,602,64982,793,26,17,0.24305555555555555,25.0,0.0,4.0,4.0
18,nY7chyEPkVQ,2023-05-14T10:00:12Z,602,65011,794,26,18,0.24444444444444444,29.0,0.12307692307692308,1.0,1.0
19,nY7chyEPkVQ,2023-05-14T10:00:12Z,602,65051,795,26,19,0.24583333333333332,40.0,0.46153846153846156,1.0,1.0
20,nY7chyEPkVQ,2023-05-14T10:00:12Z,602,65097,795,26,20,0.24722222222222223,46.0,0.6461538461538462,0.0,0.0
21,nY7chyEPkVQ,2023-05-14T10:00:12Z,602,65223,795,26,21,0.24861111111111112,126.0,3.1076923076923078,0.0,0.0
22,nY7chyEPkVQ,2023-05-14T10:00:12Z,602,65282,795,26,22,0.25,59.0,1.0461538461538462,0.0,0.0
23,nY7chyEPkVQ,2023-05-14T10:00:12Z,602,65339,795,26,23,0.2513888888888889,57.0,0.9846153846153847,0.0,0.0
24,nY7chyEPkVQ,2023-05-14T10:00:12Z,602,65375,795,26,0,0.25277777777777777,36.0,0.3384615384615385,0.0,0.0
25,nY7chyEPkVQ,2023-05-14T10:00:12Z,602,65440,795,26,1,0.25416666666666665,65.0,1.2307692307692308,0.0,0.0
26,nY7chyEPkVQ,2023-05-14T10:00:12Z,602,65486,795,26,2,0.25555555555555554,46.0,0.6461538461538462,0.0,0.0
27,nY7chyEPkVQ,2023-05-14T10:00:12Z,602,65535,795,26,3,0.2569444444444444,49.0,0.7384615384615385,0.0,0.0
28,nY7chyEPkVQ,2023-05-14T10:00:12Z,602,65576,795,26,4,0.25833333333333336,41.0,0.49230769230769234,0.0,0.0
29,nY7chyEPkVQ,2023-05-14T10:00:12Z,602,65614,795,26,5,0.25972222222222224,38.0,0.4,0.0,0.0
30,nY7chyEPkVQ,2023-05-14T10:00:12Z,602,65633,796,26,6,0.2611111111111111,19.0,-0.18461538461538463,1.0,1.0
31,nY7chyEPkVQ,2023-05-14T10:00:12Z,602,65649,796,26,7,0.2625,16.0,-0.27692307692307694,0.0,0.0
32,nY7chyEPkVQ,2023-05-14T10:00:12Z,602,65656,796,26,8,0.2638888888888889,7.0,-0.5538461538461539,0.0,0.0
33,nY7chyEPkVQ,2023-05-14T10:00:12Z,602,65663,796,26,9,0.2652777777777778,7.0,-0.5538461538461539,0.0,0.0
34,nY7chyEPkVQ,2023-05-14T10:00:12Z,602,65673,796,26,10,0.26666666666666666,10.0,-0.46153846153846156,0.0,0.0
35,nY7chyEPkVQ,2023-05-14T10:00:12Z,602,65679,796,26,11,0.26805555555555555,6.0,-0.5846153846153846,0.0,0.0
36,nY7chyEPkVQ,2023-05-14T10:00:12Z,602,65682,796,26,12,0.26944444444444443,3.0,-0.676923076923077,0.0,0.0
37,nY7chyEPkVQ,2023-05-14T10:00:12Z,602,65692,796,26,13,0.2708333333333333,10.0,-0.46153846153846156,0.0,0.0
38,nY7chyEPkVQ,2023-05-14T10:00:12Z,602,65710,796,26,14,0.2722222222222222,18.0,-0.2153846153846154,0.0,0.0
39,nY7chyEPkVQ,2023-05-14T10:00:12Z,602,65718,796,26,15,0.27361111111111114,8.0,-0.5230769230769231,0.0,0.0
