,id,date,duration,views,likes,category_id,hour,update_diff,views_diff,views_diff_scaled,likes_diff,likes_diff_scaled
1,z6RSOiYOVuQ,2023-05-17T11:00:09Z,214,560448,26350,22,1,0.11944444444444445,4856.0,1.6930513595166163,74.0,1.2162162162162162
2,z6RSOiYOVuQ,2023-05-17T11:00:09Z,214,563516,26425,22,2,0.12083333333333333,3068.0,0.6126888217522659,75.0,1.2432432432432432
3,z6RSOiYOVuQ,2023-05-17T11:00:09Z,214,566043,26470,22,3,0.12222222222222222,2527.0,0.28580060422960724,45.0,0.43243243243243246
4,z6RSOiYOVuQ,2023-05-17T11:00:09Z,214,568122,26497,22,4,0.12361111111111112,2079.0,0.015105740181268883,27.0,-0.05405405405405406
5,z6RSOiYOVuQ,2023-05-17T11:00:09Z,214,570438,26519,22,5,0.125,2316.0,0.1583081570996979,22.0,-0.1891891891891892
6,z6RSOiYOVuQ,2023-05-17T11:00:09Z,214,571989,26540,22,6,0.12638888888888888,1551.0,-0.3039274924471299,21.0,-0.21621621621621623
7,z6RSOiYOVuQ,2023-05-17T11:00:09Z,214,572511,26549,22,7,0.12777777777777777,522.0,-0.9256797583081571,9.0,-0.5405405405405406
8,z6RSOiYOVuQ,2023-05-17T11:00:09Z,214,573582,26564,22,8,0.12916666666666668,1071.0,-0.5939577039274925,15.0,-0.3783783783783784
9,z6RSOiYOVuQ,2023-05-17T11:00:09Z,214,573113,26587,22,9,0.13055555555555556,-469.0,-1.5244712990936555,23.0,-0.16216216216216217
10,z6RSOiYOVuQ,2023-05-17T11:00:09Z,214,574232,26619,22,10,0.13194444444444445,1119.0,-0.5649546827794562,32.0,0.08108108108108109
11,z6RSOiYOVuQ,2023-05-17T11:00:09Z,214,575433,26661,22,11,0.13333333333333333,1201.0,-0.5154078549848943,42.0,0.35135135135135137
12,z6RSOiYOVuQ,2023-05-17T11:00:09Z,214,577502,26718,22,12,0.13472222222222222,2069.0,0.00906344410876133,57.0,0.7567567567567568
13,z6RSOiYOVuQ,2023-05-17T11:00:09Z,214,579676,26777,22,13,0.1361111111111111,2174.0,0.07250755287009064,59.0,0.8108108108108109
14,z6RSOiYOVuQ,2023-05-17T11:00:09Z,214,582237,26838,22,14,0.1375,2561.0,0.30634441087613296,61.0,0.8648648648648649
15,z6RSOiYOVuQ,2023-05-17T11:00:09Z,214,586053,26897,22,15,0.1388888888888889,3816.0,1.0646525679758307,59.0,0.8108108108108109
16,z6RSOiYOVuQ,2023-05-17T11:00:09Z,214,588965,26963,22,16,0.14027777777777778,2912.0,0.518429003021148,66.0,1.0
17,z6RSOiYOVuQ,2023-05-17T11:00:09Z,214,591844,27020,22,17,0.14166666666666666,2879.0,0.4984894259818731,57.0,0.7567567567567568
18,z6RSOiYOVuQ,2023-05-17T11:00:09Z,214,596510,27077,22,18,0.14305555555555555,4666.0,1.578247734138973,57.0,0.7567567567567568
19,z6RSOiYOVuQ,2023-05-17T11:00:09Z,214,601181,27116,22,19,0.14444444444444443,4671.0,1.5812688821752265,39.0,0.2702702702702703
20,z6RSOiYOVuQ,2023-05-17T11:00:09Z,214,603025,27164,22,20,0.14583333333333334,1844.0,-0.1268882175226586,48.0,0.5135135135135135
21,z6RSOiYOVuQ,2023-05-17T11:00:09Z,214,608241,27201,22,21,0.14722222222222223,5216.0,1.9105740181268882,37.0,0.21621621621621623
22,z6RSOiYOVuQ,2023-05-17T11:00:09Z,214,610922,27251,22,22,0.1486111111111111,2681.0,0.37885196374622354,50.0,0.5675675675675675
23,z6RSOiYOVuQ,2023-05-17T11:00:09Z,214,615290,27297,22,23,0.15,4368.0,1.3981873111782477,46.0,0.4594594594594595
24,z6RSOiYOVuQ,2023-05-17T11:00:09Z,214,617537,27347,22,0,0.15138888888888888,2247.0,0.11661631419939578,50.0,0.5675675675675675
25,z6RSOiYOVuQ,2023-05-17T11:00:09Z,214,620542,27386,22,1,0.1527777777777778,3005.0,0.5746223564954682,39.0,0.2702702702702703
26,z6RSOiYOVuQ,2023-05-17T11:00:09Z,214,622123,27415,22,2,0.15416666666666667,1581.0,-0.28580060422960724,29.0,0.0
27,z6RSOiYOVuQ,2023-05-17T11:00:09Z,214,624633,27443,22,3,0.15555555555555556,2510.0,0.2755287009063444,28.0,-0.02702702702702703
28,z6RSOiYOVuQ,2023-05-17T11:00:09Z,214,626503,27449,22,4,0.15694444444444444,1870.0,-0.11117824773413898,6.0,-0.6216216216216216
29,z6RSOiYOVuQ,2023-05-17T11:00:09Z,214,627284,27462,22,5,0.15833333333333333,781.0,-0.7691842900302115,13.0,-0.43243243243243246
30,z6RSOiYOVuQ,2023-05-17T11:00:09Z,214,628111,27470,22,6,0.1597222222222222,827.0,-0.7413897280966767,8.0,-0.5675675675675675
31,z6RSOiYOVuQ,2023-05-17T11:00:09Z,214,628922,27476,22,7,0.16111111111111112,811.0,-0.7510574018126889,6.0,-0.6216216216216216
32,z6RSOiYOVuQ,2023-05-17T11:00:09Z,214,629088,27492,22,8,0.1625,166.0,-1.140785498489426,16.0,-0.35135135135135137
33,z6RSOiYOVuQ,2023-05-17T11:00:09Z,214,629216,27510,22,9,0.1638888888888889,128.0,-1.1637462235649547,18.0,-0.2972972972972973
34,z6RSOiYOVuQ,2023-05-17T11:00:09Z,214,631270,27522,22,10,0.16527777777777777,2054.0,0.0,12.0,-0.4594594594594595
35,z6RSOiYOVuQ,2023-05-17T11:00:09Z,214,632423,27532,22,11,0.16666666666666666,1153.0,-0.5444108761329305,10.0,-0.5135135135135135
36,z6RSOiYOVuQ,2023-05-17T11:00:09Z,214,633554,27543,22,12,0.16805555555555557,1131.0,-0.5577039274924471,11.0,-0.4864864864864865
37,z6RSOiYOVuQ,2023-05-17T11:00:09Z,214,635048,27554,22,13,0.16944444444444445,1494.0,-0.338368580060423,11.0,-0.4864864864864865
38,z6RSOiYOVuQ,2023-05-17T11:00:09Z,214,636916,27567,22,14,0.17083333333333334,1868.0,-0.11238670694864049,13.0,-0.43243243243243246
39,z6RSOiYOVuQ,2023-05-17T11:00:09Z,214,637799,27580,22,15,0.17222222222222222,883.0,-0.7075528700906344,13.0,-0.43243243243243246
