,id,date,duration,views,likes,category_id,hour,update_diff,views_diff,views_diff_scaled,likes_diff,likes_diff_scaled
1,z6RSOiYOVuQ,2023-05-17T11:00:09Z,214,264396,19960,22,11,0.03333333333333333,8246.0,0.28948962175852005,229.0,0.23054755043227665
2,z6RSOiYOVuQ,2023-05-17T11:00:09Z,214,270177,20178,22,12,0.034722222222222224,5781.0,-0.2533722402686781,218.0,0.16714697406340057
3,z6RSOiYOVuQ,2023-05-17T11:00:09Z,214,274312,20431,22,13,0.03611111111111111,4135.0,-0.61586742278258,253.0,0.3688760806916426
4,z6RSOiYOVuQ,2023-05-17T11:00:09Z,214,284118,20626,22,14,0.0375,9806.0,0.6330452017838463,195.0,0.0345821325648415
5,z6RSOiYOVuQ,2023-05-17T11:00:09Z,214,290337,20809,22,15,0.03888888888888889,6219.0,-0.15691240433849032,183.0,-0.0345821325648415
6,z6RSOiYOVuQ,2023-05-17T11:00:09Z,214,299250,21034,22,16,0.04027777777777778,8913.0,0.4363816550129384,225.0,0.207492795389049
7,z6RSOiYOVuQ,2023-05-17T11:00:09Z,214,304129,21318,22,17,0.041666666666666664,4879.0,-0.452017838462809,284.0,0.547550432276657
8,z6RSOiYOVuQ,2023-05-17T11:00:09Z,214,314783,21639,22,18,0.043055555555555555,10654.0,0.819798491438639,321.0,0.760806916426513
9,z6RSOiYOVuQ,2023-05-17T11:00:09Z,214,321696,21958,22,19,0.044444444444444446,6913.0,-0.004074216814402907,319.0,0.7492795389048992
10,z6RSOiYOVuQ,2023-05-17T11:00:09Z,214,337165,22248,22,20,0.04583333333333333,15469.0,1.8801960028629632,290.0,0.5821325648414986
11,z6RSOiYOVuQ,2023-05-17T11:00:09Z,214,347544,22481,22,21,0.04722222222222222,10379.0,0.7592358090623795,233.0,0.25360230547550433
12,z6RSOiYOVuQ,2023-05-17T11:00:09Z,214,355086,22704,22,22,0.04861111111111111,7542.0,0.13444915487529593,223.0,0.19596541786743515
13,z6RSOiYOVuQ,2023-05-17T11:00:09Z,214,365803,22950,22,23,0.05,10717.0,0.8336728514012003,246.0,0.3285302593659942
14,z6RSOiYOVuQ,2023-05-17T11:00:09Z,214,376403,23118,22,0,0.05138888888888889,10600.0,0.8079061828993008,168.0,-0.12103746397694524
15,z6RSOiYOVuQ,2023-05-17T11:00:09Z,214,385446,23240,22,1,0.05277777777777778,9043.0,0.4650112866817156,122.0,-0.3861671469740634
16,z6RSOiYOVuQ,2023-05-17T11:00:09Z,214,392396,23335,22,2,0.05416666666666667,6950.0,0.004074216814402907,95.0,-0.5417867435158501
17,z6RSOiYOVuQ,2023-05-17T11:00:09Z,214,400515,23391,22,3,0.05555555555555555,8119.0,0.2615206738974839,56.0,-0.7665706051873199
18,z6RSOiYOVuQ,2023-05-17T11:00:09Z,214,404176,23416,22,4,0.05694444444444444,3661.0,-0.7202554644056599,25.0,-0.9452449567723343
19,z6RSOiYOVuQ,2023-05-17T11:00:09Z,214,409064,23443,22,5,0.058333333333333334,4888.0,-0.45003578703958597,27.0,-0.9337175792507204
20,z6RSOiYOVuQ,2023-05-17T11:00:09Z,214,410310,23463,22,6,0.059722222222222225,1246.0,-1.2521059296371744,20.0,-0.9740634005763689
21,z6RSOiYOVuQ,2023-05-17T11:00:09Z,214,412595,23488,22,7,0.06111111111111111,2285.0,-1.0232891042228707,25.0,-0.9452449567723343
22,z6RSOiYOVuQ,2023-05-17T11:00:09Z,214,412645,23559,22,8,0.0625,50.0,-1.5154985409899246,71.0,-0.6801152737752162
23,z6RSOiYOVuQ,2023-05-17T11:00:09Z,214,415018,23624,22,9,0.06388888888888888,2373.0,-1.0039090458624678,65.0,-0.7146974063400576
24,z6RSOiYOVuQ,2023-05-17T11:00:09Z,214,420073,23668,22,10,0.06527777777777778,5055.0,-0.413257721742003,44.0,-0.8357348703170029
