,id,date,duration,views,likes,category_id,hour,update_diff,views_diff,views_diff_scaled,likes_diff,likes_diff_scaled
1,UU2QP5ks3Ss,2023-05-14T04:46:54Z,330,412689,5968,24,1,0.22777777777777777,903.0,-0.19960604070912671,10.0,0.6153846153846154
2,UU2QP5ks3Ss,2023-05-14T04:46:54Z,330,413592,5978,24,2,0.22916666666666666,903.0,-0.19960604070912671,10.0,0.6153846153846154
3,UU2QP5ks3Ss,2023-05-14T04:46:54Z,330,414690,5984,24,3,0.23055555555555557,1098.0,0.056467498358502954,6.0,0.0
4,UU2QP5ks3Ss,2023-05-14T04:46:54Z,330,415844,5989,24,4,0.23194444444444445,1154.0,0.13000656598818122,5.0,-0.15384615384615385
5,UU2QP5ks3Ss,2023-05-14T04:46:54Z,330,416899,5991,24,5,0.23333333333333334,1055.0,0.0,2.0,-0.6153846153846154
6,UU2QP5ks3Ss,2023-05-14T04:46:54Z,330,417510,5993,24,6,0.23472222222222222,611.0,-0.5830597504924491,2.0,-0.6153846153846154
7,UU2QP5ks3Ss,2023-05-14T04:46:54Z,330,417827,5994,24,7,0.2361111111111111,317.0,-0.96913985554826,1.0,-0.7692307692307693
8,UU2QP5ks3Ss,2023-05-14T04:46:54Z,330,418233,5996,24,8,0.2375,406.0,-0.8522652659225214,2.0,-0.6153846153846154
9,UU2QP5ks3Ss,2023-05-14T04:46:54Z,330,418552,6000,24,9,0.2388888888888889,319.0,-0.9665134602757715,4.0,-0.3076923076923077
10,UU2QP5ks3Ss,2023-05-14T04:46:54Z,330,419124,6009,24,10,0.24027777777777778,572.0,-0.6342744583059751,9.0,0.46153846153846156
11,UU2QP5ks3Ss,2023-05-14T04:46:54Z,330,420056,6019,24,11,0.24166666666666667,932.0,-0.16152330925804334,10.0,0.6153846153846154
12,UU2QP5ks3Ss,2023-05-14T04:46:54Z,330,421306,6028,24,12,0.24305555555555555,1250.0,0.2560735390676297,9.0,0.46153846153846156
13,UU2QP5ks3Ss,2023-05-14T04:46:54Z,330,422836,6035,24,13,0.24444444444444444,1530.0,0.623768877216021,7.0,0.15384615384615385
14,UU2QP5ks3Ss,2023-05-14T04:46:54Z,330,424179,6059,24,14,0.24583333333333332,1343.0,0.37820091923834537,24.0,2.769230769230769
15,UU2QP5ks3Ss,2023-05-14T04:46:54Z,330,426000,6085,24,15,0.24722222222222223,1821.0,1.005909389363099,26.0,3.076923076923077
16,UU2QP5ks3Ss,2023-05-14T04:46:54Z,330,428080,6116,24,16,0.24861111111111112,2080.0,1.3460275771503611,31.0,3.8461538461538463
17,UU2QP5ks3Ss,2023-05-14T04:46:54Z,330,431437,6148,24,17,0.25,3357.0,3.0229809586342746,32.0,4.0
18,UU2QP5ks3Ss,2023-05-14T04:46:54Z,330,434845,6166,24,18,0.2513888888888889,3408.0,3.0899540380827313,18.0,1.8461538461538463
19,UU2QP5ks3Ss,2023-05-14T04:46:54Z,330,437832,6185,24,19,0.25277777777777777,2987.0,2.5370978332239003,19.0,2.0
20,UU2QP5ks3Ss,2023-05-14T04:46:54Z,330,439170,6194,24,20,0.25416666666666665,1338.0,0.3716349310571241,9.0,0.46153846153846156
21,UU2QP5ks3Ss,2023-05-14T04:46:54Z,330,442325,6208,24,21,0.25555555555555554,3155.0,2.757715036112935,14.0,1.2307692307692308
22,UU2QP5ks3Ss,2023-05-14T04:46:54Z,330,444038,6217,24,22,0.2569444444444444,1713.0,0.8640840446487197,9.0,0.46153846153846156
23,UU2QP5ks3Ss,2023-05-14T04:46:54Z,330,446111,6223,24,23,0.25833333333333336,2073.0,1.3368351936966514,6.0,0.0
24,UU2QP5ks3Ss,2023-05-14T04:46:54Z,330,447233,6231,24,0,0.25972222222222224,1122.0,0.08798424162836507,8.0,0.3076923076923077
25,UU2QP5ks3Ss,2023-05-14T04:46:54Z,330,448408,6234,24,1,0.2611111111111111,1175.0,0.15758371634931057,3.0,-0.46153846153846156
26,UU2QP5ks3Ss,2023-05-14T04:46:54Z,330,449352,6239,24,2,0.2625,944.0,-0.14576493762311227,5.0,-0.15384615384615385
27,UU2QP5ks3Ss,2023-05-14T04:46:54Z,330,450719,6243,24,3,0.2638888888888889,1367.0,0.40971766250820746,4.0,-0.3076923076923077
28,UU2QP5ks3Ss,2023-05-14T04:46:54Z,330,451650,6245,24,4,0.2652777777777778,931.0,-0.16283650689428758,2.0,-0.6153846153846154
29,UU2QP5ks3Ss,2023-05-14T04:46:54Z,330,452396,6245,24,5,0.26666666666666666,746.0,-0.4057780695994747,0.0,-0.9230769230769231
30,UU2QP5ks3Ss,2023-05-14T04:46:54Z,330,452806,6247,24,6,0.26805555555555555,410.0,-0.8470124753775443,2.0,-0.6153846153846154
31,UU2QP5ks3Ss,2023-05-14T04:46:54Z,330,453219,6247,24,7,0.26944444444444443,413.0,-0.8430728824688115,0.0,-0.9230769230769231
32,UU2QP5ks3Ss,2023-05-14T04:46:54Z,330,453491,6249,24,8,0.2708333333333333,272.0,-1.0282337491792515,2.0,-0.6153846153846154
33,UU2QP5ks3Ss,2023-05-14T04:46:54Z,330,453772,6253,24,9,0.2722222222222222,281.0,-1.0164149704530532,4.0,-0.3076923076923077
34,UU2QP5ks3Ss,2023-05-14T04:46:54Z,330,454591,6256,24,10,0.27361111111111114,819.0,-0.3099146421536441,3.0,-0.46153846153846156
35,UU2QP5ks3Ss,2023-05-14T04:46:54Z,330,455668,6264,24,11,0.275,1077.0,0.028890347997373604,8.0,0.3076923076923077
36,UU2QP5ks3Ss,2023-05-14T04:46:54Z,330,456244,6267,24,12,0.2763888888888889,576.0,-0.629021667760998,3.0,-0.46153846153846156
37,UU2QP5ks3Ss,2023-05-14T04:46:54Z,330,456997,6275,24,13,0.2777777777777778,753.0,-0.39658568614576495,8.0,0.3076923076923077
38,UU2QP5ks3Ss,2023-05-14T04:46:54Z,330,458223,6282,24,14,0.2791666666666667,1226.0,0.22455679579776758,7.0,0.15384615384615385
39,UU2QP5ks3Ss,2023-05-14T04:46:54Z,330,458730,6286,24,15,0.28055555555555556,507.0,-0.7196323046618516,4.0,-0.3076923076923077
