,id,date,duration,views,likes,category_id,hour,update_diff,views_diff,views_diff_scaled,likes_diff,likes_diff_scaled
1,n77Ks6AU0qM,2023-05-13T12:28:31Z,981,1391823,12618,24,1,0.2513888888888889,7266.0,1.6697757491565788,40.0,1.393939393939394
2,n77Ks6AU0qM,2023-05-13T12:28:31Z,981,1396459,12648,24,2,0.25277777777777777,4636.0,0.6259178408414368,30.0,0.7878787878787878
3,n77Ks6AU0qM,2023-05-13T12:28:31Z,981,1401049,12673,24,3,0.25416666666666665,4590.0,0.607660250049613,25.0,0.48484848484848486
4,n77Ks6AU0qM,2023-05-13T12:28:31Z,981,1404935,12687,24,4,0.25555555555555554,3886.0,0.3282397301051796,14.0,-0.18181818181818182
5,n77Ks6AU0qM,2023-05-13T12:28:31Z,981,1408195,12699,24,5,0.2569444444444444,3260.0,0.07977773367731693,12.0,-0.30303030303030304
6,n77Ks6AU0qM,2023-05-13T12:28:31Z,981,1410388,12710,24,6,0.25833333333333336,2193.0,-0.343718991863465,11.0,-0.36363636363636365
7,n77Ks6AU0qM,2023-05-13T12:28:31Z,981,1411681,12717,24,7,0.25972222222222224,1293.0,-0.7009327247469737,7.0,-0.6060606060606061
8,n77Ks6AU0qM,2023-05-13T12:28:31Z,981,1412845,12740,24,8,0.2611111111111111,1164.0,-0.7521333597936098,23.0,0.36363636363636365
9,n77Ks6AU0qM,2023-05-13T12:28:31Z,981,1413866,12753,24,9,0.2625,1021.0,-0.8088906529073229,13.0,-0.24242424242424243
10,n77Ks6AU0qM,2023-05-13T12:28:31Z,981,1415557,12770,24,10,0.2638888888888889,1691.0,-0.5429648739829331,17.0,0.0
11,n77Ks6AU0qM,2023-05-13T12:28:31Z,981,1417414,12793,24,11,0.2652777777777778,1857.0,-0.4770787854733082,23.0,0.36363636363636365
12,n77Ks6AU0qM,2023-05-13T12:28:31Z,981,1420318,12820,24,12,0.26666666666666666,2904.0,-0.06152014288549315,27.0,0.6060606060606061
13,n77Ks6AU0qM,2023-05-13T12:28:31Z,981,1423782,12851,24,13,0.26805555555555555,3464.0,0.16074617979757888,31.0,0.8484848484848485
14,n77Ks6AU0qM,2023-05-13T12:28:31Z,981,1427495,12879,24,14,0.26944444444444443,3713.0,0.25957531256201627,28.0,0.6666666666666666
15,n77Ks6AU0qM,2023-05-13T12:28:31Z,981,1432415,12907,24,15,0.2708333333333333,4920.0,0.7386386187735662,28.0,0.6666666666666666
16,n77Ks6AU0qM,2023-05-13T12:28:31Z,981,1436118,12938,24,16,0.2722222222222222,3703.0,0.25560627108553285,31.0,0.8484848484848485
17,n77Ks6AU0qM,2023-05-13T12:28:31Z,981,1439582,12970,24,17,0.27361111111111114,3464.0,0.16074617979757888,32.0,0.9090909090909091
18,n77Ks6AU0qM,2023-05-13T12:28:31Z,981,1444698,13004,24,18,0.275,5116.0,0.8164318317126414,34.0,1.0303030303030303
19,n77Ks6AU0qM,2023-05-13T12:28:31Z,981,1449274,13041,24,19,0.2763888888888889,4576.0,0.6021035919825363,37.0,1.2121212121212122
20,n77Ks6AU0qM,2023-05-13T12:28:31Z,981,1451389,13069,24,20,0.2777777777777778,2115.0,-0.37467751538003574,28.0,0.6666666666666666
21,n77Ks6AU0qM,2023-05-13T12:28:31Z,981,1457183,13090,24,21,0.2791666666666667,5794.0,1.085532843818218,21.0,0.24242424242424243
22,n77Ks6AU0qM,2023-05-13T12:28:31Z,981,1460410,13119,24,22,0.28055555555555556,3227.0,0.06667989680492162,29.0,0.7272727272727273
23,n77Ks6AU0qM,2023-05-13T12:28:31Z,981,1466045,13161,24,23,0.28194444444444444,5635.0,1.0224250843421314,42.0,1.5151515151515151
24,n77Ks6AU0qM,2023-05-13T12:28:31Z,981,1469707,13188,24,0,0.2833333333333333,3662.0,0.23933320103195077,27.0,0.6060606060606061
25,n77Ks6AU0qM,2023-05-13T12:28:31Z,981,1474248,13212,24,1,0.2847222222222222,4541.0,0.5882119468148442,24.0,0.42424242424242425
26,n77Ks6AU0qM,2023-05-13T12:28:31Z,981,1477921,13229,24,2,0.2861111111111111,3673.0,0.24369914665608255,17.0,0.0
27,n77Ks6AU0qM,2023-05-13T12:28:31Z,981,1482848,13239,24,3,0.2875,4927.0,0.7414169478071045,10.0,-0.42424242424242425
28,n77Ks6AU0qM,2023-05-13T12:28:31Z,981,1485907,13251,24,4,0.28888888888888886,3059.0,0.0,12.0,-0.30303030303030304
29,n77Ks6AU0qM,2023-05-13T12:28:31Z,981,1488386,13257,24,5,0.2902777777777778,2479.0,-0.2302044056360389,6.0,-0.6666666666666666
30,n77Ks6AU0qM,2023-05-13T12:28:31Z,981,1489602,13262,24,6,0.2916666666666667,1216.0,-0.731494344115896,5.0,-0.7272727272727273
31,n77Ks6AU0qM,2023-05-13T12:28:31Z,981,1490782,13269,24,7,0.29305555555555557,1180.0,-0.7457828934312364,7.0,-0.6060606060606061
32,n77Ks6AU0qM,2023-05-13T12:28:31Z,981,1491400,13277,24,8,0.29444444444444445,618.0,-0.9688430244096051,8.0,-0.5454545454545454
33,n77Ks6AU0qM,2023-05-13T12:28:31Z,981,1492090,13288,24,9,0.29583333333333334,690.0,-0.9402659257789244,11.0,-0.36363636363636365
34,n77Ks6AU0qM,2023-05-13T12:28:31Z,981,1494238,13293,24,10,0.2972222222222222,2148.0,-0.3615796785076404,5.0,-0.7272727272727273
35,n77Ks6AU0qM,2023-05-13T12:28:31Z,981,1496125,13300,24,11,0.2986111111111111,1887.0,-0.46517166104385793,7.0,-0.6060606060606061
36,n77Ks6AU0qM,2023-05-13T12:28:31Z,981,1497292,13316,24,12,0.3,1167.0,-0.7509426473506648,16.0,-0.06060606060606061
37,n77Ks6AU0qM,2023-05-13T12:28:31Z,981,1498989,13330,24,13,0.3013888888888889,1697.0,-0.540583449097043,14.0,-0.18181818181818182
38,n77Ks6AU0qM,2023-05-13T12:28:31Z,981,1501396,13343,24,14,0.30277777777777776,2407.0,-0.2587815042667196,13.0,-0.24242424242424243
39,n77Ks6AU0qM,2023-05-13T12:28:31Z,981,1502609,13357,24,15,0.30416666666666664,1213.0,-0.7326850565588411,14.0,-0.18181818181818182
