,id,date,duration,views,likes,category_id,hour,update_diff,views_diff,views_diff_scaled,likes_diff,likes_diff_scaled
1,n77Ks6AU0qM,2023-05-13T12:28:31Z,981,956504,10029,24,16,100,7191.0,0.5507789959607616,26.0,-0.23255813953488372
2,n77Ks6AU0qM,2023-05-13T12:28:31Z,981,960992,10062,24,17,101,4488.0,-0.22908251586843623,33.0,0.09302325581395349
3,n77Ks6AU0qM,2023-05-13T12:28:31Z,981,967520,10093,24,18,102,6528.0,0.3594922100403924,31.0,0.0
4,n77Ks6AU0qM,2023-05-13T12:28:31Z,981,973119,10130,24,19,103,5599.0,0.0914598961338719,37.0,0.27906976744186046
5,n77Ks6AU0qM,2023-05-13T12:28:31Z,981,978590,10165,24,20,104,5471.0,0.05452971725331795,35.0,0.18604651162790697
6,n77Ks6AU0qM,2023-05-13T12:28:31Z,981,985534,10214,24,21,105,6944.0,0.47951529140219273,49.0,0.8372093023255814
7,n77Ks6AU0qM,2023-05-13T12:28:31Z,981,993657,10261,24,22,106,8123.0,0.8196768609347952,47.0,0.7441860465116279
8,n77Ks6AU0qM,2023-05-13T12:28:31Z,981,1003275,10315,24,23,107,9618.0,1.2510098095787652,54.0,1.069767441860465
9,n77Ks6AU0qM,2023-05-13T12:28:31Z,981,1012789,10359,24,0,108,9514.0,1.221004039238315,44.0,0.6046511627906976
10,n77Ks6AU0qM,2023-05-13T12:28:31Z,981,1019512,10400,24,1,109,6723.0,0.4157530294287363,41.0,0.46511627906976744
11,n77Ks6AU0qM,2023-05-13T12:28:31Z,981,1027430,10422,24,2,110,7918.0,0.760530871321408,22.0,-0.4186046511627907
12,n77Ks6AU0qM,2023-05-13T12:28:31Z,981,1036859,10441,24,3,111,9429.0,1.1964800923254473,19.0,-0.5581395348837209
13,n77Ks6AU0qM,2023-05-13T12:28:31Z,981,1041963,10451,24,4,112,5104.0,-0.05135603000577034,10.0,-0.9767441860465116
14,n77Ks6AU0qM,2023-05-13T12:28:31Z,981,1045979,10461,24,5,113,4016.0,-0.36526255049047895,10.0,-0.9767441860465116
15,n77Ks6AU0qM,2023-05-13T12:28:31Z,981,1047658,10471,24,6,114,1679.0,-1.0395268320830928,10.0,-0.9767441860465116
16,n77Ks6AU0qM,2023-05-13T12:28:31Z,981,1049140,10480,24,7,115,1482.0,-1.0963646855164455,9.0,-1.0232558139534884
17,n77Ks6AU0qM,2023-05-13T12:28:31Z,981,1050006,10494,24,8,116,866.0,-1.2740911713791114,14.0,-0.7906976744186046
18,n77Ks6AU0qM,2023-05-13T12:28:31Z,981,1052510,10513,24,9,117,2504.0,-0.8015002885170225,19.0,-0.5581395348837209
19,n77Ks6AU0qM,2023-05-13T12:28:31Z,981,1056773,10544,24,10,118,4263.0,-0.29399884593191,31.0,0.0
20,n77Ks6AU0qM,2023-05-13T12:28:31Z,981,1060697,10568,24,11,119,3924.0,-0.3918061165608771,24.0,-0.32558139534883723
21,n77Ks6AU0qM,2023-05-13T12:28:31Z,981,1064139,10597,24,12,120,3442.0,-0.5308713214079631,29.0,-0.09302325581395349
22,n77Ks6AU0qM,2023-05-13T12:28:31Z,981,1066654,10641,24,13,121,2515.0,-0.7983266012694749,44.0,0.6046511627906976
23,n77Ks6AU0qM,2023-05-13T12:28:31Z,981,1073223,10673,24,14,122,6569.0,0.37132140796306984,32.0,0.046511627906976744
24,n77Ks6AU0qM,2023-05-13T12:28:31Z,981,1078505,10705,24,15,123,5282.0,0.0,32.0,0.046511627906976744
25,n77Ks6AU0qM,2023-05-13T12:28:31Z,981,1085035,10731,24,16,124,6530.0,0.36006924408540103,26.0,-0.23255813953488372
26,n77Ks6AU0qM,2023-05-13T12:28:31Z,981,1088328,10760,24,17,125,3293.0,-0.5738603577611079,29.0,-0.09302325581395349
27,n77Ks6AU0qM,2023-05-13T12:28:31Z,981,1093990,10792,24,18,126,5662.0,0.10963646855164455,32.0,0.046511627906976744
28,n77Ks6AU0qM,2023-05-13T12:28:31Z,981,1096856,10838,24,19,127,2866.0,-0.6970571263704558,46.0,0.6976744186046512
29,n77Ks6AU0qM,2023-05-13T12:28:31Z,981,1103531,10880,24,20,128,6675.0,0.4019042123485286,42.0,0.5116279069767442
30,n77Ks6AU0qM,2023-05-13T12:28:31Z,981,1109106,10914,24,21,129,5575.0,0.08453548759376803,34.0,0.13953488372093023
31,n77Ks6AU0qM,2023-05-13T12:28:31Z,981,1114098,10966,24,22,130,4992.0,-0.08366993652625505,52.0,0.9767441860465116
32,n77Ks6AU0qM,2023-05-13T12:28:31Z,981,1121332,11019,24,23,131,7234.0,0.5631852279284478,53.0,1.0232558139534884
33,n77Ks6AU0qM,2023-05-13T12:28:31Z,981,1129874,11064,24,0,132,8542.0,0.9405654933641084,45.0,0.6511627906976745
34,n77Ks6AU0qM,2023-05-13T12:28:31Z,981,1138159,11104,24,1,133,8285.0,0.8664166185804962,40.0,0.4186046511627907
35,n77Ks6AU0qM,2023-05-13T12:28:31Z,981,1144330,11135,24,2,134,6171.0,0.25649163300634736,31.0,0.0
36,n77Ks6AU0qM,2023-05-13T12:28:31Z,981,1152333,11150,24,3,135,8003.0,0.7850548182342758,15.0,-0.7441860465116279
37,n77Ks6AU0qM,2023-05-13T12:28:31Z,981,1155888,11168,24,4,136,3555.0,-0.498268897864974,18.0,-0.6046511627906976
38,n77Ks6AU0qM,2023-05-13T12:28:31Z,981,1160584,11181,24,5,137,4696.0,-0.16907097518753605,13.0,-0.8372093023255814
39,n77Ks6AU0qM,2023-05-13T12:28:31Z,981,1161970,11191,24,6,138,1386.0,-1.1240623196768609,10.0,-0.9767441860465116
40,n77Ks6AU0qM,2023-05-13T12:28:31Z,981,1164080,11202,24,7,139,2110.0,-0.9151759953837276,11.0,-0.9302325581395349
41,n77Ks6AU0qM,2023-05-13T12:28:31Z,981,1164465,11224,24,8,140,385.0,-1.412867859203693,22.0,-0.4186046511627907
42,n77Ks6AU0qM,2023-05-13T12:28:31Z,981,1167497,11255,24,9,141,3032.0,-0.6491633006347375,31.0,0.0
43,n77Ks6AU0qM,2023-05-13T12:28:31Z,981,1172552,11282,24,10,142,5055.0,-0.0654933641084824,27.0,-0.18604651162790697
