,id,date,duration,views,likes,category_id,hour,update_diff,views_diff,views_diff_scaled,likes_diff,likes_diff_scaled
1,oY_Fu_3Fb4U,2023-05-13T13:19:16Z,715,1999325,23764,24,1,0.25,7116.0,1.6864767885176049,51.0,1.0952380952380953
2,oY_Fu_3Fb4U,2023-05-13T13:19:16Z,715,2003683,23816,24,2,0.2513888888888889,4358.0,0.44942812289751066,52.0,1.1428571428571428
3,oY_Fu_3Fb4U,2023-05-13T13:19:16Z,715,2008555,23848,24,3,0.25277777777777777,4872.0,0.6799730881363535,32.0,0.19047619047619047
4,oY_Fu_3Fb4U,2023-05-13T13:19:16Z,715,2012517,23864,24,4,0.25416666666666665,3962.0,0.271809822830231,16.0,-0.5714285714285714
5,oY_Fu_3Fb4U,2023-05-13T13:19:16Z,715,2015873,23882,24,5,0.25555555555555554,3356.0,0.0,18.0,-0.47619047619047616
6,oY_Fu_3Fb4U,2023-05-13T13:19:16Z,715,2017828,23886,24,6,0.2569444444444444,1955.0,-0.6283920161471181,4.0,-1.1428571428571428
7,oY_Fu_3Fb4U,2023-05-13T13:19:16Z,715,2018875,23896,24,7,0.25833333333333336,1047.0,-1.0356582193316888,10.0,-0.8571428571428571
8,oY_Fu_3Fb4U,2023-05-13T13:19:16Z,715,2019850,23921,24,8,0.25972222222222224,975.0,-1.0679524557075577,25.0,-0.14285714285714285
9,oY_Fu_3Fb4U,2023-05-13T13:19:16Z,715,2020841,23948,24,9,0.2611111111111111,991.0,-1.0607759587351424,27.0,-0.047619047619047616
10,oY_Fu_3Fb4U,2023-05-13T13:19:16Z,715,2022747,23976,24,10,0.2625,1906.0,-0.6503700381251402,28.0,0.0
11,oY_Fu_3Fb4U,2023-05-13T13:19:16Z,715,2024987,24006,24,11,0.2638888888888889,2240.0,-0.50056066382597,30.0,0.09523809523809523
12,oY_Fu_3Fb4U,2023-05-13T13:19:16Z,715,2028396,24046,24,12,0.2652777777777778,3409.0,0.023772146221125813,40.0,0.5714285714285714
13,oY_Fu_3Fb4U,2023-05-13T13:19:16Z,715,2032118,24102,24,13,0.26666666666666666,3722.0,0.1641623682440009,56.0,1.3333333333333333
14,oY_Fu_3Fb4U,2023-05-13T13:19:16Z,715,2035940,24136,24,14,0.26805555555555555,3822.0,0.20901547432159678,34.0,0.2857142857142857
15,oY_Fu_3Fb4U,2023-05-13T13:19:16Z,715,2041097,24181,24,15,0.26944444444444443,5157.0,0.8078044404575017,45.0,0.8095238095238095
16,oY_Fu_3Fb4U,2023-05-13T13:19:16Z,715,2045053,24225,24,16,0.2708333333333333,3956.0,0.26911863646557527,44.0,0.7619047619047619
17,oY_Fu_3Fb4U,2023-05-13T13:19:16Z,715,2048430,24259,24,17,0.2722222222222222,3377.0,0.009419152276295133,34.0,0.2857142857142857
18,oY_Fu_3Fb4U,2023-05-13T13:19:16Z,715,2053773,24296,24,18,0.27361111111111114,5343.0,0.89123121776183,37.0,0.42857142857142855
19,oY_Fu_3Fb4U,2023-05-13T13:19:16Z,715,2058513,24332,24,19,0.275,4740.0,0.6207669881139269,36.0,0.38095238095238093
20,oY_Fu_3Fb4U,2023-05-13T13:19:16Z,715,2060553,24364,24,20,0.2763888888888889,2040.0,-0.5902668759811617,32.0,0.19047619047619047
21,oY_Fu_3Fb4U,2023-05-13T13:19:16Z,715,2066595,24402,24,21,0.2777777777777778,6042.0,1.2047544292442252,38.0,0.47619047619047616
22,oY_Fu_3Fb4U,2023-05-13T13:19:16Z,715,2069999,24436,24,22,0.2791666666666667,3404.0,0.02152949091724602,34.0,0.2857142857142857
23,oY_Fu_3Fb4U,2023-05-13T13:19:16Z,715,2075879,24488,24,23,0.28055555555555556,5880.0,1.1320923973985197,52.0,1.1428571428571428
24,oY_Fu_3Fb4U,2023-05-13T13:19:16Z,715,2079592,24552,24,0,0.28194444444444444,3713.0,0.16012558869701726,64.0,1.7142857142857142
25,oY_Fu_3Fb4U,2023-05-13T13:19:16Z,715,2084281,24587,24,1,0.2833333333333333,4689.0,0.597891904014353,35.0,0.3333333333333333
26,oY_Fu_3Fb4U,2023-05-13T13:19:16Z,715,2087859,24606,24,2,0.2847222222222222,3578.0,0.09957389549226284,19.0,-0.42857142857142855
27,oY_Fu_3Fb4U,2023-05-13T13:19:16Z,715,2092962,24626,24,3,0.2861111111111111,5103.0,0.7835837631755999,20.0,-0.38095238095238093
28,oY_Fu_3Fb4U,2023-05-13T13:19:16Z,715,2096094,24639,24,4,0.2875,3132.0,-0.10047095761381476,13.0,-0.7142857142857143
29,oY_Fu_3Fb4U,2023-05-13T13:19:16Z,715,2098567,24648,24,5,0.28888888888888886,2473.0,-0.39605292666517156,9.0,-0.9047619047619048
30,oY_Fu_3Fb4U,2023-05-13T13:19:16Z,715,2099671,24650,24,6,0.2902777777777778,1104.0,-1.0100919488674591,2.0,-1.2380952380952381
31,oY_Fu_3Fb4U,2023-05-13T13:19:16Z,715,2100666,24659,24,7,0.2916666666666667,995.0,-1.0589818344920385,9.0,-0.9047619047619048
32,oY_Fu_3Fb4U,2023-05-13T13:19:16Z,715,2101277,24668,24,8,0.29305555555555557,611.0,-1.2312177618300066,9.0,-0.9047619047619048
33,oY_Fu_3Fb4U,2023-05-13T13:19:16Z,715,2101967,24684,24,9,0.29444444444444445,690.0,-1.195783808028706,16.0,-0.5714285714285714
34,oY_Fu_3Fb4U,2023-05-13T13:19:16Z,715,2104038,24697,24,10,0.29583333333333334,2071.0,-0.576362413097107,13.0,-0.7142857142857143
35,oY_Fu_3Fb4U,2023-05-13T13:19:16Z,715,2106145,24716,24,11,0.2972222222222222,2107.0,-0.5602152949091724,19.0,-0.42857142857142855
36,oY_Fu_3Fb4U,2023-05-13T13:19:16Z,715,2107389,24734,24,12,0.2986111111111111,1244.0,-0.9472976003588248,18.0,-0.47619047619047616
37,oY_Fu_3Fb4U,2023-05-13T13:19:16Z,715,2109379,24762,24,13,0.3,1990.0,-0.6126934290199596,28.0,0.0
38,oY_Fu_3Fb4U,2023-05-13T13:19:16Z,715,2112189,24799,24,14,0.3013888888888889,2810.0,-0.24489795918367346,37.0,0.42857142857142855
39,oY_Fu_3Fb4U,2023-05-13T13:19:16Z,715,2113778,24812,24,15,0.30277777777777776,1589.0,-0.7925543843911191,13.0,-0.7142857142857143
