,id,date,duration,views,likes,category_id,hour,update_diff,views_diff,views_diff_scaled,likes_diff,likes_diff_scaled
1,WYfQ9K3mpUY,2023-05-17T12:34:56Z,569,166891,875,20,1,0.11666666666666667,315.0,0.668918918918919,3.0,2.0
2,WYfQ9K3mpUY,2023-05-17T12:34:56Z,569,167107,875,20,2,0.11805555555555555,216.0,0.0,0.0,-1.0
3,WYfQ9K3mpUY,2023-05-17T12:34:56Z,569,167310,875,20,3,0.11944444444444445,203.0,-0.08783783783783784,0.0,-1.0
4,WYfQ9K3mpUY,2023-05-17T12:34:56Z,569,167541,876,20,4,0.12083333333333333,231.0,0.10135135135135136,1.0,0.0
5,WYfQ9K3mpUY,2023-05-17T12:34:56Z,569,167797,878,20,5,0.12222222222222222,256.0,0.2702702702702703,2.0,1.0
6,WYfQ9K3mpUY,2023-05-17T12:34:56Z,569,167964,878,20,6,0.12361111111111112,167.0,-0.3310810810810811,0.0,-1.0
7,WYfQ9K3mpUY,2023-05-17T12:34:56Z,569,168090,878,20,7,0.125,126.0,-0.6081081081081081,0.0,-1.0
8,WYfQ9K3mpUY,2023-05-17T12:34:56Z,569,168238,878,20,8,0.12638888888888888,148.0,-0.4594594594594595,0.0,-1.0
9,WYfQ9K3mpUY,2023-05-17T12:34:56Z,569,168332,879,20,9,0.12777777777777777,94.0,-0.8243243243243243,1.0,0.0
10,WYfQ9K3mpUY,2023-05-17T12:34:56Z,569,168480,880,20,10,0.12916666666666668,148.0,-0.4594594594594595,1.0,0.0
11,WYfQ9K3mpUY,2023-05-17T12:34:56Z,569,168637,882,20,11,0.13055555555555556,157.0,-0.39864864864864863,2.0,1.0
12,WYfQ9K3mpUY,2023-05-17T12:34:56Z,569,168945,883,20,12,0.13194444444444445,308.0,0.6216216216216216,1.0,0.0
13,WYfQ9K3mpUY,2023-05-17T12:34:56Z,569,169296,883,20,13,0.13333333333333333,351.0,0.9121621621621622,0.0,-1.0
14,WYfQ9K3mpUY,2023-05-17T12:34:56Z,569,169715,884,20,14,0.13472222222222222,419.0,1.3716216216216217,1.0,0.0
15,WYfQ9K3mpUY,2023-05-17T12:34:56Z,569,170148,886,20,15,0.1361111111111111,433.0,1.4662162162162162,2.0,1.0
16,WYfQ9K3mpUY,2023-05-17T12:34:56Z,569,170400,886,20,16,0.1375,252.0,0.24324324324324326,0.0,-1.0
17,WYfQ9K3mpUY,2023-05-17T12:34:56Z,569,170674,887,20,17,0.1388888888888889,274.0,0.3918918918918919,1.0,0.0
18,WYfQ9K3mpUY,2023-05-17T12:34:56Z,569,171067,887,20,18,0.14027777777777778,393.0,1.195945945945946,0.0,-1.0
19,WYfQ9K3mpUY,2023-05-17T12:34:56Z,569,171466,888,20,19,0.14166666666666666,399.0,1.2364864864864864,1.0,0.0
20,WYfQ9K3mpUY,2023-05-17T12:34:56Z,569,171693,890,20,20,0.14305555555555555,227.0,0.07432432432432433,2.0,1.0
21,WYfQ9K3mpUY,2023-05-17T12:34:56Z,569,172358,891,20,21,0.14444444444444443,665.0,3.0337837837837838,1.0,0.0
22,WYfQ9K3mpUY,2023-05-17T12:34:56Z,569,172709,891,20,22,0.14583333333333334,351.0,0.9121621621621622,0.0,-1.0
23,WYfQ9K3mpUY,2023-05-17T12:34:56Z,569,173162,892,20,23,0.14722222222222223,453.0,1.6013513513513513,1.0,0.0
24,WYfQ9K3mpUY,2023-05-17T12:34:56Z,569,173408,894,20,0,0.1486111111111111,246.0,0.20270270270270271,2.0,1.0
25,WYfQ9K3mpUY,2023-05-17T12:34:56Z,569,173692,894,20,1,0.15,284.0,0.4594594594594595,0.0,-1.0
26,WYfQ9K3mpUY,2023-05-17T12:34:56Z,569,173904,894,20,2,0.15138888888888888,212.0,-0.02702702702702703,0.0,-1.0
27,WYfQ9K3mpUY,2023-05-17T12:34:56Z,569,174185,894,20,3,0.1527777777777778,281.0,0.4391891891891892,0.0,-1.0
28,WYfQ9K3mpUY,2023-05-17T12:34:56Z,569,174335,895,20,4,0.15416666666666667,150.0,-0.44594594594594594,1.0,0.0
29,WYfQ9K3mpUY,2023-05-17T12:34:56Z,569,174499,895,20,5,0.15555555555555556,164.0,-0.35135135135135137,0.0,-1.0
30,WYfQ9K3mpUY,2023-05-17T12:34:56Z,569,174576,895,20,6,0.15694444444444444,77.0,-0.9391891891891891,0.0,-1.0
31,WYfQ9K3mpUY,2023-05-17T12:34:56Z,569,174697,896,20,7,0.15833333333333333,121.0,-0.6418918918918919,1.0,0.0
32,WYfQ9K3mpUY,2023-05-17T12:34:56Z,569,174754,897,20,8,0.1597222222222222,57.0,-1.0743243243243243,1.0,0.0
33,WYfQ9K3mpUY,2023-05-17T12:34:56Z,569,174803,897,20,9,0.16111111111111112,49.0,-1.1283783783783783,0.0,-1.0
34,WYfQ9K3mpUY,2023-05-17T12:34:56Z,569,174954,899,20,10,0.1625,151.0,-0.4391891891891892,2.0,1.0
35,WYfQ9K3mpUY,2023-05-17T12:34:56Z,569,175083,899,20,11,0.1638888888888889,129.0,-0.5878378378378378,0.0,-1.0
36,WYfQ9K3mpUY,2023-05-17T12:34:56Z,569,175164,900,20,12,0.16527777777777777,81.0,-0.9121621621621622,1.0,0.0
37,WYfQ9K3mpUY,2023-05-17T12:34:56Z,569,175328,900,20,13,0.16666666666666666,164.0,-0.35135135135135137,0.0,-1.0
38,WYfQ9K3mpUY,2023-05-17T12:34:56Z,569,175565,899,20,14,0.16944444444444445,237.0,0.14189189189189189,-1.0,-2.0
39,WYfQ9K3mpUY,2023-05-17T12:34:56Z,569,175680,899,20,15,0.16944444444444445,115.0,-0.6824324324324325,0.0,-1.0
