,id,date,duration,views,likes,category_id,hour,update_diff,views_diff,views_diff_scaled,likes_diff,likes_diff_scaled
1,q_Qd5_JLyZg,2023-05-15T12:07:39Z,597,161710,838,20,16,0.07222222222222222,737.0,1.7252173913043478,0.0,0.0
2,q_Qd5_JLyZg,2023-05-15T12:07:39Z,597,162241,838,20,17,0.07361111111111111,531.0,1.008695652173913,0.0,0.0
3,q_Qd5_JLyZg,2023-05-15T12:07:39Z,597,163062,839,20,18,0.075,821.0,2.017391304347826,1.0,1.0
4,q_Qd5_JLyZg,2023-05-15T12:07:39Z,597,163596,840,20,19,0.0763888888888889,534.0,1.0191304347826087,1.0,1.0
5,q_Qd5_JLyZg,2023-05-15T12:07:39Z,597,164069,841,20,20,0.07777777777777778,473.0,0.8069565217391305,1.0,1.0
6,q_Qd5_JLyZg,2023-05-15T12:07:39Z,597,164677,840,20,21,0.07916666666666666,608.0,1.2765217391304349,-1.0,-1.0
7,q_Qd5_JLyZg,2023-05-15T12:07:39Z,597,165252,842,20,22,0.08055555555555556,575.0,1.1617391304347826,2.0,2.0
8,q_Qd5_JLyZg,2023-05-15T12:07:39Z,597,165827,844,20,23,0.08194444444444444,575.0,1.1617391304347826,2.0,2.0
9,q_Qd5_JLyZg,2023-05-15T12:07:39Z,597,166227,846,20,0,0.08333333333333333,400.0,0.5530434782608695,2.0,2.0
10,q_Qd5_JLyZg,2023-05-15T12:07:39Z,597,166560,846,20,1,0.08472222222222223,333.0,0.32,0.0,0.0
11,q_Qd5_JLyZg,2023-05-15T12:07:39Z,597,167034,847,20,2,0.08611111111111111,474.0,0.8104347826086956,1.0,1.0
12,q_Qd5_JLyZg,2023-05-15T12:07:39Z,597,167473,846,20,3,0.0875,439.0,0.688695652173913,-1.0,-1.0
13,q_Qd5_JLyZg,2023-05-15T12:07:39Z,597,167755,846,20,4,0.08888888888888889,282.0,0.1426086956521739,0.0,0.0
14,q_Qd5_JLyZg,2023-05-15T12:07:39Z,597,168038,846,20,5,0.09027777777777778,283.0,0.14608695652173914,0.0,0.0
15,q_Qd5_JLyZg,2023-05-15T12:07:39Z,597,168189,846,20,6,0.09166666666666666,151.0,-0.3130434782608696,0.0,0.0
16,q_Qd5_JLyZg,2023-05-15T12:07:39Z,597,168332,847,20,7,0.09305555555555556,143.0,-0.3408695652173913,1.0,1.0
17,q_Qd5_JLyZg,2023-05-15T12:07:39Z,597,168424,848,20,8,0.09444444444444444,92.0,-0.5182608695652174,1.0,1.0
18,q_Qd5_JLyZg,2023-05-15T12:07:39Z,597,168630,848,20,9,0.09583333333333334,206.0,-0.12173913043478261,0.0,0.0
19,q_Qd5_JLyZg,2023-05-15T12:07:39Z,597,168934,849,20,10,0.09722222222222222,304.0,0.21913043478260869,1.0,1.0
20,q_Qd5_JLyZg,2023-05-15T12:07:39Z,597,169175,852,20,11,0.09861111111111111,241.0,0.0,3.0,3.0
21,q_Qd5_JLyZg,2023-05-15T12:07:39Z,597,169394,856,20,12,0.1,219.0,-0.07652173913043478,4.0,4.0
22,q_Qd5_JLyZg,2023-05-15T12:07:39Z,597,169558,859,20,13,0.10138888888888889,164.0,-0.2678260869565217,3.0,3.0
23,q_Qd5_JLyZg,2023-05-15T12:07:39Z,597,170018,862,20,14,0.10277777777777777,460.0,0.7617391304347826,3.0,3.0
24,q_Qd5_JLyZg,2023-05-15T12:07:39Z,597,170380,862,20,15,0.10416666666666667,362.0,0.42086956521739133,0.0,0.0
25,q_Qd5_JLyZg,2023-05-15T12:07:39Z,597,170886,862,20,16,0.10555555555555556,506.0,0.9217391304347826,0.0,0.0
26,q_Qd5_JLyZg,2023-05-15T12:07:39Z,597,171125,862,20,17,0.10694444444444444,239.0,-0.006956521739130435,0.0,0.0
27,q_Qd5_JLyZg,2023-05-15T12:07:39Z,597,171476,862,20,18,0.10833333333333334,351.0,0.3826086956521739,0.0,0.0
28,q_Qd5_JLyZg,2023-05-15T12:07:39Z,597,171688,862,20,19,0.10972222222222222,212.0,-0.10086956521739131,0.0,0.0
29,q_Qd5_JLyZg,2023-05-15T12:07:39Z,597,172040,866,20,20,0.1111111111111111,352.0,0.38608695652173913,4.0,4.0
30,q_Qd5_JLyZg,2023-05-15T12:07:39Z,597,172291,866,20,21,0.1125,251.0,0.034782608695652174,0.0,0.0
31,q_Qd5_JLyZg,2023-05-15T12:07:39Z,597,172423,866,20,22,0.11388888888888889,132.0,-0.3791304347826087,0.0,0.0
32,q_Qd5_JLyZg,2023-05-15T12:07:39Z,597,172640,867,20,23,0.11527777777777778,217.0,-0.08347826086956522,1.0,1.0
33,q_Qd5_JLyZg,2023-05-15T12:07:39Z,597,172830,867,20,0,0.11666666666666667,190.0,-0.17739130434782607,0.0,0.0
34,q_Qd5_JLyZg,2023-05-15T12:07:39Z,597,172986,867,20,1,0.11805555555555555,156.0,-0.2956521739130435,0.0,0.0
35,q_Qd5_JLyZg,2023-05-15T12:07:39Z,597,173151,868,20,2,0.11944444444444445,165.0,-0.2643478260869565,1.0,1.0
36,q_Qd5_JLyZg,2023-05-15T12:07:39Z,597,173373,869,20,3,0.12083333333333333,222.0,-0.06608695652173913,1.0,1.0
37,q_Qd5_JLyZg,2023-05-15T12:07:39Z,597,173533,869,20,4,0.12222222222222222,160.0,-0.2817391304347826,0.0,0.0
38,q_Qd5_JLyZg,2023-05-15T12:07:39Z,597,173766,869,20,5,0.12361111111111112,233.0,-0.02782608695652174,0.0,0.0
39,q_Qd5_JLyZg,2023-05-15T12:07:39Z,597,173830,870,20,6,0.125,64.0,-0.6156521739130435,1.0,1.0
40,q_Qd5_JLyZg,2023-05-15T12:07:39Z,597,173950,870,20,7,0.12638888888888888,120.0,-0.42086956521739133,0.0,0.0
41,q_Qd5_JLyZg,2023-05-15T12:07:39Z,597,173970,870,20,8,0.12777777777777777,20.0,-0.768695652173913,0.0,0.0
42,q_Qd5_JLyZg,2023-05-15T12:07:39Z,597,174097,870,20,9,0.12916666666666668,127.0,-0.39652173913043476,0.0,0.0
43,q_Qd5_JLyZg,2023-05-15T12:07:39Z,597,174239,870,20,10,0.13055555555555556,142.0,-0.3443478260869565,0.0,0.0
