,id,date,duration,views,likes,category_id,hour,update_diff,views_diff,views_diff_scaled,likes_diff,likes_diff_scaled
1,mzFwn2g1k-c,2023-05-10T13:47:29Z,527,103367,643,20,14,0.3,31.0,1.2307692307692308,0.0,0.0
2,mzFwn2g1k-c,2023-05-10T13:47:29Z,527,103378,643,20,15,0.3013888888888889,11.0,-0.3076923076923077,0.0,0.0
3,mzFwn2g1k-c,2023-05-10T13:47:29Z,527,103405,643,20,16,0.30277777777777776,27.0,0.9230769230769231,0.0,0.0
4,mzFwn2g1k-c,2023-05-10T13:47:29Z,527,103422,643,20,17,0.30416666666666664,17.0,0.15384615384615385,0.0,0.0
5,mzFwn2g1k-c,2023-05-10T13:47:29Z,527,103437,643,20,18,0.3055555555555556,15.0,0.0,0.0,0.0
6,mzFwn2g1k-c,2023-05-10T13:47:29Z,527,103454,643,20,19,0.30694444444444446,17.0,0.15384615384615385,0.0,0.0
7,mzFwn2g1k-c,2023-05-10T13:47:29Z,527,103476,642,20,20,0.30833333333333335,22.0,0.5384615384615384,-1.0,-1.0
8,mzFwn2g1k-c,2023-05-10T13:47:29Z,527,103482,642,20,21,0.30972222222222223,6.0,-0.6923076923076923,0.0,0.0
9,mzFwn2g1k-c,2023-05-10T13:47:29Z,527,103487,642,20,22,0.3111111111111111,5.0,-0.7692307692307693,0.0,0.0
10,mzFwn2g1k-c,2023-05-10T13:47:29Z,527,103504,641,20,23,0.3125,17.0,0.15384615384615385,-1.0,-1.0
11,mzFwn2g1k-c,2023-05-10T13:47:29Z,527,103513,641,20,0,0.3138888888888889,9.0,-0.46153846153846156,0.0,0.0
12,mzFwn2g1k-c,2023-05-10T13:47:29Z,527,103547,641,20,1,0.31527777777777777,34.0,1.4615384615384615,0.0,0.0
13,mzFwn2g1k-c,2023-05-10T13:47:29Z,527,103572,641,20,2,0.31666666666666665,25.0,0.7692307692307693,0.0,0.0
14,mzFwn2g1k-c,2023-05-10T13:47:29Z,527,103595,641,20,3,0.31805555555555554,23.0,0.6153846153846154,0.0,0.0
15,mzFwn2g1k-c,2023-05-10T13:47:29Z,527,103617,641,20,4,0.3194444444444444,22.0,0.5384615384615384,0.0,0.0
16,mzFwn2g1k-c,2023-05-10T13:47:29Z,527,103633,641,20,5,0.32083333333333336,16.0,0.07692307692307693,0.0,0.0
17,mzFwn2g1k-c,2023-05-10T13:47:29Z,527,103654,641,20,6,0.32222222222222224,21.0,0.46153846153846156,0.0,0.0
18,mzFwn2g1k-c,2023-05-10T13:47:29Z,527,103661,641,20,7,0.3236111111111111,7.0,-0.6153846153846154,0.0,0.0
19,mzFwn2g1k-c,2023-05-10T13:47:29Z,527,103671,641,20,8,0.325,10.0,-0.38461538461538464,0.0,0.0
20,mzFwn2g1k-c,2023-05-10T13:47:29Z,527,103675,641,20,9,0.3263888888888889,4.0,-0.8461538461538461,0.0,0.0
21,mzFwn2g1k-c,2023-05-10T13:47:29Z,527,103685,641,20,10,0.3277777777777778,10.0,-0.38461538461538464,0.0,0.0
22,mzFwn2g1k-c,2023-05-10T13:47:29Z,527,103695,641,20,11,0.32916666666666666,10.0,-0.38461538461538464,0.0,0.0
23,mzFwn2g1k-c,2023-05-10T13:47:29Z,527,103708,642,20,12,0.33055555555555555,13.0,-0.15384615384615385,1.0,1.0
24,mzFwn2g1k-c,2023-05-10T13:47:29Z,527,103719,642,20,13,0.33194444444444443,11.0,-0.3076923076923077,0.0,0.0
25,mzFwn2g1k-c,2023-05-10T13:47:29Z,527,103748,642,20,14,0.3333333333333333,29.0,1.0769230769230769,0.0,0.0
26,mzFwn2g1k-c,2023-05-10T13:47:29Z,527,103760,642,20,15,0.3347222222222222,12.0,-0.23076923076923078,0.0,0.0
27,mzFwn2g1k-c,2023-05-10T13:47:29Z,527,103785,642,20,16,0.33611111111111114,25.0,0.7692307692307693,0.0,0.0
28,mzFwn2g1k-c,2023-05-10T13:47:29Z,527,103812,642,20,17,0.3375,27.0,0.9230769230769231,0.0,0.0
29,mzFwn2g1k-c,2023-05-10T13:47:29Z,527,103826,642,20,18,0.3388888888888889,14.0,-0.07692307692307693,0.0,0.0
30,mzFwn2g1k-c,2023-05-10T13:47:29Z,527,103841,643,20,19,0.3402777777777778,15.0,0.0,1.0,1.0
31,mzFwn2g1k-c,2023-05-10T13:47:29Z,527,103847,643,20,20,0.3416666666666667,6.0,-0.6923076923076923,0.0,0.0
32,mzFwn2g1k-c,2023-05-10T13:47:29Z,527,103872,643,20,21,0.34305555555555556,25.0,0.7692307692307693,0.0,0.0
33,mzFwn2g1k-c,2023-05-10T13:47:29Z,527,103881,643,20,22,0.34444444444444444,9.0,-0.46153846153846156,0.0,0.0
