,id,date,duration,views,likes,category_id,hour,update_diff,views_diff,views_diff_scaled,likes_diff,likes_diff_scaled
1,UYcqpV3_6Iw,2023-05-03T10:00:17Z,1050,212812,7565,20,1,0.5875,88.0,0.5842696629213483,1.0,0.0
2,UYcqpV3_6Iw,2023-05-03T10:00:17Z,1050,212908,7565,20,2,0.5888888888888889,96.0,0.7640449438202247,0.0,-0.5
3,UYcqpV3_6Iw,2023-05-03T10:00:17Z,1050,212979,7567,20,3,0.5902777777777778,71.0,0.20224719101123595,2.0,0.5
4,UYcqpV3_6Iw,2023-05-03T10:00:17Z,1050,213071,7568,20,4,0.5916666666666667,92.0,0.6741573033707865,1.0,0.0
5,UYcqpV3_6Iw,2023-05-03T10:00:17Z,1050,213130,7568,20,5,0.5930555555555556,59.0,-0.06741573033707865,0.0,-0.5
6,UYcqpV3_6Iw,2023-05-03T10:00:17Z,1050,213186,7569,20,6,0.5944444444444444,56.0,-0.1348314606741573,1.0,0.0
7,UYcqpV3_6Iw,2023-05-03T10:00:17Z,1050,213217,7570,20,7,0.5958333333333333,31.0,-0.6966292134831461,1.0,0.0
8,UYcqpV3_6Iw,2023-05-03T10:00:17Z,1050,213239,7570,20,8,0.5972222222222222,22.0,-0.898876404494382,0.0,-0.5
9,UYcqpV3_6Iw,2023-05-03T10:00:17Z,1050,213263,7571,20,9,0.5986111111111111,24.0,-0.8539325842696629,1.0,0.0
10,UYcqpV3_6Iw,2023-05-03T10:00:17Z,1050,213293,7573,20,10,0.6,30.0,-0.7191011235955056,2.0,0.5
11,UYcqpV3_6Iw,2023-05-03T10:00:17Z,1050,213332,7574,20,11,0.6013888888888889,39.0,-0.5168539325842697,1.0,0.0
12,UYcqpV3_6Iw,2023-05-03T10:00:17Z,1050,213378,7576,20,12,0.6027777777777777,46.0,-0.3595505617977528,2.0,0.5
13,UYcqpV3_6Iw,2023-05-03T10:00:17Z,1050,213446,7578,20,13,0.6041666666666666,68.0,0.1348314606741573,2.0,0.5
14,UYcqpV3_6Iw,2023-05-03T10:00:17Z,1050,213539,7580,20,14,0.6055555555555555,93.0,0.6966292134831461,2.0,0.5
15,UYcqpV3_6Iw,2023-05-03T10:00:17Z,1050,213633,7582,20,15,0.6069444444444444,94.0,0.7191011235955056,2.0,0.5
16,UYcqpV3_6Iw,2023-05-03T10:00:17Z,1050,213710,7581,20,16,0.6083333333333333,77.0,0.33707865168539325,-1.0,-1.0
17,UYcqpV3_6Iw,2023-05-03T10:00:17Z,1050,213773,7581,20,17,0.6097222222222223,63.0,0.02247191011235955,0.0,-0.5
18,UYcqpV3_6Iw,2023-05-03T10:00:17Z,1050,213853,7583,20,18,0.6111111111111112,80.0,0.4044943820224719,2.0,0.5
19,UYcqpV3_6Iw,2023-05-03T10:00:17Z,1050,213926,7585,20,19,0.6125,73.0,0.24719101123595505,2.0,0.5
20,UYcqpV3_6Iw,2023-05-03T10:00:17Z,1050,213976,7589,20,20,0.6138888888888889,50.0,-0.2696629213483146,4.0,1.5
21,UYcqpV3_6Iw,2023-05-03T10:00:17Z,1050,214099,7589,20,21,0.6152777777777778,123.0,1.3707865168539326,0.0,-0.5
22,UYcqpV3_6Iw,2023-05-03T10:00:17Z,1050,214170,7589,20,22,0.6166666666666667,71.0,0.20224719101123595,0.0,-0.5
23,UYcqpV3_6Iw,2023-05-03T10:00:17Z,1050,214275,7590,20,23,0.6180555555555556,105.0,0.9662921348314607,1.0,0.0
24,UYcqpV3_6Iw,2023-05-03T10:00:17Z,1050,214349,7591,20,0,0.6194444444444445,74.0,0.2696629213483146,1.0,0.0
25,UYcqpV3_6Iw,2023-05-03T10:00:17Z,1050,214445,7592,20,1,0.6208333333333333,96.0,0.7640449438202247,1.0,0.0
26,UYcqpV3_6Iw,2023-05-03T10:00:17Z,1050,214522,7593,20,2,0.6222222222222222,77.0,0.33707865168539325,1.0,0.0
27,UYcqpV3_6Iw,2023-05-03T10:00:17Z,1050,214629,7595,20,3,0.6236111111111111,107.0,1.0112359550561798,2.0,0.5
28,UYcqpV3_6Iw,2023-05-03T10:00:17Z,1050,214709,7596,20,4,0.625,80.0,0.4044943820224719,1.0,0.0
29,UYcqpV3_6Iw,2023-05-03T10:00:17Z,1050,214771,7596,20,5,0.6263888888888889,62.0,0.0,0.0,-0.5
30,UYcqpV3_6Iw,2023-05-03T10:00:17Z,1050,214805,7596,20,6,0.6277777777777778,34.0,-0.6292134831460674,0.0,-0.5
31,UYcqpV3_6Iw,2023-05-03T10:00:17Z,1050,214846,7596,20,7,0.6291666666666667,41.0,-0.47191011235955055,0.0,-0.5
32,UYcqpV3_6Iw,2023-05-03T10:00:17Z,1050,214870,7596,20,8,0.6305555555555555,24.0,-0.8539325842696629,0.0,-0.5
33,UYcqpV3_6Iw,2023-05-03T10:00:17Z,1050,214880,7596,20,9,0.6319444444444444,10.0,-1.1685393258426966,0.0,-0.5
34,UYcqpV3_6Iw,2023-05-03T10:00:17Z,1050,214917,7596,20,10,0.6333333333333333,37.0,-0.5617977528089888,0.0,-0.5
35,UYcqpV3_6Iw,2023-05-03T10:00:17Z,1050,214955,7598,20,11,0.6347222222222222,38.0,-0.5393258426966292,2.0,0.5
36,UYcqpV3_6Iw,2023-05-03T10:00:17Z,1050,214985,7598,20,12,0.6361111111111111,30.0,-0.7191011235955056,0.0,-0.5
37,UYcqpV3_6Iw,2023-05-03T10:00:17Z,1050,215011,7598,20,13,0.6375,26.0,-0.8089887640449438,0.0,-0.5
38,UYcqpV3_6Iw,2023-05-03T10:00:17Z,1050,215064,7598,20,14,0.6388888888888888,53.0,-0.20224719101123595,0.0,-0.5
39,UYcqpV3_6Iw,2023-05-03T10:00:17Z,1050,215084,7598,20,15,0.6402777777777777,20.0,-0.9438202247191011,0.0,-0.5
