,id,date,duration,views,likes,category_id,hour,update_diff,views_diff,views_diff_scaled,likes_diff,likes_diff_scaled
1,UYcqpV3_6Iw,2023-05-03T10:00:17Z,1050,210494,7524,20,14,0.5388888888888889,41.0,-0.4722222222222222,2.0,0.5
2,UYcqpV3_6Iw,2023-05-03T10:00:17Z,1050,210531,7524,20,15,0.5402777777777777,37.0,-0.5833333333333334,0.0,-0.5
3,UYcqpV3_6Iw,2023-05-03T10:00:17Z,1050,210584,7526,20,16,0.5416666666666666,53.0,-0.1388888888888889,2.0,0.5
4,UYcqpV3_6Iw,2023-05-03T10:00:17Z,1050,210640,7530,20,17,0.5430555555555555,56.0,-0.05555555555555555,4.0,1.5
5,UYcqpV3_6Iw,2023-05-03T10:00:17Z,1050,210699,7530,20,18,0.5444444444444444,59.0,0.027777777777777776,0.0,-0.5
6,UYcqpV3_6Iw,2023-05-03T10:00:17Z,1050,210757,7534,20,19,0.5458333333333333,58.0,0.0,4.0,1.5
7,UYcqpV3_6Iw,2023-05-03T10:00:17Z,1050,210840,7534,20,20,0.5472222222222223,83.0,0.6944444444444444,0.0,-0.5
8,UYcqpV3_6Iw,2023-05-03T10:00:17Z,1050,210913,7536,20,21,0.5486111111111112,73.0,0.4166666666666667,2.0,0.5
9,UYcqpV3_6Iw,2023-05-03T10:00:17Z,1050,210948,7535,20,22,0.55,35.0,-0.6388888888888888,-1.0,-1.0
10,UYcqpV3_6Iw,2023-05-03T10:00:17Z,1050,211028,7538,20,23,0.5513888888888889,80.0,0.6111111111111112,3.0,1.0
11,UYcqpV3_6Iw,2023-05-03T10:00:17Z,1050,211088,7540,20,0,0.5527777777777778,60.0,0.05555555555555555,2.0,0.5
12,UYcqpV3_6Iw,2023-05-03T10:00:17Z,1050,211171,7542,20,1,0.5541666666666667,83.0,0.6944444444444444,2.0,0.5
13,UYcqpV3_6Iw,2023-05-03T10:00:17Z,1050,211223,7543,20,2,0.5555555555555556,52.0,-0.16666666666666666,1.0,0.0
14,UYcqpV3_6Iw,2023-05-03T10:00:17Z,1050,211295,7544,20,3,0.5569444444444445,72.0,0.3888888888888889,1.0,0.0
15,UYcqpV3_6Iw,2023-05-03T10:00:17Z,1050,211353,7545,20,4,0.5583333333333333,58.0,0.0,1.0,0.0
16,UYcqpV3_6Iw,2023-05-03T10:00:17Z,1050,211403,7548,20,5,0.5597222222222222,50.0,-0.2222222222222222,3.0,1.0
17,UYcqpV3_6Iw,2023-05-03T10:00:17Z,1050,211458,7548,20,6,0.5611111111111111,55.0,-0.08333333333333333,0.0,-0.5
18,UYcqpV3_6Iw,2023-05-03T10:00:17Z,1050,211489,7548,20,7,0.5625,31.0,-0.75,0.0,-0.5
19,UYcqpV3_6Iw,2023-05-03T10:00:17Z,1050,211505,7548,20,8,0.5638888888888889,16.0,-1.1666666666666667,0.0,-0.5
20,UYcqpV3_6Iw,2023-05-03T10:00:17Z,1050,211517,7548,20,9,0.5652777777777778,12.0,-1.2777777777777777,0.0,-0.5
21,UYcqpV3_6Iw,2023-05-03T10:00:17Z,1050,211538,7548,20,10,0.5666666666666667,21.0,-1.0277777777777777,0.0,-0.5
22,UYcqpV3_6Iw,2023-05-03T10:00:17Z,1050,211585,7551,20,11,0.5680555555555555,47.0,-0.3055555555555556,3.0,1.0
23,UYcqpV3_6Iw,2023-05-03T10:00:17Z,1050,211669,7551,20,12,0.5694444444444444,84.0,0.7222222222222222,0.0,-0.5
24,UYcqpV3_6Iw,2023-05-03T10:00:17Z,1050,211757,7552,20,13,0.5708333333333333,88.0,0.8333333333333334,1.0,0.0
25,UYcqpV3_6Iw,2023-05-03T10:00:17Z,1050,211866,7553,20,14,0.5722222222222222,109.0,1.4166666666666667,1.0,0.0
26,UYcqpV3_6Iw,2023-05-03T10:00:17Z,1050,211925,7556,20,15,0.5736111111111111,59.0,0.027777777777777776,3.0,1.0
27,UYcqpV3_6Iw,2023-05-03T10:00:17Z,1050,212028,7557,20,16,0.575,103.0,1.25,1.0,0.0
28,UYcqpV3_6Iw,2023-05-03T10:00:17Z,1050,212139,7558,20,17,0.5763888888888888,111.0,1.4722222222222223,1.0,0.0
29,UYcqpV3_6Iw,2023-05-03T10:00:17Z,1050,212221,7559,20,18,0.5777777777777777,82.0,0.6666666666666666,1.0,0.0
30,UYcqpV3_6Iw,2023-05-03T10:00:17Z,1050,212343,7560,20,19,0.5791666666666667,122.0,1.7777777777777777,1.0,0.0
31,UYcqpV3_6Iw,2023-05-03T10:00:17Z,1050,212387,7559,20,20,0.5805555555555556,44.0,-0.3888888888888889,-1.0,-1.0
32,UYcqpV3_6Iw,2023-05-03T10:00:17Z,1050,212501,7560,20,21,0.5819444444444445,114.0,1.5555555555555556,1.0,0.0
33,UYcqpV3_6Iw,2023-05-03T10:00:17Z,1050,212551,7562,20,22,0.5833333333333334,50.0,-0.2222222222222222,2.0,0.5
