,id,date,duration,views,likes,category_id,hour,update_diff,views_diff,views_diff_scaled,likes_diff,likes_diff_scaled
1,H8-UKLYCwTI,2023-05-17T10:00:22Z,484,63308,2726,20,1,0.12083333333333333,224.0,1.9248120300751879,2.0,-0.3333333333333333
2,H8-UKLYCwTI,2023-05-17T10:00:22Z,484,63465,2728,20,2,0.12222222222222222,157.0,0.9172932330827067,2.0,-0.3333333333333333
3,H8-UKLYCwTI,2023-05-17T10:00:22Z,484,63670,2729,20,3,0.12361111111111112,205.0,1.6390977443609023,1.0,-0.6666666666666666
4,H8-UKLYCwTI,2023-05-17T10:00:22Z,484,63797,2732,20,4,0.125,127.0,0.46616541353383456,3.0,0.0
5,H8-UKLYCwTI,2023-05-17T10:00:22Z,484,63918,2735,20,5,0.12638888888888888,121.0,0.37593984962406013,3.0,0.0
6,H8-UKLYCwTI,2023-05-17T10:00:22Z,484,64028,2737,20,6,0.12777777777777777,110.0,0.21052631578947367,2.0,-0.3333333333333333
7,H8-UKLYCwTI,2023-05-17T10:00:22Z,484,64093,2738,20,7,0.12916666666666668,65.0,-0.46616541353383456,1.0,-0.6666666666666666
8,H8-UKLYCwTI,2023-05-17T10:00:22Z,484,64160,2743,20,8,0.13055555555555556,67.0,-0.43609022556390975,5.0,0.6666666666666666
9,H8-UKLYCwTI,2023-05-17T10:00:22Z,484,64175,2745,20,9,0.13194444444444445,15.0,-1.218045112781955,2.0,-0.3333333333333333
10,H8-UKLYCwTI,2023-05-17T10:00:22Z,484,64242,2751,20,10,0.13333333333333333,67.0,-0.43609022556390975,6.0,1.0
11,H8-UKLYCwTI,2023-05-17T10:00:22Z,484,64310,2761,20,11,0.13472222222222222,68.0,-0.42105263157894735,10.0,2.3333333333333335
12,H8-UKLYCwTI,2023-05-17T10:00:22Z,484,64410,2761,20,12,0.1361111111111111,100.0,0.06015037593984962,0.0,-1.0
13,H8-UKLYCwTI,2023-05-17T10:00:22Z,484,64527,2767,20,13,0.1375,117.0,0.3157894736842105,6.0,1.0
14,H8-UKLYCwTI,2023-05-17T10:00:22Z,484,64668,2771,20,14,0.1388888888888889,141.0,0.6766917293233082,4.0,0.3333333333333333
15,H8-UKLYCwTI,2023-05-17T10:00:22Z,484,64856,2775,20,15,0.14027777777777778,188.0,1.3834586466165413,4.0,0.3333333333333333
16,H8-UKLYCwTI,2023-05-17T10:00:22Z,484,64971,2781,20,16,0.14166666666666666,115.0,0.2857142857142857,6.0,1.0
17,H8-UKLYCwTI,2023-05-17T10:00:22Z,484,65067,2784,20,17,0.14305555555555555,96.0,0.0,3.0,0.0
18,H8-UKLYCwTI,2023-05-17T10:00:22Z,484,65234,2788,20,18,0.14444444444444443,167.0,1.0676691729323309,4.0,0.3333333333333333
19,H8-UKLYCwTI,2023-05-17T10:00:22Z,484,65365,2789,20,19,0.14583333333333334,131.0,0.5263157894736842,1.0,-0.6666666666666666
20,H8-UKLYCwTI,2023-05-17T10:00:22Z,484,65420,2793,20,20,0.14722222222222223,55.0,-0.6165413533834586,4.0,0.3333333333333333
21,H8-UKLYCwTI,2023-05-17T10:00:22Z,484,65636,2796,20,21,0.1486111111111111,216.0,1.8045112781954886,3.0,0.0
22,H8-UKLYCwTI,2023-05-17T10:00:22Z,484,65742,2801,20,22,0.15,106.0,0.15037593984962405,5.0,0.6666666666666666
23,H8-UKLYCwTI,2023-05-17T10:00:22Z,484,65888,2808,20,23,0.15138888888888888,146.0,0.7518796992481203,7.0,1.3333333333333333
24,H8-UKLYCwTI,2023-05-17T10:00:22Z,484,65971,2810,20,0,0.1527777777777778,83.0,-0.19548872180451127,2.0,-0.3333333333333333
25,H8-UKLYCwTI,2023-05-17T10:00:22Z,484,66076,2813,20,1,0.15416666666666667,105.0,0.13533834586466165,3.0,0.0
26,H8-UKLYCwTI,2023-05-17T10:00:22Z,484,66161,2815,20,2,0.15555555555555556,85.0,-0.16541353383458646,2.0,-0.3333333333333333
27,H8-UKLYCwTI,2023-05-17T10:00:22Z,484,66299,2818,20,3,0.15694444444444444,138.0,0.631578947368421,3.0,0.0
28,H8-UKLYCwTI,2023-05-17T10:00:22Z,484,66389,2818,20,4,0.15833333333333333,90.0,-0.09022556390977443,0.0,-1.0
29,H8-UKLYCwTI,2023-05-17T10:00:22Z,484,66492,2818,20,5,0.1597222222222222,103.0,0.10526315789473684,0.0,-1.0
30,H8-UKLYCwTI,2023-05-17T10:00:22Z,484,66540,2819,20,6,0.16111111111111112,48.0,-0.7218045112781954,1.0,-0.6666666666666666
31,H8-UKLYCwTI,2023-05-17T10:00:22Z,484,66600,2819,20,7,0.1625,60.0,-0.5413533834586466,0.0,-1.0
32,H8-UKLYCwTI,2023-05-17T10:00:22Z,484,66629,2822,20,8,0.1638888888888889,29.0,-1.0075187969924813,3.0,0.0
33,H8-UKLYCwTI,2023-05-17T10:00:22Z,484,66658,2826,20,9,0.16527777777777777,29.0,-1.0075187969924813,4.0,0.3333333333333333
34,H8-UKLYCwTI,2023-05-17T10:00:22Z,484,66727,2827,20,10,0.16666666666666666,69.0,-0.40601503759398494,1.0,-0.6666666666666666
35,H8-UKLYCwTI,2023-05-17T10:00:22Z,484,66785,2827,20,11,0.16805555555555557,58.0,-0.5714285714285714,0.0,-1.0
36,H8-UKLYCwTI,2023-05-17T10:00:22Z,484,66807,2828,20,12,0.16944444444444445,22.0,-1.112781954887218,1.0,-0.6666666666666666
37,H8-UKLYCwTI,2023-05-17T10:00:22Z,484,66854,2829,20,13,0.17083333333333334,47.0,-0.7368421052631579,1.0,-0.6666666666666666
38,H8-UKLYCwTI,2023-05-17T10:00:22Z,484,66921,2834,20,14,0.17222222222222222,67.0,-0.43609022556390975,5.0,0.6666666666666666
39,H8-UKLYCwTI,2023-05-17T10:00:22Z,484,66956,2836,20,15,0.1736111111111111,35.0,-0.9172932330827067,2.0,-0.3333333333333333
