,id,date,duration,views,likes,category_id,hour,update_diff,views_diff,views_diff_scaled,likes_diff,likes_diff_scaled
1,6qvgNK4SJSw,2023-05-15T10:30:03Z,107,46362,2795,20,16,0.075,219.0,1.0778443113772456,7.0,0.5
2,6qvgNK4SJSw,2023-05-15T10:30:03Z,107,46495,2802,20,17,0.0763888888888889,133.0,0.04790419161676647,7.0,0.5
3,6qvgNK4SJSw,2023-05-15T10:30:03Z,107,46710,2808,20,18,0.07777777777777778,215.0,1.029940119760479,6.0,0.25
4,6qvgNK4SJSw,2023-05-15T10:30:03Z,107,46866,2821,20,19,0.07916666666666666,156.0,0.32335329341317365,13.0,2.0
5,6qvgNK4SJSw,2023-05-15T10:30:03Z,107,47025,2824,20,20,0.08055555555555556,159.0,0.3592814371257485,3.0,-0.5
6,6qvgNK4SJSw,2023-05-15T10:30:03Z,107,47223,2836,20,21,0.08194444444444444,198.0,0.8263473053892215,12.0,1.75
7,6qvgNK4SJSw,2023-05-15T10:30:03Z,107,47414,2843,20,22,0.08333333333333333,191.0,0.7425149700598802,7.0,0.5
8,6qvgNK4SJSw,2023-05-15T10:30:03Z,107,47572,2851,20,23,0.08472222222222223,158.0,0.3473053892215569,8.0,0.75
9,6qvgNK4SJSw,2023-05-15T10:30:03Z,107,47745,2856,20,0,0.08611111111111111,173.0,0.5269461077844312,5.0,0.0
10,6qvgNK4SJSw,2023-05-15T10:30:03Z,107,47854,2861,20,1,0.0875,109.0,-0.23952095808383234,5.0,0.0
11,6qvgNK4SJSw,2023-05-15T10:30:03Z,107,47995,2867,20,2,0.08888888888888889,141.0,0.1437125748502994,6.0,0.25
12,6qvgNK4SJSw,2023-05-15T10:30:03Z,107,48159,2871,20,3,0.09027777777777778,164.0,0.41916167664670656,4.0,-0.25
13,6qvgNK4SJSw,2023-05-15T10:30:03Z,107,48307,2872,20,4,0.09166666666666666,148.0,0.2275449101796407,1.0,-1.0
14,6qvgNK4SJSw,2023-05-15T10:30:03Z,107,48436,2874,20,5,0.09305555555555556,129.0,0.0,2.0,-0.75
15,6qvgNK4SJSw,2023-05-15T10:30:03Z,107,48514,2876,20,6,0.09444444444444444,78.0,-0.6107784431137725,2.0,-0.75
16,6qvgNK4SJSw,2023-05-15T10:30:03Z,107,48584,2879,20,7,0.09583333333333334,70.0,-0.7065868263473054,3.0,-0.5
17,6qvgNK4SJSw,2023-05-15T10:30:03Z,107,48616,2882,20,8,0.09722222222222222,32.0,-1.1616766467065869,3.0,-0.5
18,6qvgNK4SJSw,2023-05-15T10:30:03Z,107,48672,2883,20,9,0.09861111111111111,56.0,-0.874251497005988,1.0,-1.0
19,6qvgNK4SJSw,2023-05-15T10:30:03Z,107,48756,2884,20,10,0.1,84.0,-0.5389221556886228,1.0,-1.0
20,6qvgNK4SJSw,2023-05-15T10:30:03Z,107,48827,2890,20,11,0.10138888888888889,71.0,-0.6946107784431138,6.0,0.25
21,6qvgNK4SJSw,2023-05-15T10:30:03Z,107,48883,2895,20,12,0.10277777777777777,56.0,-0.874251497005988,5.0,0.0
22,6qvgNK4SJSw,2023-05-15T10:30:03Z,107,48940,2901,20,13,0.10416666666666667,57.0,-0.8622754491017964,6.0,0.25
23,6qvgNK4SJSw,2023-05-15T10:30:03Z,107,49075,2907,20,14,0.10555555555555556,135.0,0.0718562874251497,6.0,0.25
24,6qvgNK4SJSw,2023-05-15T10:30:03Z,107,49173,2915,20,15,0.10694444444444444,98.0,-0.3712574850299401,8.0,0.75
25,6qvgNK4SJSw,2023-05-15T10:30:03Z,107,49330,2918,20,16,0.10833333333333334,157.0,0.33532934131736525,3.0,-0.5
26,6qvgNK4SJSw,2023-05-15T10:30:03Z,107,49423,2929,20,17,0.10972222222222222,93.0,-0.4311377245508982,11.0,1.5
27,6qvgNK4SJSw,2023-05-15T10:30:03Z,107,49562,2938,20,18,0.1111111111111111,139.0,0.11976047904191617,9.0,1.0
28,6qvgNK4SJSw,2023-05-15T10:30:03Z,107,49639,2945,20,19,0.1125,77.0,-0.6227544910179641,7.0,0.5
29,6qvgNK4SJSw,2023-05-15T10:30:03Z,107,49838,2954,20,20,0.11388888888888889,199.0,0.8383233532934131,9.0,1.0
30,6qvgNK4SJSw,2023-05-15T10:30:03Z,107,49984,2960,20,21,0.11527777777777778,146.0,0.20359281437125748,6.0,0.25
31,6qvgNK4SJSw,2023-05-15T10:30:03Z,107,50066,2964,20,22,0.11666666666666667,82.0,-0.562874251497006,4.0,-0.25
32,6qvgNK4SJSw,2023-05-15T10:30:03Z,107,50232,2969,20,23,0.11805555555555555,166.0,0.4431137724550898,5.0,0.0
33,6qvgNK4SJSw,2023-05-15T10:30:03Z,107,50401,2973,20,0,0.11944444444444445,169.0,0.47904191616766467,4.0,-0.25
34,6qvgNK4SJSw,2023-05-15T10:30:03Z,107,50523,2976,20,1,0.12083333333333333,122.0,-0.08383233532934131,3.0,-0.5
35,6qvgNK4SJSw,2023-05-15T10:30:03Z,107,50620,2981,20,2,0.12222222222222222,97.0,-0.38323353293413176,5.0,0.0
36,6qvgNK4SJSw,2023-05-15T10:30:03Z,107,50792,2981,20,3,0.12361111111111112,172.0,0.5149700598802395,0.0,-1.25
37,6qvgNK4SJSw,2023-05-15T10:30:03Z,107,50887,2982,20,4,0.125,95.0,-0.40718562874251496,1.0,-1.0
38,6qvgNK4SJSw,2023-05-15T10:30:03Z,107,51079,2983,20,5,0.12638888888888888,192.0,0.7544910179640718,1.0,-1.0
39,6qvgNK4SJSw,2023-05-15T10:30:03Z,107,51128,2983,20,6,0.12777777777777777,49.0,-0.9580838323353293,0.0,-1.25
40,6qvgNK4SJSw,2023-05-15T10:30:03Z,107,51209,2984,20,7,0.12916666666666668,81.0,-0.5748502994011976,1.0,-1.0
41,6qvgNK4SJSw,2023-05-15T10:30:03Z,107,51222,2984,20,8,0.13055555555555556,13.0,-1.3892215568862276,0.0,-1.25
42,6qvgNK4SJSw,2023-05-15T10:30:03Z,107,51290,2989,20,9,0.13194444444444445,68.0,-0.7305389221556886,5.0,0.0
43,6qvgNK4SJSw,2023-05-15T10:30:03Z,107,51368,2993,20,10,0.13333333333333333,78.0,-0.6107784431137725,4.0,-0.25
