,id,date,duration,views,likes,category_id,hour,update_diff,views_diff,views_diff_scaled,likes_diff,likes_diff_scaled
1,mHoCj_xDLBQ,2023-05-12T10:00:38Z,975,2351562,74584,22,1,0.2875,3627.0,1.177076625885383,45.0,1.024390243902439
2,mHoCj_xDLBQ,2023-05-12T10:00:38Z,975,2354496,74620,22,2,0.28888888888888886,2934.0,0.7308435286542176,36.0,0.5853658536585366
3,mHoCj_xDLBQ,2023-05-12T10:00:38Z,975,2357605,74644,22,3,0.2902777777777778,3109.0,0.8435286542176432,24.0,0.0
4,mHoCj_xDLBQ,2023-05-12T10:00:38Z,975,2360157,74661,22,4,0.2916666666666667,2552.0,0.48486799742434,17.0,-0.34146341463414637
5,mHoCj_xDLBQ,2023-05-12T10:00:38Z,975,2362573,74679,22,5,0.29305555555555557,2416.0,0.3972955569864778,18.0,-0.2926829268292683
6,mHoCj_xDLBQ,2023-05-12T10:00:38Z,975,2364188,74693,22,6,0.29444444444444445,1615.0,-0.1184803605924018,14.0,-0.4878048780487805
7,mHoCj_xDLBQ,2023-05-12T10:00:38Z,975,2365166,74704,22,7,0.29583333333333334,978.0,-0.5286542176432711,11.0,-0.6341463414634146
8,mHoCj_xDLBQ,2023-05-12T10:00:38Z,975,2366022,74715,22,8,0.2972222222222222,856.0,-0.6072118480360592,11.0,-0.6341463414634146
9,mHoCj_xDLBQ,2023-05-12T10:00:38Z,975,2366639,74726,22,9,0.2986111111111111,617.0,-0.7611075338055376,11.0,-0.6341463414634146
10,mHoCj_xDLBQ,2023-05-12T10:00:38Z,975,2367317,74742,22,10,0.3,678.0,-0.7218287186091435,16.0,-0.3902439024390244
11,mHoCj_xDLBQ,2023-05-12T10:00:38Z,975,2368098,74773,22,11,0.3013888888888889,781.0,-0.6555054732775274,31.0,0.34146341463414637
12,mHoCj_xDLBQ,2023-05-12T10:00:38Z,975,2369403,74809,22,12,0.30277777777777776,1305.0,-0.31809401159047007,36.0,0.5853658536585366
13,mHoCj_xDLBQ,2023-05-12T10:00:38Z,975,2371146,74848,22,13,0.30416666666666664,1743.0,-0.0360592401802962,39.0,0.7317073170731707
14,mHoCj_xDLBQ,2023-05-12T10:00:38Z,975,2373095,74878,22,14,0.3055555555555556,1949.0,0.09658725048293625,30.0,0.2926829268292683
15,mHoCj_xDLBQ,2023-05-12T10:00:38Z,975,2375780,74924,22,15,0.30694444444444446,2685.0,0.5705086928525435,46.0,1.0731707317073171
16,mHoCj_xDLBQ,2023-05-12T10:00:38Z,975,2377778,74961,22,16,0.30833333333333335,1998.0,0.12813908564069543,37.0,0.6341463414634146
17,mHoCj_xDLBQ,2023-05-12T10:00:38Z,975,2379860,74992,22,17,0.30972222222222223,2082.0,0.18222794591113972,31.0,0.34146341463414637
18,mHoCj_xDLBQ,2023-05-12T10:00:38Z,975,2382660,75027,22,18,0.3111111111111111,2800.0,0.6445589182227945,35.0,0.5365853658536586
19,mHoCj_xDLBQ,2023-05-12T10:00:38Z,975,2385343,75051,22,19,0.3125,2683.0,0.5692208628461043,24.0,0.0
20,mHoCj_xDLBQ,2023-05-12T10:00:38Z,975,2386464,75086,22,20,0.3138888888888889,1121.0,-0.4365743721828719,35.0,0.5365853658536586
21,mHoCj_xDLBQ,2023-05-12T10:00:38Z,975,2389604,75124,22,21,0.31527777777777777,3140.0,0.8634900193174501,38.0,0.6829268292682927
22,mHoCj_xDLBQ,2023-05-12T10:00:38Z,975,2391442,75148,22,22,0.31666666666666665,1838.0,0.025112685125563427,24.0,0.0
23,mHoCj_xDLBQ,2023-05-12T10:00:38Z,975,2394062,75206,22,23,0.31805555555555554,2620.0,0.5286542176432711,58.0,1.6585365853658536
24,mHoCj_xDLBQ,2023-05-12T10:00:38Z,975,2396120,75251,22,0,0.3194444444444444,2058.0,0.16677398583386993,45.0,1.024390243902439
25,mHoCj_xDLBQ,2023-05-12T10:00:38Z,975,2398616,75291,22,1,0.32083333333333336,2496.0,0.4488087572440438,40.0,0.7804878048780488
26,mHoCj_xDLBQ,2023-05-12T10:00:38Z,975,2400578,75319,22,2,0.32222222222222224,1962.0,0.10495814552479073,28.0,0.1951219512195122
27,mHoCj_xDLBQ,2023-05-12T10:00:38Z,975,2403208,75333,22,3,0.3236111111111111,2630.0,0.5350933676754669,14.0,-0.4878048780487805
28,mHoCj_xDLBQ,2023-05-12T10:00:38Z,975,2405007,75353,22,4,0.325,1799.0,0.0,20.0,-0.1951219512195122
29,mHoCj_xDLBQ,2023-05-12T10:00:38Z,975,2406810,75370,22,5,0.3263888888888889,1803.0,0.0025756600128783,17.0,-0.34146341463414637
30,mHoCj_xDLBQ,2023-05-12T10:00:38Z,975,2407816,75385,22,6,0.3277777777777778,1006.0,-0.510624597553123,15.0,-0.43902439024390244
31,mHoCj_xDLBQ,2023-05-12T10:00:38Z,975,2408800,75393,22,7,0.32916666666666666,984.0,-0.5247907276239536,8.0,-0.7804878048780488
32,mHoCj_xDLBQ,2023-05-12T10:00:38Z,975,2409247,75398,22,8,0.33055555555555555,447.0,-0.8705730843528654,5.0,-0.926829268292683
33,mHoCj_xDLBQ,2023-05-12T10:00:38Z,975,2409637,75413,22,9,0.33194444444444443,390.0,-0.9072762395363811,15.0,-0.43902439024390244
34,mHoCj_xDLBQ,2023-05-12T10:00:38Z,975,2410601,75426,22,10,0.3333333333333333,964.0,-0.5376690276883451,13.0,-0.5365853658536586
35,mHoCj_xDLBQ,2023-05-12T10:00:38Z,975,2411579,75444,22,11,0.3347222222222222,978.0,-0.5286542176432711,18.0,-0.2926829268292683
36,mHoCj_xDLBQ,2023-05-12T10:00:38Z,975,2412209,75455,22,12,0.33611111111111114,630.0,-0.7527366387636832,11.0,-0.6341463414634146
37,mHoCj_xDLBQ,2023-05-12T10:00:38Z,975,2413127,75477,22,13,0.3375,918.0,-0.5672891178364456,22.0,-0.0975609756097561
38,mHoCj_xDLBQ,2023-05-12T10:00:38Z,975,2414538,75505,22,14,0.3388888888888889,1411.0,-0.2498390212491951,28.0,0.1951219512195122
39,mHoCj_xDLBQ,2023-05-12T10:00:38Z,975,2415227,75520,22,15,0.3402777777777778,689.0,-0.7147456535737282,15.0,-0.43902439024390244
