,id,date,duration,views,likes,category_id,hour,update_diff,views_diff,views_diff_scaled,likes_diff,likes_diff_scaled
1,Kjq10TNm14k,2023-05-05T10:00:15Z,1771,7731304,203478,22,1,0.5208333333333334,6292.0,0.9815929203539823,84.0,0.6666666666666666
2,Kjq10TNm14k,2023-05-05T10:00:15Z,1771,7736476,203564,22,2,0.5222222222222223,5172.0,0.5851327433628318,86.0,0.7222222222222222
3,Kjq10TNm14k,2023-05-05T10:00:15Z,1771,7741700,203627,22,3,0.5236111111111111,5224.0,0.6035398230088496,63.0,0.08333333333333333
4,Kjq10TNm14k,2023-05-05T10:00:15Z,1771,7746456,203661,22,4,0.525,4756.0,0.43787610619469025,34.0,-0.7222222222222222
5,Kjq10TNm14k,2023-05-05T10:00:15Z,1771,7750758,203706,22,5,0.5263888888888889,4302.0,0.27716814159292036,45.0,-0.4166666666666667
6,Kjq10TNm14k,2023-05-05T10:00:15Z,1771,7753887,203742,22,6,0.5277777777777778,3129.0,-0.13805309734513274,36.0,-0.6666666666666666
7,Kjq10TNm14k,2023-05-05T10:00:15Z,1771,7755674,203768,22,7,0.5291666666666667,1787.0,-0.6130973451327434,26.0,-0.9444444444444444
8,Kjq10TNm14k,2023-05-05T10:00:15Z,1771,7757295,203792,22,8,0.5305555555555556,1621.0,-0.6718584070796461,24.0,-1.0
9,Kjq10TNm14k,2023-05-05T10:00:15Z,1771,7758519,203830,22,9,0.5319444444444444,1224.0,-0.8123893805309734,38.0,-0.6111111111111112
10,Kjq10TNm14k,2023-05-05T10:00:15Z,1771,7760028,203878,22,10,0.5333333333333333,1509.0,-0.7115044247787611,48.0,-0.3333333333333333
11,Kjq10TNm14k,2023-05-05T10:00:15Z,1771,7761963,203927,22,11,0.5347222222222222,1935.0,-0.5607079646017699,49.0,-0.3055555555555556
12,Kjq10TNm14k,2023-05-05T10:00:15Z,1771,7764786,203997,22,12,0.5361111111111111,2823.0,-0.24637168141592922,70.0,0.2777777777777778
13,Kjq10TNm14k,2023-05-05T10:00:15Z,1771,7768487,204066,22,13,0.5375,3701.0,0.06442477876106195,69.0,0.25
14,Kjq10TNm14k,2023-05-05T10:00:15Z,1771,7772247,204126,22,14,0.5388888888888889,3760.0,0.08530973451327434,60.0,0.0
15,Kjq10TNm14k,2023-05-05T10:00:15Z,1771,7777782,204201,22,15,0.5402777777777777,5535.0,0.7136283185840708,75.0,0.4166666666666667
16,Kjq10TNm14k,2023-05-05T10:00:15Z,1771,7781526,204266,22,16,0.5416666666666666,3744.0,0.07964601769911504,65.0,0.1388888888888889
17,Kjq10TNm14k,2023-05-05T10:00:15Z,1771,7785502,204328,22,17,0.5430555555555555,3976.0,0.16176991150442477,62.0,0.05555555555555555
18,Kjq10TNm14k,2023-05-05T10:00:15Z,1771,7790913,204389,22,18,0.5444444444444444,5411.0,0.6697345132743363,61.0,0.027777777777777776
19,Kjq10TNm14k,2023-05-05T10:00:15Z,1771,7796103,204455,22,19,0.5458333333333333,5190.0,0.5915044247787611,66.0,0.16666666666666666
20,Kjq10TNm14k,2023-05-05T10:00:15Z,1771,7798276,204526,22,20,0.5472222222222223,2173.0,-0.47646017699115045,71.0,0.3055555555555556
21,Kjq10TNm14k,2023-05-05T10:00:15Z,1771,7804550,204611,22,21,0.5486111111111112,6274.0,0.9752212389380531,85.0,0.6944444444444444
22,Kjq10TNm14k,2023-05-05T10:00:15Z,1771,7808128,204694,22,22,0.55,3578.0,0.02088495575221239,83.0,0.6388888888888888
23,Kjq10TNm14k,2023-05-05T10:00:15Z,1771,7813377,204771,22,23,0.5513888888888889,5249.0,0.6123893805309735,77.0,0.4722222222222222
24,Kjq10TNm14k,2023-05-05T10:00:15Z,1771,7817481,204858,22,0,0.5527777777777778,4104.0,0.20707964601769913,87.0,0.75
25,Kjq10TNm14k,2023-05-05T10:00:15Z,1771,7822392,204936,22,1,0.5541666666666667,4911.0,0.49274336283185843,78.0,0.5
26,Kjq10TNm14k,2023-05-05T10:00:15Z,1771,7826475,204999,22,2,0.5555555555555556,4083.0,0.19964601769911505,63.0,0.08333333333333333
27,Kjq10TNm14k,2023-05-05T10:00:15Z,1771,7831655,205060,22,3,0.5569444444444445,5180.0,0.5879646017699115,61.0,0.027777777777777776
28,Kjq10TNm14k,2023-05-05T10:00:15Z,1771,7835174,205095,22,4,0.5583333333333333,3519.0,0.0,35.0,-0.6944444444444444
29,Kjq10TNm14k,2023-05-05T10:00:15Z,1771,7838608,205122,22,5,0.5597222222222222,3434.0,-0.03008849557522124,27.0,-0.9166666666666666
30,Kjq10TNm14k,2023-05-05T10:00:15Z,1771,7840721,205154,22,6,0.5611111111111111,2113.0,-0.4976991150442478,32.0,-0.7777777777777778
31,Kjq10TNm14k,2023-05-05T10:00:15Z,1771,7842780,205173,22,7,0.5625,2059.0,-0.5168141592920354,19.0,-1.1388888888888888
32,Kjq10TNm14k,2023-05-05T10:00:15Z,1771,7843915,205200,22,8,0.5638888888888889,1135.0,-0.8438938053097346,27.0,-0.9166666666666666
33,Kjq10TNm14k,2023-05-05T10:00:15Z,1771,7844815,205227,22,9,0.5652777777777778,900.0,-0.9270796460176991,27.0,-0.9166666666666666
34,Kjq10TNm14k,2023-05-05T10:00:15Z,1771,7846773,205260,22,10,0.5666666666666667,1958.0,-0.552566371681416,33.0,-0.75
35,Kjq10TNm14k,2023-05-05T10:00:15Z,1771,7848921,205290,22,11,0.5680555555555555,2148.0,-0.48530973451327436,30.0,-0.8333333333333334
36,Kjq10TNm14k,2023-05-05T10:00:15Z,1771,7850474,205328,22,12,0.5694444444444444,1553.0,-0.695929203539823,38.0,-0.6111111111111112
37,Kjq10TNm14k,2023-05-05T10:00:15Z,1771,7852757,205385,22,13,0.5708333333333333,2283.0,-0.4375221238938053,57.0,-0.08333333333333333
38,Kjq10TNm14k,2023-05-05T10:00:15Z,1771,7856215,205446,22,14,0.5722222222222222,3458.0,-0.0215929203539823,61.0,0.027777777777777776
39,Kjq10TNm14k,2023-05-05T10:00:15Z,1771,7857794,205470,22,15,0.5736111111111111,1579.0,-0.6867256637168142,24.0,-1.0
