,id,date,duration,views,likes,category_id,hour,update_diff,views_diff,views_diff_scaled,likes_diff,likes_diff_scaled
1,NhSAqRcDTwI,2023-05-13T09:30:05Z,249,1612221,27697,1,1,0.25555555555555554,2314.0,0.45578986311505737,41.0,1.1282051282051282
2,NhSAqRcDTwI,2023-05-13T09:30:05Z,249,1614424,27718,1,2,0.2569444444444444,2203.0,0.3736588975212727,21.0,0.10256410256410256
3,NhSAqRcDTwI,2023-05-13T09:30:05Z,249,1617765,27737,1,3,0.25833333333333336,3341.0,1.2156862745098038,19.0,0.0
4,NhSAqRcDTwI,2023-05-13T09:30:05Z,249,1620511,27744,1,4,0.25972222222222224,2746.0,0.7754347021827599,7.0,-0.6153846153846154
5,NhSAqRcDTwI,2023-05-13T09:30:05Z,249,1622502,27755,1,5,0.2611111111111111,1991.0,0.21679615242323344,11.0,-0.41025641025641024
6,NhSAqRcDTwI,2023-05-13T09:30:05Z,249,1623637,27760,1,6,0.2625,1135.0,-0.41657417684054754,5.0,-0.717948717948718
7,NhSAqRcDTwI,2023-05-13T09:30:05Z,249,1624212,27762,1,7,0.2638888888888889,575.0,-0.830928597854236,2.0,-0.8717948717948718
8,NhSAqRcDTwI,2023-05-13T09:30:05Z,249,1624730,27768,1,8,0.2652777777777778,518.0,-0.8731039585645579,6.0,-0.6666666666666666
9,NhSAqRcDTwI,2023-05-13T09:30:05Z,249,1625167,27776,1,9,0.26666666666666666,437.0,-0.9330373658897522,8.0,-0.5641025641025641
10,NhSAqRcDTwI,2023-05-13T09:30:05Z,249,1626014,27798,1,10,0.26805555555555555,847.0,-0.6296707362190159,22.0,0.15384615384615385
11,NhSAqRcDTwI,2023-05-13T09:30:05Z,249,1627203,27825,1,11,0.26944444444444443,1189.0,-0.3766185719570847,27.0,0.41025641025641024
12,NhSAqRcDTwI,2023-05-13T09:30:05Z,249,1629074,27852,1,12,0.2708333333333333,1871.0,0.12800591934887162,27.0,0.41025641025641024
13,NhSAqRcDTwI,2023-05-13T09:30:05Z,249,1631297,27869,1,13,0.2722222222222222,2223.0,0.38845726970033295,17.0,-0.10256410256410256
14,NhSAqRcDTwI,2023-05-13T09:30:05Z,249,1633589,27900,1,14,0.27361111111111114,2292.0,0.43951165371809103,31.0,0.6153846153846154
15,NhSAqRcDTwI,2023-05-13T09:30:05Z,249,1636702,27933,1,15,0.275,3113.0,1.0469848316685164,33.0,0.717948717948718
16,NhSAqRcDTwI,2023-05-13T09:30:05Z,249,1638831,27959,1,16,0.2763888888888889,2129.0,0.3189049204587495,26.0,0.358974358974359
17,NhSAqRcDTwI,2023-05-13T09:30:05Z,249,1640930,27990,1,17,0.2777777777777778,2099.0,0.2967073621901591,31.0,0.6153846153846154
18,NhSAqRcDTwI,2023-05-13T09:30:05Z,249,1644108,28015,1,18,0.2791666666666667,3178.0,1.0950795412504624,25.0,0.3076923076923077
19,NhSAqRcDTwI,2023-05-13T09:30:05Z,249,1646994,28041,1,19,0.28055555555555556,2886.0,0.8790233074361821,26.0,0.358974358974359
20,NhSAqRcDTwI,2023-05-13T09:30:05Z,249,1648396,28067,1,20,0.28194444444444444,1402.0,-0.21901590825009248,26.0,0.358974358974359
21,NhSAqRcDTwI,2023-05-13T09:30:05Z,249,1652152,28089,1,21,0.2833333333333333,3756.0,1.5227524972253053,22.0,0.15384615384615385
22,NhSAqRcDTwI,2023-05-13T09:30:05Z,249,1654147,28112,1,22,0.2847222222222222,1995.0,0.21975582685904552,23.0,0.20512820512820512
23,NhSAqRcDTwI,2023-05-13T09:30:05Z,249,1657096,28133,1,23,0.2861111111111111,2949.0,0.925638179800222,21.0,0.10256410256410256
24,NhSAqRcDTwI,2023-05-13T09:30:05Z,249,1658794,28168,1,0,0.2875,1698.0,0.0,35.0,0.8205128205128205
25,NhSAqRcDTwI,2023-05-13T09:30:05Z,249,1660708,28198,1,1,0.28888888888888886,1914.0,0.1598224195338513,30.0,0.5641025641025641
26,NhSAqRcDTwI,2023-05-13T09:30:05Z,249,1662373,28221,1,2,0.2902777777777778,1665.0,-0.0244173140954495,23.0,0.20512820512820512
27,NhSAqRcDTwI,2023-05-13T09:30:05Z,249,1665100,28238,1,3,0.2916666666666667,2727.0,0.7613762486126526,17.0,-0.10256410256410256
28,NhSAqRcDTwI,2023-05-13T09:30:05Z,249,1667064,28242,1,4,0.29305555555555557,1964.0,0.19681834998150202,4.0,-0.7692307692307693
29,NhSAqRcDTwI,2023-05-13T09:30:05Z,249,1668639,28248,1,5,0.29444444444444445,1575.0,-0.09100998890122086,6.0,-0.6666666666666666
30,NhSAqRcDTwI,2023-05-13T09:30:05Z,249,1669420,28253,1,6,0.29583333333333334,781.0,-0.6785053644099149,5.0,-0.717948717948718
31,NhSAqRcDTwI,2023-05-13T09:30:05Z,249,1670086,28259,1,7,0.2972222222222222,666.0,-0.7635960044395117,6.0,-0.6666666666666666
32,NhSAqRcDTwI,2023-05-13T09:30:05Z,249,1670475,28263,1,8,0.2986111111111111,389.0,-0.9685534591194969,4.0,-0.7692307692307693
33,NhSAqRcDTwI,2023-05-13T09:30:05Z,249,1670926,28274,1,9,0.3,451.0,-0.9226785053644099,11.0,-0.41025641025641024
34,NhSAqRcDTwI,2023-05-13T09:30:05Z,249,1672249,28279,1,10,0.3013888888888889,1323.0,-0.27746947835738067,5.0,-0.717948717948718
35,NhSAqRcDTwI,2023-05-13T09:30:05Z,249,1673518,28286,1,11,0.30277777777777776,1269.0,-0.3174250832408435,7.0,-0.6153846153846154
36,NhSAqRcDTwI,2023-05-13T09:30:05Z,249,1674229,28291,1,12,0.30416666666666664,711.0,-0.730299667036626,5.0,-0.717948717948718
37,NhSAqRcDTwI,2023-05-13T09:30:05Z,249,1675194,28304,1,13,0.3055555555555556,965.0,-0.5423603403625601,13.0,-0.3076923076923077
38,NhSAqRcDTwI,2023-05-13T09:30:05Z,249,1676742,28323,1,14,0.30694444444444446,1548.0,-0.11098779134295228,19.0,0.0
39,NhSAqRcDTwI,2023-05-13T09:30:05Z,249,1677552,28330,1,15,0.30833333333333335,810.0,-0.6570477247502775,7.0,-0.6153846153846154
