,id,date,duration,views,likes,category_id,hour,update_diff,views_diff,views_diff_scaled,likes_diff,likes_diff_scaled
1,NhSAqRcDTwI,2023-05-13T09:30:05Z,249,1162747,22320,1,16,0.14305555555555555,10293.0,0.5996228786926462,99.0,0.13333333333333333
2,NhSAqRcDTwI,2023-05-13T09:30:05Z,249,1168974,22445,1,17,0.14444444444444443,6227.0,-0.25225225225225223,125.0,0.48
3,NhSAqRcDTwI,2023-05-13T09:30:05Z,249,1179053,22556,1,18,0.14583333333333334,10079.0,0.55478734548502,111.0,0.29333333333333333
4,NhSAqRcDTwI,2023-05-13T09:30:05Z,249,1188508,22724,1,19,0.14722222222222223,9455.0,0.4240519589356799,168.0,1.0533333333333332
5,NhSAqRcDTwI,2023-05-13T09:30:05Z,249,1197598,22902,1,20,0.1486111111111111,9090.0,0.3475801382778127,178.0,1.1866666666666668
6,NhSAqRcDTwI,2023-05-13T09:30:05Z,249,1209555,23065,1,21,0.15,11957.0,0.9482505761575529,163.0,0.9866666666666667
7,NhSAqRcDTwI,2023-05-13T09:30:05Z,249,1223087,23194,1,22,0.15138888888888888,13532.0,1.278231720092185,129.0,0.5333333333333333
8,NhSAqRcDTwI,2023-05-13T09:30:05Z,249,1235878,23311,1,23,0.1527777777777778,12791.0,1.122983448564844,117.0,0.37333333333333335
9,NhSAqRcDTwI,2023-05-13T09:30:05Z,249,1244960,23489,1,0,0.15416666666666667,9082.0,0.34590404357846216,178.0,1.1866666666666668
10,NhSAqRcDTwI,2023-05-13T09:30:05Z,249,1250638,23647,1,1,0.15555555555555556,5678.0,-0.36727425099518124,158.0,0.92
11,NhSAqRcDTwI,2023-05-13T09:30:05Z,249,1258650,23767,1,2,0.15694444444444444,8012.0,0.12172637754033103,120.0,0.41333333333333333
12,NhSAqRcDTwI,2023-05-13T09:30:05Z,249,1270248,23836,1,3,0.15833333333333333,11598.0,0.8730358265241986,69.0,-0.26666666666666666
13,NhSAqRcDTwI,2023-05-13T09:30:05Z,249,1278666,23863,1,4,0.1597222222222222,8418.0,0.20678818353236958,27.0,-0.8266666666666667
14,NhSAqRcDTwI,2023-05-13T09:30:05Z,249,1285265,23881,1,5,0.16111111111111112,6599.0,-0.1743138487324534,18.0,-0.9466666666666667
15,NhSAqRcDTwI,2023-05-13T09:30:05Z,249,1287900,23896,1,6,0.1625,2635.0,-1.0048187722606328,15.0,-0.9866666666666667
16,NhSAqRcDTwI,2023-05-13T09:30:05Z,249,1289715,23934,1,7,0.1638888888888889,1815.0,-1.1766184789440604,38.0,-0.68
17,NhSAqRcDTwI,2023-05-13T09:30:05Z,249,1290801,24025,1,8,0.16527777777777777,1086.0,-1.329352608422376,91.0,0.02666666666666667
18,NhSAqRcDTwI,2023-05-13T09:30:05Z,249,1294943,24109,1,9,0.16666666666666666,4142.0,-0.6890844332704797,84.0,-0.06666666666666667
19,NhSAqRcDTwI,2023-05-13T09:30:05Z,249,1303798,24193,1,10,0.16805555555555557,8855.0,0.29834485648439135,84.0,-0.06666666666666667
20,NhSAqRcDTwI,2023-05-13T09:30:05Z,249,1310814,24265,1,11,0.16944444444444445,7016.0,-0.08694741252880787,72.0,-0.22666666666666666
21,NhSAqRcDTwI,2023-05-13T09:30:05Z,249,1317333,24351,1,12,0.17083333333333334,6519.0,-0.1910747957259585,86.0,-0.04
22,NhSAqRcDTwI,2023-05-13T09:30:05Z,249,1321474,24458,1,13,0.17222222222222222,4141.0,-0.6892939451078985,107.0,0.24
23,NhSAqRcDTwI,2023-05-13T09:30:05Z,249,1331273,24577,1,14,0.1736111111111111,9799.0,0.49612403100775193,119.0,0.4
24,NhSAqRcDTwI,2023-05-13T09:30:05Z,249,1338704,24658,1,15,0.175,7431.0,0.0,81.0,-0.10666666666666667
25,NhSAqRcDTwI,2023-05-13T09:30:05Z,249,1348577,24736,1,16,0.1763888888888889,9873.0,0.5116279069767442,78.0,-0.14666666666666667
26,NhSAqRcDTwI,2023-05-13T09:30:05Z,249,1353503,24852,1,17,0.17777777777777778,4926.0,-0.5248271527341295,116.0,0.36
27,NhSAqRcDTwI,2023-05-13T09:30:05Z,249,1361615,24987,1,18,0.17916666666666667,8112.0,0.14267756128221246,135.0,0.6133333333333333
28,NhSAqRcDTwI,2023-05-13T09:30:05Z,249,1366525,25150,1,19,0.18055555555555555,4910.0,-0.5281793421328305,163.0,0.9866666666666667
29,NhSAqRcDTwI,2023-05-13T09:30:05Z,249,1380569,25285,1,20,0.18194444444444444,14044.0,1.385501780850618,135.0,0.6133333333333333
30,NhSAqRcDTwI,2023-05-13T09:30:05Z,249,1391307,25392,1,21,0.18333333333333332,10738.0,0.6928556463440184,107.0,0.24
31,NhSAqRcDTwI,2023-05-13T09:30:05Z,249,1399306,25476,1,22,0.18472222222222223,7999.0,0.11900272365388645,84.0,-0.06666666666666667
32,NhSAqRcDTwI,2023-05-13T09:30:05Z,249,1410547,25565,1,23,0.18611111111111112,11241.0,0.798240100565682,89.0,0.0
33,NhSAqRcDTwI,2023-05-13T09:30:05Z,249,1418029,25708,1,0,0.1875,7482.0,0.010685103708359522,143.0,0.72
34,NhSAqRcDTwI,2023-05-13T09:30:05Z,249,1423229,25865,1,1,0.18888888888888888,5200.0,-0.4674209092813744,157.0,0.9066666666666666
35,NhSAqRcDTwI,2023-05-13T09:30:05Z,249,1429389,25942,1,2,0.19027777777777777,6160.0,-0.2662895453593128,77.0,-0.16
36,NhSAqRcDTwI,2023-05-13T09:30:05Z,249,1439988,25995,1,3,0.19166666666666668,10599.0,0.6637335009428033,53.0,-0.48
37,NhSAqRcDTwI,2023-05-13T09:30:05Z,249,1445191,26024,1,4,0.19305555555555556,5203.0,-0.466792373769118,29.0,-0.8
38,NhSAqRcDTwI,2023-05-13T09:30:05Z,249,1451308,26042,1,5,0.19444444444444445,6117.0,-0.2752985543683218,18.0,-0.9466666666666667
39,NhSAqRcDTwI,2023-05-13T09:30:05Z,249,1452997,26057,1,6,0.19583333333333333,1689.0,-1.203016970458831,15.0,-0.9866666666666667
40,NhSAqRcDTwI,2023-05-13T09:30:05Z,249,1455052,26081,1,7,0.19722222222222222,2055.0,-1.126335637963545,24.0,-0.8666666666666667
41,NhSAqRcDTwI,2023-05-13T09:30:05Z,249,1455333,26132,1,8,0.1986111111111111,281.0,-1.4980096375445213,51.0,-0.5066666666666667
42,NhSAqRcDTwI,2023-05-13T09:30:05Z,249,1458443,26176,1,9,0.2,3110.0,-0.905300649486696,44.0,-0.6
43,NhSAqRcDTwI,2023-05-13T09:30:05Z,249,1465390,26211,1,10,0.2013888888888889,6947.0,-0.10140372931070606,35.0,-0.72
