,id,date,duration,views,likes,category_id,hour,update_diff,views_diff,views_diff_scaled,likes_diff,likes_diff_scaled
1,OGVOTPxjdF4,2023-05-11T09:30:07Z,803,900182,15132,24,16,0.20833333333333334,1528.0,0.6504263093788063,21.0,1.0
2,OGVOTPxjdF4,2023-05-11T09:30:07Z,803,901000,15145,24,17,0.20972222222222223,818.0,-0.2143727161997564,13.0,0.2727272727272727
3,OGVOTPxjdF4,2023-05-11T09:30:07Z,803,902346,15157,24,18,0.2111111111111111,1346.0,0.4287454323995128,12.0,0.18181818181818182
4,OGVOTPxjdF4,2023-05-11T09:30:07Z,803,903642,15172,24,19,0.2125,1296.0,0.36784409257003653,15.0,0.45454545454545453
5,OGVOTPxjdF4,2023-05-11T09:30:07Z,803,904757,15194,24,20,0.21388888888888888,1115.0,0.14738124238733252,22.0,1.0909090909090908
6,OGVOTPxjdF4,2023-05-11T09:30:07Z,803,906347,15211,24,21,0.2152777777777778,1590.0,0.7259439707673568,17.0,0.6363636363636364
7,OGVOTPxjdF4,2023-05-11T09:30:07Z,803,907794,15221,24,22,0.21666666666666667,1447.0,0.5517661388550548,10.0,0.0
8,OGVOTPxjdF4,2023-05-11T09:30:07Z,803,909261,15246,24,23,0.21805555555555556,1467.0,0.5761266747868453,25.0,1.3636363636363635
9,OGVOTPxjdF4,2023-05-11T09:30:07Z,803,910990,15269,24,0,0.21944444444444444,1729.0,0.8952496954933008,23.0,1.1818181818181819
10,OGVOTPxjdF4,2023-05-11T09:30:07Z,803,912171,15277,24,1,0.22083333333333333,1181.0,0.22777101096224117,8.0,-0.18181818181818182
11,OGVOTPxjdF4,2023-05-11T09:30:07Z,803,913711,15283,24,2,0.2222222222222222,1540.0,0.6650426309378806,6.0,-0.36363636363636365
12,OGVOTPxjdF4,2023-05-11T09:30:07Z,803,915409,15289,24,3,0.22361111111111112,1698.0,0.8574908647990256,6.0,-0.36363636363636365
13,OGVOTPxjdF4,2023-05-11T09:30:07Z,803,916403,15290,24,4,0.225,994.0,0.0,1.0,-0.8181818181818182
14,OGVOTPxjdF4,2023-05-11T09:30:07Z,803,917190,15294,24,5,0.2263888888888889,787.0,-0.25213154689403167,4.0,-0.5454545454545454
15,OGVOTPxjdF4,2023-05-11T09:30:07Z,803,917480,15295,24,6,0.22777777777777777,290.0,-0.8574908647990256,1.0,-0.8181818181818182
16,OGVOTPxjdF4,2023-05-11T09:30:07Z,803,917743,15301,24,7,0.22916666666666666,263.0,-0.8903775883069428,6.0,-0.36363636363636365
17,OGVOTPxjdF4,2023-05-11T09:30:07Z,803,917920,15305,24,8,0.23055555555555557,177.0,-0.9951278928136419,4.0,-0.5454545454545454
18,OGVOTPxjdF4,2023-05-11T09:30:07Z,803,918359,15306,24,9,0.23194444444444445,439.0,-0.6760048721071864,1.0,-0.8181818181818182
19,OGVOTPxjdF4,2023-05-11T09:30:07Z,803,918985,15308,24,10,0.23333333333333334,626.0,-0.4482338611449452,2.0,-0.7272727272727273
20,OGVOTPxjdF4,2023-05-11T09:30:07Z,803,919526,15319,24,11,0.23472222222222222,541.0,-0.5517661388550548,11.0,0.09090909090909091
21,OGVOTPxjdF4,2023-05-11T09:30:07Z,803,920072,15332,24,12,0.2361111111111111,546.0,-0.5456760048721072,13.0,0.2727272727272727
22,OGVOTPxjdF4,2023-05-11T09:30:07Z,803,920539,15334,24,13,0.2375,467.0,-0.6419001218026796,2.0,-0.7272727272727273
23,OGVOTPxjdF4,2023-05-11T09:30:07Z,803,921718,15352,24,14,0.2388888888888889,1179.0,0.22533495736906212,18.0,0.7272727272727273
24,OGVOTPxjdF4,2023-05-11T09:30:07Z,803,922647,15369,24,15,0.24027777777777778,929.0,-0.07917174177831912,17.0,0.6363636363636364
25,OGVOTPxjdF4,2023-05-11T09:30:07Z,803,923764,15379,24,16,0.24166666666666667,1117.0,0.14981729598051158,10.0,0.0
26,OGVOTPxjdF4,2023-05-11T09:30:07Z,803,924463,15391,24,17,0.24305555555555555,699.0,-0.35931790499390986,12.0,0.18181818181818182
27,OGVOTPxjdF4,2023-05-11T09:30:07Z,803,925733,15404,24,18,0.24444444444444444,1270.0,0.33617539585870887,13.0,0.2727272727272727
28,OGVOTPxjdF4,2023-05-11T09:30:07Z,803,926410,15422,24,19,0.24583333333333332,677.0,-0.3861144945188794,18.0,0.7272727272727273
29,OGVOTPxjdF4,2023-05-11T09:30:07Z,803,928043,15437,24,20,0.24861111111111112,1633.0,0.7783191230207065,15.0,0.45454545454545453
30,OGVOTPxjdF4,2023-05-11T09:30:07Z,803,929152,15454,24,21,0.24861111111111112,1109.0,0.14007308160779536,17.0,0.6363636363636364
31,OGVOTPxjdF4,2023-05-11T09:30:07Z,803,930352,15465,24,22,0.25,1200.0,0.25091352009744217,11.0,0.09090909090909091
32,OGVOTPxjdF4,2023-05-11T09:30:07Z,803,931866,15482,24,23,0.2513888888888889,1514.0,0.633373934226553,17.0,0.6363636363636364
33,OGVOTPxjdF4,2023-05-11T09:30:07Z,803,933375,15492,24,0,0.25277777777777777,1509.0,0.6272838002436053,10.0,0.0
34,OGVOTPxjdF4,2023-05-11T09:30:07Z,803,934632,15503,24,1,0.25416666666666665,1257.0,0.32034104750304504,11.0,0.09090909090909091
35,OGVOTPxjdF4,2023-05-11T09:30:07Z,803,935573,15506,24,2,0.25555555555555554,941.0,-0.06455542021924482,3.0,-0.6363636363636364
36,OGVOTPxjdF4,2023-05-11T09:30:07Z,803,936956,15512,24,3,0.2569444444444444,1383.0,0.47381242387332523,6.0,-0.36363636363636365
37,OGVOTPxjdF4,2023-05-11T09:30:07Z,803,937578,15516,24,4,0.25833333333333336,622.0,-0.4531059683313033,4.0,-0.5454545454545454
38,OGVOTPxjdF4,2023-05-11T09:30:07Z,803,938130,15518,24,5,0.25972222222222224,552.0,-0.53836784409257,2.0,-0.7272727272727273
39,OGVOTPxjdF4,2023-05-11T09:30:07Z,803,938323,15521,24,6,0.2611111111111111,193.0,-0.9756394640682094,3.0,-0.6363636363636364
40,OGVOTPxjdF4,2023-05-11T09:30:07Z,803,938573,15524,24,7,0.2625,250.0,-0.9062119366626066,3.0,-0.6363636363636364
41,OGVOTPxjdF4,2023-05-11T09:30:07Z,803,938640,15527,24,8,0.2638888888888889,67.0,-1.1291108404384897,3.0,-0.6363636363636364
42,OGVOTPxjdF4,2023-05-11T09:30:07Z,803,939030,15531,24,9,0.2652777777777778,390.0,-0.7356881851400731,4.0,-0.5454545454545454
43,OGVOTPxjdF4,2023-05-11T09:30:07Z,803,939479,15539,24,10,0.26666666666666666,449.0,-0.6638246041412911,8.0,-0.18181818181818182
