,id,date,duration,views,likes,category_id,hour,update_diff,views_diff,views_diff_scaled,likes_diff,likes_diff_scaled
1,OGVOTPxjdF4,2023-05-11T09:30:07Z,803,970132,15900,24,1,0.32083333333333336,1267.0,1.6030701754385965,11.0,0.7692307692307693
2,OGVOTPxjdF4,2023-05-11T09:30:07Z,803,970991,15910,24,2,0.32222222222222224,859.0,0.7083333333333334,10.0,0.6153846153846154
3,OGVOTPxjdF4,2023-05-11T09:30:07Z,803,972138,15918,24,3,0.3236111111111111,1147.0,1.3399122807017543,8.0,0.3076923076923077
4,OGVOTPxjdF4,2023-05-11T09:30:07Z,803,972944,15922,24,4,0.325,806.0,0.5921052631578947,4.0,-0.3076923076923077
5,OGVOTPxjdF4,2023-05-11T09:30:07Z,803,973518,15923,24,5,0.3263888888888889,574.0,0.08333333333333333,1.0,-0.7692307692307693
6,OGVOTPxjdF4,2023-05-11T09:30:07Z,803,973841,15924,24,6,0.3277777777777778,323.0,-0.46710526315789475,1.0,-0.7692307692307693
7,OGVOTPxjdF4,2023-05-11T09:30:07Z,803,974024,15925,24,7,0.32916666666666666,183.0,-0.7741228070175439,1.0,-0.7692307692307693
8,OGVOTPxjdF4,2023-05-11T09:30:07Z,803,974213,15926,24,8,0.33055555555555555,189.0,-0.7609649122807017,1.0,-0.7692307692307693
9,OGVOTPxjdF4,2023-05-11T09:30:07Z,803,974422,15936,24,9,0.33194444444444443,209.0,-0.7171052631578947,10.0,0.6153846153846154
10,OGVOTPxjdF4,2023-05-11T09:30:07Z,803,974797,15941,24,10,0.3333333333333333,375.0,-0.3530701754385965,5.0,-0.15384615384615385
11,OGVOTPxjdF4,2023-05-11T09:30:07Z,803,975230,15945,24,11,0.3347222222222222,433.0,-0.22587719298245615,4.0,-0.3076923076923077
12,OGVOTPxjdF4,2023-05-11T09:30:07Z,803,975759,15952,24,12,0.33611111111111114,529.0,-0.015350877192982455,7.0,0.15384615384615385
13,OGVOTPxjdF4,2023-05-11T09:30:07Z,803,976436,15960,24,13,0.3375,677.0,0.3092105263157895,8.0,0.3076923076923077
14,OGVOTPxjdF4,2023-05-11T09:30:07Z,803,977068,15966,24,14,0.3388888888888889,632.0,0.21052631578947367,6.0,0.0
15,OGVOTPxjdF4,2023-05-11T09:30:07Z,803,977889,15972,24,15,0.3402777777777778,821.0,0.625,6.0,0.0
16,OGVOTPxjdF4,2023-05-11T09:30:07Z,803,978535,15987,24,16,0.3416666666666667,646.0,0.2412280701754386,15.0,1.3846153846153846
17,OGVOTPxjdF4,2023-05-11T09:30:07Z,803,979035,16002,24,17,0.34305555555555556,500.0,-0.07894736842105263,15.0,1.3846153846153846
18,OGVOTPxjdF4,2023-05-11T09:30:07Z,803,980073,16014,24,18,0.34444444444444444,1038.0,1.1008771929824561,12.0,0.9230769230769231
19,OGVOTPxjdF4,2023-05-11T09:30:07Z,803,981104,16024,24,19,0.3458333333333333,1031.0,1.0855263157894737,10.0,0.6153846153846154
20,OGVOTPxjdF4,2023-05-11T09:30:07Z,803,981568,16042,24,20,0.3472222222222222,464.0,-0.15789473684210525,18.0,1.8461538461538463
21,OGVOTPxjdF4,2023-05-11T09:30:07Z,803,982937,16056,24,21,0.3486111111111111,1369.0,1.8267543859649122,14.0,1.2307692307692308
22,OGVOTPxjdF4,2023-05-11T09:30:07Z,803,983594,16069,24,22,0.35,657.0,0.26535087719298245,13.0,1.0769230769230769
23,OGVOTPxjdF4,2023-05-11T09:30:07Z,803,984867,16084,24,23,0.35138888888888886,1273.0,1.6162280701754386,15.0,1.3846153846153846
24,OGVOTPxjdF4,2023-05-11T09:30:07Z,803,985689,16095,24,0,0.3527777777777778,822.0,0.6271929824561403,11.0,0.7692307692307693
25,OGVOTPxjdF4,2023-05-11T09:30:07Z,803,986729,16102,24,1,0.3541666666666667,1040.0,1.105263157894737,7.0,0.15384615384615385
26,OGVOTPxjdF4,2023-05-11T09:30:07Z,803,987421,16113,24,2,0.35555555555555557,692.0,0.34210526315789475,11.0,0.7692307692307693
27,OGVOTPxjdF4,2023-05-11T09:30:07Z,803,988429,16118,24,3,0.35694444444444445,1008.0,1.0350877192982457,5.0,-0.15384615384615385
28,OGVOTPxjdF4,2023-05-11T09:30:07Z,803,988951,16121,24,4,0.35833333333333334,522.0,-0.03070175438596491,3.0,-0.46153846153846156
29,OGVOTPxjdF4,2023-05-11T09:30:07Z,803,989487,16123,24,5,0.3597222222222222,536.0,0.0,2.0,-0.6153846153846154
30,OGVOTPxjdF4,2023-05-11T09:30:07Z,803,989723,16127,24,6,0.3611111111111111,236.0,-0.6578947368421053,4.0,-0.3076923076923077
31,OGVOTPxjdF4,2023-05-11T09:30:07Z,803,989974,16130,24,7,0.3625,251.0,-0.625,3.0,-0.46153846153846156
32,OGVOTPxjdF4,2023-05-11T09:30:07Z,803,990122,16133,24,8,0.3638888888888889,148.0,-0.8508771929824561,3.0,-0.46153846153846156
33,OGVOTPxjdF4,2023-05-11T09:30:07Z,803,990329,16137,24,9,0.36527777777777776,207.0,-0.7214912280701754,4.0,-0.3076923076923077
34,OGVOTPxjdF4,2023-05-11T09:30:07Z,803,990779,16143,24,10,0.36666666666666664,450.0,-0.18859649122807018,6.0,0.0
35,OGVOTPxjdF4,2023-05-11T09:30:07Z,803,991255,16147,24,11,0.3680555555555556,476.0,-0.13157894736842105,4.0,-0.3076923076923077
36,OGVOTPxjdF4,2023-05-11T09:30:07Z,803,991601,16155,24,12,0.36944444444444446,346.0,-0.4166666666666667,8.0,0.3076923076923077
37,OGVOTPxjdF4,2023-05-11T09:30:07Z,803,992083,16160,24,13,0.37222222222222223,482.0,-0.11842105263157894,5.0,-0.15384615384615385
38,OGVOTPxjdF4,2023-05-11T09:30:07Z,803,992725,16162,24,14,0.3736111111111111,642.0,0.2324561403508772,2.0,-0.6153846153846154
39,OGVOTPxjdF4,2023-05-11T09:30:07Z,803,993081,16166,24,15,0.3736111111111111,356.0,-0.39473684210526316,4.0,-0.3076923076923077
