,id,date,duration,views,likes,category_id,hour,update_diff,views_diff,views_diff_scaled,likes_diff,likes_diff_scaled
1,X-skilE_Bkc,2023-05-13T08:34:12Z,437,72571,495,20,18,0.14583333333333334,279.0,1.8888888888888888,1.0,1.0
2,X-skilE_Bkc,2023-05-13T08:34:12Z,437,72800,497,20,19,0.14722222222222223,229.0,1.271604938271605,2.0,2.0
3,X-skilE_Bkc,2023-05-13T08:34:12Z,437,72992,499,20,20,0.1486111111111111,192.0,0.8148148148148148,2.0,2.0
4,X-skilE_Bkc,2023-05-13T08:34:12Z,437,73183,501,20,21,0.15,191.0,0.8024691358024691,2.0,2.0
5,X-skilE_Bkc,2023-05-13T08:34:12Z,437,73353,504,20,22,0.15138888888888888,170.0,0.5432098765432098,3.0,3.0
6,X-skilE_Bkc,2023-05-13T08:34:12Z,437,73525,504,20,23,0.1527777777777778,172.0,0.5679012345679012,0.0,0.0
7,X-skilE_Bkc,2023-05-13T08:34:12Z,437,73683,505,20,0,0.15416666666666667,158.0,0.3950617283950617,1.0,1.0
8,X-skilE_Bkc,2023-05-13T08:34:12Z,437,73792,505,20,1,0.15555555555555556,109.0,-0.20987654320987653,0.0,0.0
9,X-skilE_Bkc,2023-05-13T08:34:12Z,437,73921,505,20,2,0.15694444444444444,129.0,0.037037037037037035,0.0,0.0
10,X-skilE_Bkc,2023-05-13T08:34:12Z,437,74067,506,20,3,0.15833333333333333,146.0,0.24691358024691357,1.0,1.0
11,X-skilE_Bkc,2023-05-13T08:34:12Z,437,74171,506,20,4,0.1597222222222222,104.0,-0.2716049382716049,0.0,0.0
12,X-skilE_Bkc,2023-05-13T08:34:12Z,437,74319,508,20,5,0.16111111111111112,148.0,0.2716049382716049,2.0,2.0
13,X-skilE_Bkc,2023-05-13T08:34:12Z,437,74403,508,20,6,0.1625,84.0,-0.5185185185185185,0.0,0.0
14,X-skilE_Bkc,2023-05-13T08:34:12Z,437,74454,508,20,7,0.1638888888888889,51.0,-0.9259259259259259,0.0,0.0
15,X-skilE_Bkc,2023-05-13T08:34:12Z,437,74500,508,20,8,0.16527777777777777,46.0,-0.9876543209876543,0.0,0.0
16,X-skilE_Bkc,2023-05-13T08:34:12Z,437,74563,509,20,9,0.16666666666666666,63.0,-0.7777777777777778,1.0,1.0
17,X-skilE_Bkc,2023-05-13T08:34:12Z,437,74678,510,20,10,0.16805555555555557,115.0,-0.13580246913580246,1.0,1.0
18,X-skilE_Bkc,2023-05-13T08:34:12Z,437,74776,512,20,11,0.16944444444444445,98.0,-0.345679012345679,2.0,2.0
19,X-skilE_Bkc,2023-05-13T08:34:12Z,437,74903,512,20,12,0.17083333333333334,127.0,0.012345679012345678,0.0,0.0
20,X-skilE_Bkc,2023-05-13T08:34:12Z,437,74998,514,20,13,0.17222222222222222,95.0,-0.38271604938271603,2.0,2.0
21,X-skilE_Bkc,2023-05-13T08:34:12Z,437,75230,514,20,14,0.1736111111111111,232.0,1.308641975308642,0.0,0.0
22,X-skilE_Bkc,2023-05-13T08:34:12Z,437,75394,514,20,15,0.175,164.0,0.4691358024691358,0.0,0.0
23,X-skilE_Bkc,2023-05-13T08:34:12Z,437,75587,514,20,16,0.1763888888888889,193.0,0.8271604938271605,0.0,0.0
24,X-skilE_Bkc,2023-05-13T08:34:12Z,437,75677,515,20,17,0.17777777777777778,90.0,-0.4444444444444444,1.0,1.0
25,X-skilE_Bkc,2023-05-13T08:34:12Z,437,75895,516,20,18,0.17916666666666667,218.0,1.1358024691358024,1.0,1.0
26,X-skilE_Bkc,2023-05-13T08:34:12Z,437,76021,519,20,19,0.18055555555555555,126.0,0.0,3.0,3.0
27,X-skilE_Bkc,2023-05-13T08:34:12Z,437,76239,520,20,20,0.18194444444444444,218.0,1.1358024691358024,1.0,1.0
28,X-skilE_Bkc,2023-05-13T08:34:12Z,437,76394,521,20,21,0.18333333333333332,155.0,0.35802469135802467,1.0,1.0
29,X-skilE_Bkc,2023-05-13T08:34:12Z,437,76502,521,20,22,0.18472222222222223,108.0,-0.2222222222222222,0.0,0.0
30,X-skilE_Bkc,2023-05-13T08:34:12Z,437,76703,522,20,23,0.18611111111111112,201.0,0.9259259259259259,1.0,1.0
31,X-skilE_Bkc,2023-05-13T08:34:12Z,437,76874,522,20,0,0.1875,171.0,0.5555555555555556,0.0,0.0
32,X-skilE_Bkc,2023-05-13T08:34:12Z,437,77009,524,20,1,0.18888888888888888,135.0,0.1111111111111111,2.0,2.0
33,X-skilE_Bkc,2023-05-13T08:34:12Z,437,77099,524,20,2,0.19027777777777777,90.0,-0.4444444444444444,0.0,0.0
34,X-skilE_Bkc,2023-05-13T08:34:12Z,437,77195,524,20,3,0.19166666666666668,96.0,-0.37037037037037035,0.0,0.0
35,X-skilE_Bkc,2023-05-13T08:34:12Z,437,77251,525,20,4,0.19305555555555556,56.0,-0.8641975308641975,1.0,1.0
36,X-skilE_Bkc,2023-05-13T08:34:12Z,437,77356,525,20,5,0.19444444444444445,105.0,-0.25925925925925924,0.0,0.0
37,X-skilE_Bkc,2023-05-13T08:34:12Z,437,77388,525,20,6,0.19583333333333333,32.0,-1.1604938271604939,0.0,0.0
38,X-skilE_Bkc,2023-05-13T08:34:12Z,437,77454,525,20,7,0.19722222222222222,66.0,-0.7407407407407407,0.0,0.0
39,X-skilE_Bkc,2023-05-13T08:34:12Z,437,77465,525,20,8,0.1986111111111111,11.0,-1.4197530864197532,0.0,0.0
40,X-skilE_Bkc,2023-05-13T08:34:12Z,437,77507,525,20,9,0.2,42.0,-1.037037037037037,0.0,0.0
41,X-skilE_Bkc,2023-05-13T08:34:12Z,437,77593,525,20,10,0.2013888888888889,86.0,-0.49382716049382713,0.0,0.0
