,id,date,duration,views,likes,category_id,hour,update_diff,views_diff,views_diff_scaled,likes_diff,likes_diff_scaled
1,v8Da089YheY,2023-04-25T09:00:51Z,496,97190,627,20,1,0.8555555555555555,7.0,0.75,1.0,1.0
2,v8Da089YheY,2023-04-25T09:00:51Z,496,97190,627,20,2,0.8569444444444444,0.0,-1.0,0.0,0.0
3,v8Da089YheY,2023-04-25T09:00:51Z,496,97196,627,20,3,0.8583333333333333,6.0,0.5,0.0,0.0
4,v8Da089YheY,2023-04-25T09:00:51Z,496,97202,627,20,4,0.8597222222222223,6.0,0.5,0.0,0.0
5,v8Da089YheY,2023-04-25T09:00:51Z,496,97204,627,20,5,0.8611111111111112,2.0,-0.5,0.0,0.0
6,v8Da089YheY,2023-04-25T09:00:51Z,496,97207,627,20,6,0.8625,3.0,-0.25,0.0,0.0
7,v8Da089YheY,2023-04-25T09:00:51Z,496,97209,627,20,7,0.8638888888888889,2.0,-0.5,0.0,0.0
8,v8Da089YheY,2023-04-25T09:00:51Z,496,97217,627,20,8,0.8652777777777778,8.0,1.0,0.0,0.0
9,v8Da089YheY,2023-04-25T09:00:51Z,496,97219,628,20,9,0.8666666666666667,2.0,-0.5,1.0,1.0
10,v8Da089YheY,2023-04-25T09:00:51Z,496,97221,628,20,10,0.8680555555555556,2.0,-0.5,0.0,0.0
11,v8Da089YheY,2023-04-25T09:00:51Z,496,97222,628,20,11,0.8694444444444445,1.0,-0.75,0.0,0.0
12,v8Da089YheY,2023-04-25T09:00:51Z,496,97228,628,20,12,0.8708333333333333,6.0,0.5,0.0,0.0
13,v8Da089YheY,2023-04-25T09:00:51Z,496,97232,628,20,13,0.8722222222222222,4.0,0.0,0.0,0.0
14,v8Da089YheY,2023-04-25T09:00:51Z,496,97238,628,20,14,0.8736111111111111,6.0,0.5,0.0,0.0
15,v8Da089YheY,2023-04-25T09:00:51Z,496,97243,628,20,15,0.875,5.0,0.25,0.0,0.0
16,v8Da089YheY,2023-04-25T09:00:51Z,496,97254,628,20,16,0.8763888888888889,11.0,1.75,0.0,0.0
17,v8Da089YheY,2023-04-25T09:00:51Z,496,97262,628,20,17,0.8777777777777778,8.0,1.0,0.0,0.0
18,v8Da089YheY,2023-04-25T09:00:51Z,496,97271,628,20,18,0.8791666666666667,9.0,1.25,0.0,0.0
19,v8Da089YheY,2023-04-25T09:00:51Z,496,97275,628,20,19,0.8805555555555555,4.0,0.0,0.0,0.0
20,v8Da089YheY,2023-04-25T09:00:51Z,496,97279,628,20,20,0.8819444444444444,4.0,0.0,0.0,0.0
21,v8Da089YheY,2023-04-25T09:00:51Z,496,97289,628,20,21,0.8833333333333333,10.0,1.5,0.0,0.0
22,v8Da089YheY,2023-04-25T09:00:51Z,496,97297,628,20,22,0.8847222222222222,8.0,1.0,0.0,0.0
23,v8Da089YheY,2023-04-25T09:00:51Z,496,97303,628,20,23,0.8861111111111111,6.0,0.5,0.0,0.0
24,v8Da089YheY,2023-04-25T09:00:51Z,496,97304,628,20,0,0.8875,1.0,-0.75,0.0,0.0
25,v8Da089YheY,2023-04-25T09:00:51Z,496,97314,628,20,1,0.8888888888888888,10.0,1.5,0.0,0.0
26,v8Da089YheY,2023-04-25T09:00:51Z,496,97317,628,20,2,0.8902777777777777,3.0,-0.25,0.0,0.0
27,v8Da089YheY,2023-04-25T09:00:51Z,496,97319,628,20,3,0.8916666666666667,2.0,-0.5,0.0,0.0
28,v8Da089YheY,2023-04-25T09:00:51Z,496,97323,628,20,4,0.8930555555555556,4.0,0.0,0.0,0.0
29,v8Da089YheY,2023-04-25T09:00:51Z,496,97326,628,20,5,0.8944444444444445,3.0,-0.25,0.0,0.0
30,v8Da089YheY,2023-04-25T09:00:51Z,496,97330,628,20,6,0.8958333333333334,4.0,0.0,0.0,0.0
31,v8Da089YheY,2023-04-25T09:00:51Z,496,97337,628,20,7,0.8972222222222223,7.0,0.75,0.0,0.0
32,v8Da089YheY,2023-04-25T09:00:51Z,496,97341,628,20,8,0.8986111111111111,4.0,0.0,0.0,0.0
33,v8Da089YheY,2023-04-25T09:00:51Z,496,97344,628,20,9,0.9,3.0,-0.25,0.0,0.0
34,v8Da089YheY,2023-04-25T09:00:51Z,496,97344,628,20,10,0.9013888888888889,0.0,-1.0,0.0,0.0
35,v8Da089YheY,2023-04-25T09:00:51Z,496,97347,628,20,11,0.9027777777777778,3.0,-0.25,0.0,0.0
36,v8Da089YheY,2023-04-25T09:00:51Z,496,97347,628,20,12,0.9041666666666667,0.0,-1.0,0.0,0.0
37,v8Da089YheY,2023-04-25T09:00:51Z,496,97348,628,20,13,0.9055555555555556,1.0,-0.75,0.0,0.0
38,v8Da089YheY,2023-04-25T09:00:51Z,496,97353,628,20,14,0.9069444444444444,5.0,0.25,0.0,0.0
39,v8Da089YheY,2023-04-25T09:00:51Z,496,97354,628,20,15,0.9083333333333333,1.0,-0.75,0.0,0.0
