,id,date,duration,views,likes,category_id,hour,update_diff,views_diff,views_diff_scaled,likes_diff,likes_diff_scaled
1,hCHNtJKylvs,2023-05-06T05:00:27Z,546,146676,751,20,18,0.38472222222222224,49.0,3.888888888888889,0.0,0.0
2,hCHNtJKylvs,2023-05-06T05:00:27Z,546,146703,751,20,19,0.3861111111111111,27.0,1.4444444444444444,0.0,0.0
3,hCHNtJKylvs,2023-05-06T05:00:27Z,546,146739,751,20,20,0.3875,36.0,2.4444444444444446,0.0,0.0
4,hCHNtJKylvs,2023-05-06T05:00:27Z,546,146768,751,20,21,0.3888888888888889,29.0,1.6666666666666667,0.0,0.0
5,hCHNtJKylvs,2023-05-06T05:00:27Z,546,146797,751,20,22,0.3902777777777778,29.0,1.6666666666666667,0.0,0.0
6,hCHNtJKylvs,2023-05-06T05:00:27Z,546,146819,751,20,23,0.39166666666666666,22.0,0.8888888888888888,0.0,0.0
7,hCHNtJKylvs,2023-05-06T05:00:27Z,546,146843,751,20,0,0.39305555555555555,24.0,1.1111111111111112,0.0,0.0
8,hCHNtJKylvs,2023-05-06T05:00:27Z,546,146851,751,20,1,0.39444444444444443,8.0,-0.6666666666666666,0.0,0.0
9,hCHNtJKylvs,2023-05-06T05:00:27Z,546,146866,751,20,2,0.3958333333333333,15.0,0.1111111111111111,0.0,0.0
10,hCHNtJKylvs,2023-05-06T05:00:27Z,546,146880,751,20,3,0.3972222222222222,14.0,0.0,0.0,0.0
11,hCHNtJKylvs,2023-05-06T05:00:27Z,546,146893,751,20,4,0.39861111111111114,13.0,-0.1111111111111111,0.0,0.0
12,hCHNtJKylvs,2023-05-06T05:00:27Z,546,146908,751,20,5,0.4,15.0,0.1111111111111111,0.0,0.0
13,hCHNtJKylvs,2023-05-06T05:00:27Z,546,146922,751,20,6,0.4013888888888889,14.0,0.0,0.0,0.0
14,hCHNtJKylvs,2023-05-06T05:00:27Z,546,146938,751,20,7,0.4027777777777778,16.0,0.2222222222222222,0.0,0.0
15,hCHNtJKylvs,2023-05-06T05:00:27Z,546,146942,751,20,8,0.4041666666666667,4.0,-1.1111111111111112,0.0,0.0
16,hCHNtJKylvs,2023-05-06T05:00:27Z,546,146947,751,20,9,0.40555555555555556,5.0,-1.0,0.0,0.0
17,hCHNtJKylvs,2023-05-06T05:00:27Z,546,146961,751,20,10,0.40694444444444444,14.0,0.0,0.0,0.0
18,hCHNtJKylvs,2023-05-06T05:00:27Z,546,146969,751,20,11,0.4083333333333333,8.0,-0.6666666666666666,0.0,0.0
19,hCHNtJKylvs,2023-05-06T05:00:27Z,546,146982,751,20,12,0.4097222222222222,13.0,-0.1111111111111111,0.0,0.0
20,hCHNtJKylvs,2023-05-06T05:00:27Z,546,146990,751,20,13,0.4111111111111111,8.0,-0.6666666666666666,0.0,0.0
21,hCHNtJKylvs,2023-05-06T05:00:27Z,546,147011,751,20,14,0.4125,21.0,0.7777777777777778,0.0,0.0
22,hCHNtJKylvs,2023-05-06T05:00:27Z,546,147024,751,20,15,0.41388888888888886,13.0,-0.1111111111111111,0.0,0.0
23,hCHNtJKylvs,2023-05-06T05:00:27Z,546,147038,751,20,16,0.4152777777777778,14.0,0.0,0.0,0.0
24,hCHNtJKylvs,2023-05-06T05:00:27Z,546,147053,751,20,17,0.4166666666666667,15.0,0.1111111111111111,0.0,0.0
25,hCHNtJKylvs,2023-05-06T05:00:27Z,546,147077,751,20,18,0.41805555555555557,24.0,1.1111111111111112,0.0,0.0
26,hCHNtJKylvs,2023-05-06T05:00:27Z,546,147099,751,20,19,0.41944444444444445,22.0,0.8888888888888888,0.0,0.0
27,hCHNtJKylvs,2023-05-06T05:00:27Z,546,147133,751,20,20,0.42083333333333334,34.0,2.2222222222222223,0.0,0.0
28,hCHNtJKylvs,2023-05-06T05:00:27Z,546,147144,751,20,21,0.4222222222222222,11.0,-0.3333333333333333,0.0,0.0
29,hCHNtJKylvs,2023-05-06T05:00:27Z,546,147152,751,20,22,0.4236111111111111,8.0,-0.6666666666666666,0.0,0.0
30,hCHNtJKylvs,2023-05-06T05:00:27Z,546,147165,751,20,23,0.425,13.0,-0.1111111111111111,0.0,0.0
31,hCHNtJKylvs,2023-05-06T05:00:27Z,546,147179,751,20,0,0.4263888888888889,14.0,0.0,0.0,0.0
32,hCHNtJKylvs,2023-05-06T05:00:27Z,546,147193,751,20,1,0.42777777777777776,14.0,0.0,0.0,0.0
33,hCHNtJKylvs,2023-05-06T05:00:27Z,546,147201,751,20,2,0.42916666666666664,8.0,-0.6666666666666666,0.0,0.0
34,hCHNtJKylvs,2023-05-06T05:00:27Z,546,147219,751,20,3,0.4305555555555556,18.0,0.4444444444444444,0.0,0.0
35,hCHNtJKylvs,2023-05-06T05:00:27Z,546,147227,751,20,4,0.43194444444444446,8.0,-0.6666666666666666,0.0,0.0
36,hCHNtJKylvs,2023-05-06T05:00:27Z,546,147247,751,20,5,0.43333333333333335,20.0,0.6666666666666666,0.0,0.0
37,hCHNtJKylvs,2023-05-06T05:00:27Z,546,147260,751,20,6,0.43472222222222223,13.0,-0.1111111111111111,0.0,0.0
38,hCHNtJKylvs,2023-05-06T05:00:27Z,546,147280,751,20,7,0.4361111111111111,20.0,0.6666666666666666,0.0,0.0
39,hCHNtJKylvs,2023-05-06T05:00:27Z,546,147285,751,20,8,0.4375,5.0,-1.0,0.0,0.0
40,hCHNtJKylvs,2023-05-06T05:00:27Z,546,147299,751,20,9,0.4388888888888889,14.0,0.0,0.0,0.0
41,hCHNtJKylvs,2023-05-06T05:00:27Z,546,147330,751,20,10,0.44027777777777777,31.0,1.8888888888888888,0.0,0.0
