,id,date,duration,views,likes,category_id,hour,update_diff,views_diff,views_diff_scaled,likes_diff,likes_diff_scaled
1,v8Da089YheY,2023-04-25T09:00:51Z,496,96759,626,20,18,0.7458333333333333,5.0,0.0,0.0,0.0
2,v8Da089YheY,2023-04-25T09:00:51Z,496,96767,626,20,19,0.7472222222222222,8.0,1.0,0.0,0.0
3,v8Da089YheY,2023-04-25T09:00:51Z,496,96774,626,20,20,0.7486111111111111,7.0,0.6666666666666666,0.0,0.0
4,v8Da089YheY,2023-04-25T09:00:51Z,496,96779,626,20,21,0.75,5.0,0.0,0.0,0.0
5,v8Da089YheY,2023-04-25T09:00:51Z,496,96788,626,20,22,0.7513888888888889,9.0,1.3333333333333333,0.0,0.0
6,v8Da089YheY,2023-04-25T09:00:51Z,496,96792,626,20,23,0.7527777777777778,4.0,-0.3333333333333333,0.0,0.0
7,v8Da089YheY,2023-04-25T09:00:51Z,496,96795,626,20,0,0.7541666666666667,3.0,-0.6666666666666666,0.0,0.0
8,v8Da089YheY,2023-04-25T09:00:51Z,496,96803,626,20,1,0.7555555555555555,8.0,1.0,0.0,0.0
9,v8Da089YheY,2023-04-25T09:00:51Z,496,96813,626,20,2,0.7569444444444444,10.0,1.6666666666666667,0.0,0.0
10,v8Da089YheY,2023-04-25T09:00:51Z,496,96816,626,20,3,0.7583333333333333,3.0,-0.6666666666666666,0.0,0.0
11,v8Da089YheY,2023-04-25T09:00:51Z,496,96821,626,20,4,0.7597222222222222,5.0,0.0,0.0,0.0
12,v8Da089YheY,2023-04-25T09:00:51Z,496,96825,626,20,5,0.7611111111111111,4.0,-0.3333333333333333,0.0,0.0
13,v8Da089YheY,2023-04-25T09:00:51Z,496,96828,626,20,6,0.7625,3.0,-0.6666666666666666,0.0,0.0
14,v8Da089YheY,2023-04-25T09:00:51Z,496,96835,626,20,7,0.7638888888888888,7.0,0.6666666666666666,0.0,0.0
15,v8Da089YheY,2023-04-25T09:00:51Z,496,96840,626,20,8,0.7652777777777777,5.0,0.0,0.0,0.0
16,v8Da089YheY,2023-04-25T09:00:51Z,496,96841,626,20,9,0.7666666666666667,1.0,-1.3333333333333333,0.0,0.0
17,v8Da089YheY,2023-04-25T09:00:51Z,496,96846,626,20,10,0.7680555555555556,5.0,0.0,0.0,0.0
18,v8Da089YheY,2023-04-25T09:00:51Z,496,96850,626,20,11,0.7694444444444445,4.0,-0.3333333333333333,0.0,0.0
19,v8Da089YheY,2023-04-25T09:00:51Z,496,96853,626,20,12,0.7708333333333334,3.0,-0.6666666666666666,0.0,0.0
20,v8Da089YheY,2023-04-25T09:00:51Z,496,96855,626,20,13,0.7722222222222223,2.0,-1.0,0.0,0.0
21,v8Da089YheY,2023-04-25T09:00:51Z,496,96862,626,20,14,0.7736111111111111,7.0,0.6666666666666666,0.0,0.0
22,v8Da089YheY,2023-04-25T09:00:51Z,496,96867,626,20,15,0.775,5.0,0.0,0.0,0.0
23,v8Da089YheY,2023-04-25T09:00:51Z,496,96870,626,20,16,0.7763888888888889,3.0,-0.6666666666666666,0.0,0.0
24,v8Da089YheY,2023-04-25T09:00:51Z,496,96873,626,20,17,0.7777777777777778,3.0,-0.6666666666666666,0.0,0.0
25,v8Da089YheY,2023-04-25T09:00:51Z,496,96879,626,20,18,0.7791666666666667,6.0,0.3333333333333333,0.0,0.0
26,v8Da089YheY,2023-04-25T09:00:51Z,496,96882,626,20,19,0.7805555555555556,3.0,-0.6666666666666666,0.0,0.0
27,v8Da089YheY,2023-04-25T09:00:51Z,496,96888,626,20,20,0.7819444444444444,6.0,0.3333333333333333,0.0,0.0
28,v8Da089YheY,2023-04-25T09:00:51Z,496,96894,626,20,21,0.7833333333333333,6.0,0.3333333333333333,0.0,0.0
29,v8Da089YheY,2023-04-25T09:00:51Z,496,96897,626,20,22,0.7847222222222222,3.0,-0.6666666666666666,0.0,0.0
30,v8Da089YheY,2023-04-25T09:00:51Z,496,96902,626,20,23,0.7861111111111111,5.0,0.0,0.0,0.0
31,v8Da089YheY,2023-04-25T09:00:51Z,496,96909,626,20,0,0.7875,7.0,0.6666666666666666,0.0,0.0
32,v8Da089YheY,2023-04-25T09:00:51Z,496,96910,626,20,1,0.7888888888888889,1.0,-1.3333333333333333,0.0,0.0
33,v8Da089YheY,2023-04-25T09:00:51Z,496,96916,626,20,2,0.7902777777777777,6.0,0.3333333333333333,0.0,0.0
34,v8Da089YheY,2023-04-25T09:00:51Z,496,96921,626,20,3,0.7916666666666666,5.0,0.0,0.0,0.0
35,v8Da089YheY,2023-04-25T09:00:51Z,496,96923,626,20,4,0.7930555555555555,2.0,-1.0,0.0,0.0
36,v8Da089YheY,2023-04-25T09:00:51Z,496,96925,626,20,5,0.7944444444444444,2.0,-1.0,0.0,0.0
37,v8Da089YheY,2023-04-25T09:00:51Z,496,96928,626,20,6,0.7958333333333333,3.0,-0.6666666666666666,0.0,0.0
38,v8Da089YheY,2023-04-25T09:00:51Z,496,96935,626,20,7,0.7972222222222223,7.0,0.6666666666666666,0.0,0.0
39,v8Da089YheY,2023-04-25T09:00:51Z,496,96936,626,20,8,0.7986111111111112,1.0,-1.3333333333333333,0.0,0.0
40,v8Da089YheY,2023-04-25T09:00:51Z,496,96946,626,20,9,0.8,10.0,1.6666666666666667,0.0,0.0
41,v8Da089YheY,2023-04-25T09:00:51Z,496,96950,626,20,10,0.8013888888888889,4.0,-0.3333333333333333,0.0,0.0
