,id,date,duration,views,likes,category_id,hour,update_diff,views_diff,views_diff_scaled,likes_diff,likes_diff_scaled
1,X-skilE_Bkc,2023-05-13T08:34:12Z,437,80837,552,20,1,0.25555555555555554,114.0,0.7610619469026548,0.0,0.0
2,X-skilE_Bkc,2023-05-13T08:34:12Z,437,80922,552,20,2,0.2569444444444444,85.0,0.24778761061946902,0.0,0.0
3,X-skilE_Bkc,2023-05-13T08:34:12Z,437,80990,553,20,3,0.25833333333333336,68.0,-0.05309734513274336,1.0,1.0
4,X-skilE_Bkc,2023-05-13T08:34:12Z,437,81061,553,20,4,0.25972222222222224,71.0,0.0,0.0,0.0
5,X-skilE_Bkc,2023-05-13T08:34:12Z,437,81132,553,20,5,0.2611111111111111,71.0,0.0,0.0,0.0
6,X-skilE_Bkc,2023-05-13T08:34:12Z,437,81175,553,20,6,0.2625,43.0,-0.49557522123893805,0.0,0.0
7,X-skilE_Bkc,2023-05-13T08:34:12Z,437,81205,553,20,7,0.2638888888888889,30.0,-0.7256637168141593,0.0,0.0
8,X-skilE_Bkc,2023-05-13T08:34:12Z,437,81238,555,20,8,0.2652777777777778,33.0,-0.672566371681416,2.0,2.0
9,X-skilE_Bkc,2023-05-13T08:34:12Z,437,81256,555,20,9,0.26666666666666666,18.0,-0.9380530973451328,0.0,0.0
10,X-skilE_Bkc,2023-05-13T08:34:12Z,437,81293,555,20,10,0.26805555555555555,37.0,-0.6017699115044248,0.0,0.0
11,X-skilE_Bkc,2023-05-13T08:34:12Z,437,81335,555,20,11,0.26944444444444443,42.0,-0.5132743362831859,0.0,0.0
12,X-skilE_Bkc,2023-05-13T08:34:12Z,437,81386,555,20,12,0.2708333333333333,51.0,-0.35398230088495575,0.0,0.0
13,X-skilE_Bkc,2023-05-13T08:34:12Z,437,81455,555,20,13,0.2722222222222222,69.0,-0.035398230088495575,0.0,0.0
14,X-skilE_Bkc,2023-05-13T08:34:12Z,437,81520,555,20,14,0.27361111111111114,65.0,-0.10619469026548672,0.0,0.0
15,X-skilE_Bkc,2023-05-13T08:34:12Z,437,81631,556,20,15,0.275,111.0,0.7079646017699115,1.0,1.0
16,X-skilE_Bkc,2023-05-13T08:34:12Z,437,81730,557,20,16,0.2763888888888889,99.0,0.49557522123893805,1.0,1.0
17,X-skilE_Bkc,2023-05-13T08:34:12Z,437,81840,558,20,17,0.2777777777777778,110.0,0.6902654867256637,1.0,1.0
18,X-skilE_Bkc,2023-05-13T08:34:12Z,437,81991,562,20,18,0.2791666666666667,151.0,1.415929203539823,4.0,4.0
19,X-skilE_Bkc,2023-05-13T08:34:12Z,437,82137,562,20,19,0.28055555555555556,146.0,1.3274336283185841,0.0,0.0
20,X-skilE_Bkc,2023-05-13T08:34:12Z,437,82193,562,20,20,0.28194444444444444,56.0,-0.26548672566371684,0.0,0.0
21,X-skilE_Bkc,2023-05-13T08:34:12Z,437,82377,564,20,21,0.2833333333333333,184.0,2.0,2.0,2.0
22,X-skilE_Bkc,2023-05-13T08:34:12Z,437,82493,565,20,22,0.2847222222222222,116.0,0.7964601769911505,1.0,1.0
23,X-skilE_Bkc,2023-05-13T08:34:12Z,437,82634,566,20,23,0.2861111111111111,141.0,1.238938053097345,1.0,1.0
24,X-skilE_Bkc,2023-05-13T08:34:12Z,437,82741,568,20,0,0.2875,107.0,0.6371681415929203,2.0,2.0
25,X-skilE_Bkc,2023-05-13T08:34:12Z,437,82859,569,20,1,0.28888888888888886,118.0,0.831858407079646,1.0,1.0
26,X-skilE_Bkc,2023-05-13T08:34:12Z,437,82935,570,20,2,0.2902777777777778,76.0,0.08849557522123894,1.0,1.0
27,X-skilE_Bkc,2023-05-13T08:34:12Z,437,83061,570,20,3,0.2916666666666667,126.0,0.9734513274336283,0.0,0.0
28,X-skilE_Bkc,2023-05-13T08:34:12Z,437,83156,571,20,4,0.29305555555555557,95.0,0.4247787610619469,1.0,1.0
29,X-skilE_Bkc,2023-05-13T08:34:12Z,437,83260,572,20,5,0.29444444444444445,104.0,0.584070796460177,1.0,1.0
30,X-skilE_Bkc,2023-05-13T08:34:12Z,437,83349,572,20,6,0.29583333333333334,89.0,0.3185840707964602,0.0,0.0
31,X-skilE_Bkc,2023-05-13T08:34:12Z,437,83450,572,20,7,0.2972222222222222,101.0,0.5309734513274337,0.0,0.0
32,X-skilE_Bkc,2023-05-13T08:34:12Z,437,83495,572,20,8,0.2986111111111111,45.0,-0.46017699115044247,0.0,0.0
33,X-skilE_Bkc,2023-05-13T08:34:12Z,437,83517,573,20,9,0.3,22.0,-0.8672566371681416,1.0,1.0
34,X-skilE_Bkc,2023-05-13T08:34:12Z,437,83569,573,20,10,0.3013888888888889,52.0,-0.336283185840708,0.0,0.0
35,X-skilE_Bkc,2023-05-13T08:34:12Z,437,83627,573,20,11,0.30277777777777776,58.0,-0.23008849557522124,0.0,0.0
36,X-skilE_Bkc,2023-05-13T08:34:12Z,437,83683,574,20,12,0.30416666666666664,56.0,-0.26548672566371684,1.0,1.0
37,X-skilE_Bkc,2023-05-13T08:34:12Z,437,83751,574,20,13,0.3055555555555556,68.0,-0.05309734513274336,0.0,0.0
38,X-skilE_Bkc,2023-05-13T08:34:12Z,437,83868,574,20,14,0.30833333333333335,117.0,0.8141592920353983,0.0,0.0
39,X-skilE_Bkc,2023-05-13T08:34:12Z,437,83930,574,20,15,0.30833333333333335,62.0,-0.1592920353982301,0.0,0.0
