,id,date,duration,views,likes,category_id,hour,update_diff,views_diff,views_diff_scaled,likes_diff,likes_diff_scaled
1,cN5gxfefVE0,2023-05-03T09:36:45Z,558,120098,663,20,1,0.5875,19.0,0.14285714285714285,1.0,1.0
2,cN5gxfefVE0,2023-05-03T09:36:45Z,558,120107,663,20,2,0.5888888888888889,9.0,-0.3333333333333333,0.0,0.0
3,cN5gxfefVE0,2023-05-03T09:36:45Z,558,120115,663,20,3,0.5902777777777778,8.0,-0.38095238095238093,0.0,0.0
4,cN5gxfefVE0,2023-05-03T09:36:45Z,558,120145,663,20,4,0.5916666666666667,30.0,0.6666666666666666,0.0,0.0
5,cN5gxfefVE0,2023-05-03T09:36:45Z,558,120160,663,20,5,0.5930555555555556,15.0,-0.047619047619047616,0.0,0.0
6,cN5gxfefVE0,2023-05-03T09:36:45Z,558,120180,663,20,6,0.5944444444444444,20.0,0.19047619047619047,0.0,0.0
7,cN5gxfefVE0,2023-05-03T09:36:45Z,558,120187,663,20,7,0.5958333333333333,7.0,-0.42857142857142855,0.0,0.0
8,cN5gxfefVE0,2023-05-03T09:36:45Z,558,120204,663,20,8,0.5972222222222222,17.0,0.047619047619047616,0.0,0.0
9,cN5gxfefVE0,2023-05-03T09:36:45Z,558,120209,663,20,9,0.5986111111111111,5.0,-0.5238095238095238,0.0,0.0
10,cN5gxfefVE0,2023-05-03T09:36:45Z,558,120219,663,20,10,0.6,10.0,-0.2857142857142857,0.0,0.0
11,cN5gxfefVE0,2023-05-03T09:36:45Z,558,120229,663,20,11,0.6013888888888889,10.0,-0.2857142857142857,0.0,0.0
12,cN5gxfefVE0,2023-05-03T09:36:45Z,558,120247,663,20,12,0.6027777777777777,18.0,0.09523809523809523,0.0,0.0
13,cN5gxfefVE0,2023-05-03T09:36:45Z,558,120272,663,20,13,0.6041666666666666,25.0,0.42857142857142855,0.0,0.0
14,cN5gxfefVE0,2023-05-03T09:36:45Z,558,120309,663,20,14,0.6055555555555555,37.0,1.0,0.0,0.0
15,cN5gxfefVE0,2023-05-03T09:36:45Z,558,120349,663,20,15,0.6069444444444444,40.0,1.1428571428571428,0.0,0.0
16,cN5gxfefVE0,2023-05-03T09:36:45Z,558,120380,663,20,16,0.6083333333333333,31.0,0.7142857142857143,0.0,0.0
17,cN5gxfefVE0,2023-05-03T09:36:45Z,558,120413,663,20,17,0.6097222222222223,33.0,0.8095238095238095,0.0,0.0
18,cN5gxfefVE0,2023-05-03T09:36:45Z,558,120445,663,20,18,0.6111111111111112,32.0,0.7619047619047619,0.0,0.0
19,cN5gxfefVE0,2023-05-03T09:36:45Z,558,120487,663,20,19,0.6125,42.0,1.2380952380952381,0.0,0.0
20,cN5gxfefVE0,2023-05-03T09:36:45Z,558,120501,663,20,20,0.6138888888888889,14.0,-0.09523809523809523,0.0,0.0
21,cN5gxfefVE0,2023-05-03T09:36:45Z,558,120558,663,20,21,0.6152777777777778,57.0,1.9523809523809523,0.0,0.0
22,cN5gxfefVE0,2023-05-03T09:36:45Z,558,120569,663,20,22,0.6166666666666667,11.0,-0.23809523809523808,0.0,0.0
23,cN5gxfefVE0,2023-05-03T09:36:45Z,558,120603,663,20,23,0.6180555555555556,34.0,0.8571428571428571,0.0,0.0
24,cN5gxfefVE0,2023-05-03T09:36:45Z,558,120622,663,20,0,0.6194444444444445,19.0,0.14285714285714285,0.0,0.0
25,cN5gxfefVE0,2023-05-03T09:36:45Z,558,120634,663,20,1,0.6208333333333333,12.0,-0.19047619047619047,0.0,0.0
26,cN5gxfefVE0,2023-05-03T09:36:45Z,558,120646,663,20,2,0.6222222222222222,12.0,-0.19047619047619047,0.0,0.0
27,cN5gxfefVE0,2023-05-03T09:36:45Z,558,120675,663,20,3,0.6236111111111111,29.0,0.6190476190476191,0.0,0.0
28,cN5gxfefVE0,2023-05-03T09:36:45Z,558,120694,663,20,4,0.625,19.0,0.14285714285714285,0.0,0.0
29,cN5gxfefVE0,2023-05-03T09:36:45Z,558,120728,663,20,5,0.6263888888888889,34.0,0.8571428571428571,0.0,0.0
30,cN5gxfefVE0,2023-05-03T09:36:45Z,558,120744,663,20,6,0.6277777777777778,16.0,0.0,0.0,0.0
31,cN5gxfefVE0,2023-05-03T09:36:45Z,558,120760,663,20,7,0.6291666666666667,16.0,0.0,0.0,0.0
32,cN5gxfefVE0,2023-05-03T09:36:45Z,558,120762,663,20,8,0.6305555555555555,2.0,-0.6666666666666666,0.0,0.0
33,cN5gxfefVE0,2023-05-03T09:36:45Z,558,120765,663,20,9,0.6319444444444444,3.0,-0.6190476190476191,0.0,0.0
34,cN5gxfefVE0,2023-05-03T09:36:45Z,558,120773,663,20,10,0.6333333333333333,8.0,-0.38095238095238093,0.0,0.0
35,cN5gxfefVE0,2023-05-03T09:36:45Z,558,120780,663,20,11,0.6347222222222222,7.0,-0.42857142857142855,0.0,0.0
36,cN5gxfefVE0,2023-05-03T09:36:45Z,558,120785,663,20,12,0.6361111111111111,5.0,-0.5238095238095238,0.0,0.0
37,cN5gxfefVE0,2023-05-03T09:36:45Z,558,120792,663,20,13,0.6375,7.0,-0.42857142857142855,0.0,0.0
38,cN5gxfefVE0,2023-05-03T09:36:45Z,558,120802,663,20,14,0.6402777777777777,10.0,-0.2857142857142857,0.0,0.0
39,cN5gxfefVE0,2023-05-03T09:36:45Z,558,120805,663,20,15,0.6402777777777777,3.0,-0.6190476190476191,0.0,0.0
