,id,date,duration,views,likes,category_id,hour,update_diff,views_diff,views_diff_scaled,likes_diff,likes_diff_scaled
1,Mv2q0JAw0dA,2023-05-12T14:00:07Z,2364,5678736,204315,24,1,0.28194444444444444,16173.0,1.320590660370287,399.0,1.4657039711191335
2,Mv2q0JAw0dA,2023-05-12T14:00:07Z,2364,5691227,204632,24,2,0.2833333333333333,12491.0,0.7686080503710366,317.0,0.8736462093862816
3,Mv2q0JAw0dA,2023-05-12T14:00:07Z,2364,5704630,204876,24,3,0.2847222222222222,13403.0,0.9053294355745446,244.0,0.34657039711191334
4,Mv2q0JAw0dA,2023-05-12T14:00:07Z,2364,5715032,205050,24,4,0.2861111111111111,10402.0,0.45543812307922943,174.0,-0.1588447653429603
5,Mv2q0JAw0dA,2023-05-12T14:00:07Z,2364,5724290,205210,24,5,0.2875,9258.0,0.28393673637658345,160.0,-0.259927797833935
6,Mv2q0JAw0dA,2023-05-12T14:00:07Z,2364,5731062,205341,24,6,0.28888888888888886,6772.0,-0.08874896934262799,131.0,-0.4693140794223827
7,Mv2q0JAw0dA,2023-05-12T14:00:07Z,2364,5735235,205460,24,7,0.2902777777777778,4173.0,-0.47837493441271267,119.0,-0.555956678700361
8,Mv2q0JAw0dA,2023-05-12T14:00:07Z,2364,5739184,205556,24,8,0.2916666666666667,3949.0,-0.5119556255153287,96.0,-0.7220216606498195
9,Mv2q0JAw0dA,2023-05-12T14:00:07Z,2364,5742061,205655,24,9,0.29305555555555557,2877.0,-0.6726632186492767,99.0,-0.7003610108303249
10,Mv2q0JAw0dA,2023-05-12T14:00:07Z,2364,5745266,205793,24,10,0.29444444444444445,3205.0,-0.6234914923918746,138.0,-0.4187725631768953
11,Mv2q0JAw0dA,2023-05-12T14:00:07Z,2364,5748893,205989,24,11,0.29583333333333334,3627.0,-0.5602278689753392,196.0,0.0
12,Mv2q0JAw0dA,2023-05-12T14:00:07Z,2364,5754321,206225,24,12,0.2972222222222222,5428.0,-0.29023311595832396,236.0,0.2888086642599278
13,Mv2q0JAw0dA,2023-05-12T14:00:07Z,2364,5761328,206477,24,13,0.2986111111111111,7007.0,-0.053519226444794246,252.0,0.4043321299638989
14,Mv2q0JAw0dA,2023-05-12T14:00:07Z,2364,5769385,206783,24,14,0.3,8057.0,0.10389026309871824,306.0,0.7942238267148014
15,Mv2q0JAw0dA,2023-05-12T14:00:07Z,2364,5781020,207063,24,15,0.3013888888888889,11635.0,0.6402818379431827,280.0,0.6064981949458483
16,Mv2q0JAw0dA,2023-05-12T14:00:07Z,2364,5790296,207345,24,16,0.30277777777777776,9276.0,0.286635184768758,282.0,0.6209386281588448
17,Mv2q0JAw0dA,2023-05-12T14:00:07Z,2364,5799536,207612,24,17,0.30416666666666664,9240.0,0.281238287984409,267.0,0.5126353790613718
18,Mv2q0JAw0dA,2023-05-12T14:00:07Z,2364,5812385,207870,24,18,0.3055555555555556,12849.0,0.8222771906153962,258.0,0.44765342960288806
19,Mv2q0JAw0dA,2023-05-12T14:00:07Z,2364,5824692,208133,24,19,0.30694444444444446,12307.0,0.7410239112510306,263.0,0.48375451263537905
20,Mv2q0JAw0dA,2023-05-12T14:00:07Z,2364,5830291,208391,24,20,0.30833333333333335,5599.0,-0.26459785623266624,258.0,0.44765342960288806
21,Mv2q0JAw0dA,2023-05-12T14:00:07Z,2364,5844735,208642,24,21,0.30972222222222223,14444.0,1.06138970092197,251.0,0.3971119133574007
22,Mv2q0JAw0dA,2023-05-12T14:00:07Z,2364,5853082,208924,24,22,0.3111111111111111,8347.0,0.14736526497264074,282.0,0.6209386281588448
23,Mv2q0JAw0dA,2023-05-12T14:00:07Z,2364,5866569,209234,24,23,0.3125,13487.0,0.9179221947380256,310.0,0.8231046931407943
24,Mv2q0JAw0dA,2023-05-12T14:00:07Z,2364,5876444,209499,24,0,0.3138888888888889,9875.0,0.3764335507083427,265.0,0.4981949458483754
25,Mv2q0JAw0dA,2023-05-12T14:00:07Z,2364,5888443,209734,24,1,0.31527777777777777,11999.0,0.6948504609849336,235.0,0.2815884476534296
26,Mv2q0JAw0dA,2023-05-12T14:00:07Z,2364,5897269,209937,24,2,0.31666666666666665,8826.0,0.21917397496439547,203.0,0.05054151624548736
27,Mv2q0JAw0dA,2023-05-12T14:00:07Z,2364,5908913,210106,24,3,0.31805555555555554,11644.0,0.6416310621392699,169.0,-0.19494584837545126
28,Mv2q0JAw0dA,2023-05-12T14:00:07Z,2364,5916277,210241,24,4,0.3194444444444444,7364.0,0.0,135.0,-0.4404332129963899
29,Mv2q0JAw0dA,2023-05-12T14:00:07Z,2364,5923959,210349,24,5,0.32083333333333336,7682.0,0.04767258826174949,108.0,-0.6353790613718412
30,Mv2q0JAw0dA,2023-05-12T14:00:07Z,2364,5928484,210433,24,6,0.32222222222222224,4525.0,-0.4256052769657447,84.0,-0.8086642599277978
31,Mv2q0JAw0dA,2023-05-12T14:00:07Z,2364,5933086,210506,24,7,0.3236111111111111,4602.0,-0.41406191439922047,73.0,-0.8880866425992779
32,Mv2q0JAw0dA,2023-05-12T14:00:07Z,2364,5935699,210605,24,8,0.325,2613.0,-0.7122404617345026,99.0,-0.7003610108303249
33,Mv2q0JAw0dA,2023-05-12T14:00:07Z,2364,5937907,210702,24,9,0.3263888888888889,2208.0,-0.7729555505584289,97.0,-0.7148014440433214
34,Mv2q0JAw0dA,2023-05-12T14:00:07Z,2364,5942265,210802,24,10,0.3277777777777778,4358.0,-0.45064088149314147,100.0,-0.6931407942238267
35,Mv2q0JAw0dA,2023-05-12T14:00:07Z,2364,5946603,210927,24,11,0.32916666666666666,4338.0,-0.45363915748444644,125.0,-0.5126353790613718
36,Mv2q0JAw0dA,2023-05-12T14:00:07Z,2364,5950076,211036,24,12,0.33055555555555555,3473.0,-0.5833145941083877,109.0,-0.628158844765343
37,Mv2q0JAw0dA,2023-05-12T14:00:07Z,2364,5954793,211172,24,13,0.33194444444444443,4717.0,-0.3968218274492167,136.0,-0.4332129963898917
38,Mv2q0JAw0dA,2023-05-12T14:00:07Z,2364,5962127,211381,24,14,0.3333333333333333,7334.0,-0.0044974139869575,209.0,0.09386281588447654
39,Mv2q0JAw0dA,2023-05-12T14:00:07Z,2364,5965881,211526,24,15,0.3347222222222222,3754.0,-0.5411888164305524,145.0,-0.36823104693140796
