,id,date,duration,views,likes,category_id,hour,update_diff,views_diff,views_diff_scaled,likes_diff,likes_diff_scaled
1,yK4mTN3B1d8,2023-05-12T09:00:09Z,913,1559199,46866,24,16,0.1763888888888889,4059.0,0.5466297322253001,70.0,0.41935483870967744
2,yK4mTN3B1d8,2023-05-12T09:00:09Z,913,1562213,46937,24,17,0.17777777777777778,3014.0,0.0641735918744229,71.0,0.45161290322580644
3,yK4mTN3B1d8,2023-05-12T09:00:09Z,913,1567205,47008,24,18,0.17916666666666667,4992.0,0.9773776546629732,71.0,0.45161290322580644
4,yK4mTN3B1d8,2023-05-12T09:00:09Z,913,1571088,47083,24,19,0.18055555555555555,3883.0,0.46537396121883656,75.0,0.5806451612903226
5,yK4mTN3B1d8,2023-05-12T09:00:09Z,913,1574424,47161,24,20,0.18194444444444444,3336.0,0.21283471837488457,78.0,0.6774193548387096
6,yK4mTN3B1d8,2023-05-12T09:00:09Z,913,1578659,47242,24,21,0.18333333333333332,4235.0,0.6278855032317636,81.0,0.7741935483870968
7,yK4mTN3B1d8,2023-05-12T09:00:09Z,913,1582953,47307,24,22,0.18472222222222223,4294.0,0.6551246537396122,65.0,0.25806451612903225
8,yK4mTN3B1d8,2023-05-12T09:00:09Z,913,1587416,47374,24,23,0.18611111111111112,4463.0,0.7331486611265005,67.0,0.3225806451612903
9,yK4mTN3B1d8,2023-05-12T09:00:09Z,913,1591113,47465,24,0,0.1875,3697.0,0.37950138504155123,91.0,1.096774193548387
10,yK4mTN3B1d8,2023-05-12T09:00:09Z,913,1593939,47522,24,1,0.18888888888888888,2826.0,-0.022622345337026777,57.0,0.0
11,yK4mTN3B1d8,2023-05-12T09:00:09Z,913,1597396,47584,24,2,0.19027777777777777,3457.0,0.26869806094182824,62.0,0.16129032258064516
12,yK4mTN3B1d8,2023-05-12T09:00:09Z,913,1602112,47632,24,3,0.19166666666666668,4716.0,0.8499538319482918,48.0,-0.2903225806451613
13,yK4mTN3B1d8,2023-05-12T09:00:09Z,913,1605145,47667,24,4,0.19305555555555556,3033.0,0.0729455216989843,35.0,-0.7096774193548387
14,yK4mTN3B1d8,2023-05-12T09:00:09Z,913,1607739,47698,24,5,0.19444444444444445,2594.0,-0.12973222530009235,31.0,-0.8387096774193549
15,yK4mTN3B1d8,2023-05-12T09:00:09Z,913,1609345,47738,24,6,0.19583333333333333,1606.0,-0.5858725761772853,40.0,-0.5483870967741935
16,yK4mTN3B1d8,2023-05-12T09:00:09Z,913,1610646,47783,24,7,0.19722222222222222,1301.0,-0.7266851338873499,45.0,-0.3870967741935484
17,yK4mTN3B1d8,2023-05-12T09:00:09Z,913,1611286,47813,24,8,0.1986111111111111,640.0,-1.0318559556786704,30.0,-0.8709677419354839
18,yK4mTN3B1d8,2023-05-12T09:00:09Z,913,1612864,47857,24,9,0.2,1578.0,-0.5987996306555863,44.0,-0.41935483870967744
19,yK4mTN3B1d8,2023-05-12T09:00:09Z,913,1614508,47898,24,10,0.2013888888888889,1644.0,-0.5683287165281625,41.0,-0.5161290322580645
20,yK4mTN3B1d8,2023-05-12T09:00:09Z,913,1616158,47942,24,11,0.20277777777777778,1650.0,-0.5655586334256695,44.0,-0.41935483870967744
21,yK4mTN3B1d8,2023-05-12T09:00:09Z,913,1617879,47989,24,12,0.20416666666666666,1721.0,-0.5327793167128347,47.0,-0.3225806451612903
22,yK4mTN3B1d8,2023-05-12T09:00:09Z,913,1618953,48036,24,13,0.20555555555555555,1074.0,-0.8314866112650047,47.0,-0.3225806451612903
23,yK4mTN3B1d8,2023-05-12T09:00:09Z,913,1622033,48087,24,14,0.20694444444444443,3080.0,0.09464450600184672,51.0,-0.1935483870967742
24,yK4mTN3B1d8,2023-05-12T09:00:09Z,913,1624053,48126,24,15,0.20833333333333334,2020.0,-0.39473684210526316,39.0,-0.5806451612903226
25,yK4mTN3B1d8,2023-05-12T09:00:09Z,913,1627054,48171,24,16,0.20972222222222223,3001.0,0.05817174515235457,45.0,-0.3870967741935484
26,yK4mTN3B1d8,2023-05-12T09:00:09Z,913,1628639,48236,24,17,0.2111111111111111,1585.0,-0.5955678670360111,65.0,0.25806451612903225
27,yK4mTN3B1d8,2023-05-12T09:00:09Z,913,1631514,48312,24,18,0.2125,2875.0,0.0,76.0,0.6129032258064516
28,yK4mTN3B1d8,2023-05-12T09:00:09Z,913,1633403,48402,24,19,0.21388888888888888,1889.0,-0.4552169898430286,90.0,1.064516129032258
29,yK4mTN3B1d8,2023-05-12T09:00:09Z,913,1638907,48491,24,20,0.2152777777777778,5504.0,1.213758079409049,89.0,1.032258064516129
30,yK4mTN3B1d8,2023-05-12T09:00:09Z,913,1642228,48600,24,21,0.21666666666666667,3321.0,0.2059095106186519,109.0,1.6774193548387097
31,yK4mTN3B1d8,2023-05-12T09:00:09Z,913,1644890,48724,24,22,0.21805555555555556,2662.0,-0.09833795013850416,124.0,2.161290322580645
32,yK4mTN3B1d8,2023-05-12T09:00:09Z,913,1649831,48835,24,23,0.21944444444444444,4941.0,0.9538319482917821,111.0,1.7419354838709677
33,yK4mTN3B1d8,2023-05-12T09:00:09Z,913,1655015,48934,24,0,0.22083333333333333,5184.0,1.0660203139427515,99.0,1.3548387096774193
34,yK4mTN3B1d8,2023-05-12T09:00:09Z,913,1659369,49040,24,1,0.2222222222222222,4354.0,0.682825484764543,106.0,1.5806451612903225
35,yK4mTN3B1d8,2023-05-12T09:00:09Z,913,1662187,49115,24,2,0.22361111111111112,2818.0,-0.02631578947368421,75.0,0.5806451612903226
36,yK4mTN3B1d8,2023-05-12T09:00:09Z,913,1666574,49186,24,3,0.225,4387.0,0.6980609418282548,71.0,0.45161290322580644
37,yK4mTN3B1d8,2023-05-12T09:00:09Z,913,1669041,49234,24,4,0.2263888888888889,2467.0,-0.1883656509695291,48.0,-0.2903225806451613
38,yK4mTN3B1d8,2023-05-12T09:00:09Z,913,1672861,49282,24,5,0.22777777777777777,3820.0,0.4362880886426593,48.0,-0.2903225806451613
39,yK4mTN3B1d8,2023-05-12T09:00:09Z,913,1674265,49334,24,6,0.22916666666666666,1404.0,-0.6791320406278855,52.0,-0.16129032258064516
40,yK4mTN3B1d8,2023-05-12T09:00:09Z,913,1676274,49386,24,7,0.23055555555555557,2009.0,-0.39981532779316714,52.0,-0.16129032258064516
41,yK4mTN3B1d8,2023-05-12T09:00:09Z,913,1676622,49421,24,8,0.23194444444444445,348.0,-1.1666666666666667,35.0,-0.7096774193548387
42,yK4mTN3B1d8,2023-05-12T09:00:09Z,913,1678646,49449,24,9,0.23333333333333334,2024.0,-0.39289012003693446,28.0,-0.9354838709677419
43,yK4mTN3B1d8,2023-05-12T09:00:09Z,913,1680723,49487,24,10,0.23472222222222222,2077.0,-0.3684210526315789,38.0,-0.6129032258064516
