,id,date,duration,views,likes,category_id,hour,update_diff,views_diff,views_diff_scaled,likes_diff,likes_diff_scaled
1,yK4mTN3B1d8,2023-05-12T09:00:09Z,913,1783668,51969,24,1,0.28888888888888886,3787.0,1.1370992366412214,61.0,0.5294117647058824
2,yK4mTN3B1d8,2023-05-12T09:00:09Z,913,1786883,52025,24,2,0.2902777777777778,3215.0,0.7877862595419848,56.0,0.38235294117647056
3,yK4mTN3B1d8,2023-05-12T09:00:09Z,913,1789959,52077,24,3,0.2916666666666667,3076.0,0.7029007633587786,52.0,0.2647058823529412
4,yK4mTN3B1d8,2023-05-12T09:00:09Z,913,1792975,52120,24,4,0.29305555555555557,3016.0,0.6662595419847328,43.0,0.0
5,yK4mTN3B1d8,2023-05-12T09:00:09Z,913,1795639,52155,24,5,0.29444444444444445,2664.0,0.45129770992366414,35.0,-0.23529411764705882
6,yK4mTN3B1d8,2023-05-12T09:00:09Z,913,1797438,52177,24,6,0.29583333333333334,1799.0,-0.07694656488549619,22.0,-0.6176470588235294
7,yK4mTN3B1d8,2023-05-12T09:00:09Z,913,1798407,52204,24,7,0.2972222222222222,969.0,-0.5838167938931298,27.0,-0.47058823529411764
8,yK4mTN3B1d8,2023-05-12T09:00:09Z,913,1799589,52244,24,8,0.2986111111111111,1182.0,-0.4537404580152672,40.0,-0.08823529411764706
9,yK4mTN3B1d8,2023-05-12T09:00:09Z,913,1800502,52274,24,9,0.3,913.0,-0.6180152671755725,30.0,-0.38235294117647056
10,yK4mTN3B1d8,2023-05-12T09:00:09Z,913,1801520,52315,24,10,0.3013888888888889,1018.0,-0.5538931297709924,41.0,-0.058823529411764705
11,yK4mTN3B1d8,2023-05-12T09:00:09Z,913,1802843,52358,24,11,0.30277777777777776,1323.0,-0.36763358778625954,43.0,0.0
12,yK4mTN3B1d8,2023-05-12T09:00:09Z,913,1804657,52415,24,12,0.30416666666666664,1814.0,-0.06778625954198474,57.0,0.4117647058823529
13,yK4mTN3B1d8,2023-05-12T09:00:09Z,913,1806894,52477,24,13,0.3055555555555556,2237.0,0.19053435114503817,62.0,0.5588235294117647
14,yK4mTN3B1d8,2023-05-12T09:00:09Z,913,1809430,52535,24,14,0.30694444444444446,2536.0,0.37312977099236644,58.0,0.4411764705882353
15,yK4mTN3B1d8,2023-05-12T09:00:09Z,913,1812779,52599,24,15,0.30833333333333335,3349.0,0.869618320610687,64.0,0.6176470588235294
16,yK4mTN3B1d8,2023-05-12T09:00:09Z,913,1814891,52673,24,16,0.30972222222222223,2112.0,0.11419847328244274,74.0,0.9117647058823529
17,yK4mTN3B1d8,2023-05-12T09:00:09Z,913,1817726,52743,24,17,0.3111111111111111,2835.0,0.5557251908396946,70.0,0.7941176470588235
18,yK4mTN3B1d8,2023-05-12T09:00:09Z,913,1821670,52789,24,18,0.3125,3944.0,1.2329770992366411,46.0,0.08823529411764706
19,yK4mTN3B1d8,2023-05-12T09:00:09Z,913,1825597,52845,24,19,0.3138888888888889,3927.0,1.2225954198473283,56.0,0.38235294117647056
20,yK4mTN3B1d8,2023-05-12T09:00:09Z,913,1827522,52907,24,20,0.31527777777777777,1925.0,0.0,62.0,0.5588235294117647
21,yK4mTN3B1d8,2023-05-12T09:00:09Z,913,1832456,52978,24,21,0.31666666666666665,4934.0,1.837557251908397,71.0,0.8235294117647058
22,yK4mTN3B1d8,2023-05-12T09:00:09Z,913,1834654,53027,24,22,0.31805555555555554,2198.0,0.1667175572519084,49.0,0.17647058823529413
23,yK4mTN3B1d8,2023-05-12T09:00:09Z,913,1838738,53089,24,23,0.3194444444444444,4084.0,1.318473282442748,62.0,0.5588235294117647
24,yK4mTN3B1d8,2023-05-12T09:00:09Z,913,1840722,53156,24,0,0.32083333333333336,1984.0,0.03603053435114504,67.0,0.7058823529411765
25,yK4mTN3B1d8,2023-05-12T09:00:09Z,913,1842968,53220,24,1,0.32222222222222224,2246.0,0.19603053435114504,64.0,0.6176470588235294
26,yK4mTN3B1d8,2023-05-12T09:00:09Z,913,1844848,53281,24,2,0.3236111111111111,1880.0,-0.02748091603053435,61.0,0.5294117647058824
27,yK4mTN3B1d8,2023-05-12T09:00:09Z,913,1847477,53313,24,3,0.325,2629.0,0.4299236641221374,32.0,-0.3235294117647059
28,yK4mTN3B1d8,2023-05-12T09:00:09Z,913,1849440,53342,24,4,0.3263888888888889,1963.0,0.023206106870229008,29.0,-0.4117647058823529
29,yK4mTN3B1d8,2023-05-12T09:00:09Z,913,1851245,53362,24,5,0.3277777777777778,1805.0,-0.0732824427480916,20.0,-0.6764705882352942
30,yK4mTN3B1d8,2023-05-12T09:00:09Z,913,1852275,53383,24,6,0.32916666666666666,1030.0,-0.5465648854961832,21.0,-0.6470588235294118
31,yK4mTN3B1d8,2023-05-12T09:00:09Z,913,1853338,53403,24,7,0.33055555555555555,1063.0,-0.526412213740458,20.0,-0.6764705882352942
32,yK4mTN3B1d8,2023-05-12T09:00:09Z,913,1854001,53430,24,8,0.33194444444444443,663.0,-0.7706870229007634,27.0,-0.47058823529411764
33,yK4mTN3B1d8,2023-05-12T09:00:09Z,913,1854530,53457,24,9,0.3333333333333333,529.0,-0.8525190839694656,27.0,-0.47058823529411764
34,yK4mTN3B1d8,2023-05-12T09:00:09Z,913,1855607,53473,24,10,0.3347222222222222,1077.0,-0.5178625954198474,16.0,-0.7941176470588235
35,yK4mTN3B1d8,2023-05-12T09:00:09Z,913,1856754,53495,24,11,0.33611111111111114,1147.0,-0.4751145038167939,22.0,-0.6176470588235294
36,yK4mTN3B1d8,2023-05-12T09:00:09Z,913,1857472,53517,24,12,0.3375,718.0,-0.7370992366412213,22.0,-0.6176470588235294
37,yK4mTN3B1d8,2023-05-12T09:00:09Z,913,1858656,53547,24,13,0.3388888888888889,1184.0,-0.45251908396946566,30.0,-0.38235294117647056
38,yK4mTN3B1d8,2023-05-12T09:00:09Z,913,1860232,53593,24,14,0.3402777777777778,1576.0,-0.2131297709923664,46.0,0.08823529411764706
39,yK4mTN3B1d8,2023-05-12T09:00:09Z,913,1861036,53619,24,15,0.3416666666666667,804.0,-0.6845801526717558,26.0,-0.5
