,id,date,duration,views,likes,category_id,hour,update_diff,views_diff,views_diff_scaled,likes_diff,likes_diff_scaled
1,guXNZF8UnNQ,2023-05-13T09:00:21Z,1366,152406,4165,19,16,0.14305555555555555,300.0,0.9504132231404959,7.0,1.6666666666666667
2,guXNZF8UnNQ,2023-05-13T09:00:21Z,1366,152632,4170,19,17,0.14444444444444443,226.0,0.33884297520661155,5.0,1.0
3,guXNZF8UnNQ,2023-05-13T09:00:21Z,1366,152960,4175,19,18,0.14583333333333334,328.0,1.1818181818181819,5.0,1.0
4,guXNZF8UnNQ,2023-05-13T09:00:21Z,1366,153217,4178,19,19,0.14722222222222223,257.0,0.5950413223140496,3.0,0.3333333333333333
5,guXNZF8UnNQ,2023-05-13T09:00:21Z,1366,153419,4181,19,20,0.1486111111111111,202.0,0.14049586776859505,3.0,0.3333333333333333
6,guXNZF8UnNQ,2023-05-13T09:00:21Z,1366,153644,4186,19,21,0.15,225.0,0.3305785123966942,5.0,1.0
7,guXNZF8UnNQ,2023-05-13T09:00:21Z,1366,153885,4188,19,22,0.15138888888888888,241.0,0.4628099173553719,2.0,0.0
8,guXNZF8UnNQ,2023-05-13T09:00:21Z,1366,154155,4193,19,23,0.1527777777777778,270.0,0.7024793388429752,5.0,1.0
9,guXNZF8UnNQ,2023-05-13T09:00:21Z,1366,154417,4203,19,0,0.15416666666666667,262.0,0.6363636363636364,10.0,2.6666666666666665
10,guXNZF8UnNQ,2023-05-13T09:00:21Z,1366,154603,4204,19,1,0.15555555555555556,186.0,0.008264462809917356,1.0,-0.3333333333333333
11,guXNZF8UnNQ,2023-05-13T09:00:21Z,1366,154840,4204,19,2,0.15694444444444444,237.0,0.4297520661157025,0.0,-0.6666666666666666
12,guXNZF8UnNQ,2023-05-13T09:00:21Z,1366,155067,4204,19,3,0.15833333333333333,227.0,0.34710743801652894,0.0,-0.6666666666666666
13,guXNZF8UnNQ,2023-05-13T09:00:21Z,1366,155213,4205,19,4,0.1597222222222222,146.0,-0.32231404958677684,1.0,-0.3333333333333333
14,guXNZF8UnNQ,2023-05-13T09:00:21Z,1366,155361,4206,19,5,0.16111111111111112,148.0,-0.30578512396694213,1.0,-0.3333333333333333
15,guXNZF8UnNQ,2023-05-13T09:00:21Z,1366,155441,4208,19,6,0.1625,80.0,-0.8677685950413223,2.0,0.0
16,guXNZF8UnNQ,2023-05-13T09:00:21Z,1366,155515,4209,19,7,0.1638888888888889,74.0,-0.9173553719008265,1.0,-0.3333333333333333
17,guXNZF8UnNQ,2023-05-13T09:00:21Z,1366,155567,4211,19,8,0.16527777777777777,52.0,-1.0991735537190082,2.0,0.0
18,guXNZF8UnNQ,2023-05-13T09:00:21Z,1366,155664,4213,19,9,0.16666666666666666,97.0,-0.7272727272727273,2.0,0.0
19,guXNZF8UnNQ,2023-05-13T09:00:21Z,1366,155779,4216,19,10,0.16805555555555557,115.0,-0.5785123966942148,3.0,0.3333333333333333
20,guXNZF8UnNQ,2023-05-13T09:00:21Z,1366,155904,4219,19,11,0.16944444444444445,125.0,-0.49586776859504134,3.0,0.3333333333333333
21,guXNZF8UnNQ,2023-05-13T09:00:21Z,1366,156016,4222,19,12,0.17083333333333334,112.0,-0.6033057851239669,3.0,0.3333333333333333
22,guXNZF8UnNQ,2023-05-13T09:00:21Z,1366,156104,4225,19,13,0.17222222222222222,88.0,-0.8016528925619835,3.0,0.3333333333333333
23,guXNZF8UnNQ,2023-05-13T09:00:21Z,1366,156335,4227,19,14,0.1736111111111111,231.0,0.38016528925619836,2.0,0.0
24,guXNZF8UnNQ,2023-05-13T09:00:21Z,1366,156478,4229,19,15,0.175,143.0,-0.34710743801652894,2.0,0.0
25,guXNZF8UnNQ,2023-05-13T09:00:21Z,1366,156726,4232,19,16,0.1763888888888889,248.0,0.5206611570247934,3.0,0.3333333333333333
26,guXNZF8UnNQ,2023-05-13T09:00:21Z,1366,156864,4237,19,17,0.17777777777777778,138.0,-0.3884297520661157,5.0,1.0
27,guXNZF8UnNQ,2023-05-13T09:00:21Z,1366,157129,4237,19,18,0.17916666666666667,265.0,0.6611570247933884,0.0,-0.6666666666666666
28,guXNZF8UnNQ,2023-05-13T09:00:21Z,1366,157263,4240,19,19,0.18055555555555555,134.0,-0.4214876033057851,3.0,0.3333333333333333
29,guXNZF8UnNQ,2023-05-13T09:00:21Z,1366,157543,4247,19,20,0.18194444444444444,280.0,0.7851239669421488,7.0,1.6666666666666667
30,guXNZF8UnNQ,2023-05-13T09:00:21Z,1366,157728,4252,19,21,0.18333333333333332,185.0,0.0,5.0,1.0
31,guXNZF8UnNQ,2023-05-13T09:00:21Z,1366,157872,4256,19,22,0.18472222222222223,144.0,-0.33884297520661155,4.0,0.6666666666666666
32,guXNZF8UnNQ,2023-05-13T09:00:21Z,1366,158096,4260,19,23,0.18611111111111112,224.0,0.32231404958677684,4.0,0.6666666666666666
33,guXNZF8UnNQ,2023-05-13T09:00:21Z,1366,158332,4262,19,0,0.1875,236.0,0.4214876033057851,2.0,0.0
34,guXNZF8UnNQ,2023-05-13T09:00:21Z,1366,158565,4266,19,1,0.18888888888888888,233.0,0.39669421487603307,4.0,0.6666666666666666
35,guXNZF8UnNQ,2023-05-13T09:00:21Z,1366,158757,4267,19,2,0.19027777777777777,192.0,0.05785123966942149,1.0,-0.3333333333333333
36,guXNZF8UnNQ,2023-05-13T09:00:21Z,1366,158956,4267,19,3,0.19166666666666668,199.0,0.11570247933884298,0.0,-0.6666666666666666
37,guXNZF8UnNQ,2023-05-13T09:00:21Z,1366,159071,4270,19,4,0.19305555555555556,115.0,-0.5785123966942148,3.0,0.3333333333333333
38,guXNZF8UnNQ,2023-05-13T09:00:21Z,1366,159237,4272,19,5,0.19444444444444445,166.0,-0.15702479338842976,2.0,0.0
39,guXNZF8UnNQ,2023-05-13T09:00:21Z,1366,159302,4272,19,6,0.19583333333333333,65.0,-0.9917355371900827,0.0,-0.6666666666666666
40,guXNZF8UnNQ,2023-05-13T09:00:21Z,1366,159382,4273,19,7,0.19722222222222222,80.0,-0.8677685950413223,1.0,-0.3333333333333333
41,guXNZF8UnNQ,2023-05-13T09:00:21Z,1366,159395,4273,19,8,0.1986111111111111,13.0,-1.421487603305785,0.0,-0.6666666666666666
42,guXNZF8UnNQ,2023-05-13T09:00:21Z,1366,159490,4274,19,9,0.2,95.0,-0.743801652892562,1.0,-0.3333333333333333
43,guXNZF8UnNQ,2023-05-13T09:00:21Z,1366,159588,4276,19,10,0.2013888888888889,98.0,-0.71900826446281,2.0,0.0
