,id,date,duration,views,likes,category_id,hour,update_diff,views_diff,views_diff_scaled,likes_diff,likes_diff_scaled
1,Wvz1QN2eIgE,2023-05-15T11:08:31Z,815,154017,728,20,16,0.07361111111111111,803.0,5.288,5.0,5.0
2,Wvz1QN2eIgE,2023-05-15T11:08:31Z,815,154497,730,20,17,0.075,480.0,2.704,2.0,2.0
3,Wvz1QN2eIgE,2023-05-15T11:08:31Z,815,155130,731,20,18,0.0763888888888889,633.0,3.928,1.0,1.0
4,Wvz1QN2eIgE,2023-05-15T11:08:31Z,815,155692,733,20,19,0.07777777777777778,562.0,3.36,2.0,2.0
5,Wvz1QN2eIgE,2023-05-15T11:08:31Z,815,156103,734,20,20,0.07916666666666666,411.0,2.152,1.0,1.0
6,Wvz1QN2eIgE,2023-05-15T11:08:31Z,815,156566,734,20,21,0.08055555555555556,463.0,2.568,0.0,0.0
7,Wvz1QN2eIgE,2023-05-15T11:08:31Z,815,157107,736,20,22,0.08194444444444444,541.0,3.192,2.0,2.0
8,Wvz1QN2eIgE,2023-05-15T11:08:31Z,815,157618,736,20,23,0.08333333333333333,511.0,2.952,0.0,0.0
9,Wvz1QN2eIgE,2023-05-15T11:08:31Z,815,158015,735,20,0,0.08472222222222223,397.0,2.04,-1.0,-1.0
10,Wvz1QN2eIgE,2023-05-15T11:08:31Z,815,158202,736,20,1,0.08611111111111111,187.0,0.36,1.0,1.0
11,Wvz1QN2eIgE,2023-05-15T11:08:31Z,815,158458,737,20,2,0.0875,256.0,0.912,1.0,1.0
12,Wvz1QN2eIgE,2023-05-15T11:08:31Z,815,158702,737,20,3,0.08888888888888889,244.0,0.816,0.0,0.0
13,Wvz1QN2eIgE,2023-05-15T11:08:31Z,815,158903,738,20,4,0.09027777777777778,201.0,0.472,1.0,1.0
14,Wvz1QN2eIgE,2023-05-15T11:08:31Z,815,159110,739,20,5,0.09166666666666666,207.0,0.52,1.0,1.0
15,Wvz1QN2eIgE,2023-05-15T11:08:31Z,815,159221,739,20,6,0.09305555555555556,111.0,-0.248,0.0,0.0
16,Wvz1QN2eIgE,2023-05-15T11:08:31Z,815,159328,740,20,7,0.09444444444444444,107.0,-0.28,1.0,1.0
17,Wvz1QN2eIgE,2023-05-15T11:08:31Z,815,159372,740,20,8,0.09583333333333334,44.0,-0.784,0.0,0.0
18,Wvz1QN2eIgE,2023-05-15T11:08:31Z,815,159446,740,20,9,0.09722222222222222,74.0,-0.544,0.0,0.0
19,Wvz1QN2eIgE,2023-05-15T11:08:31Z,815,159528,740,20,10,0.09861111111111111,82.0,-0.48,0.0,0.0
20,Wvz1QN2eIgE,2023-05-15T11:08:31Z,815,159629,741,20,11,0.1,101.0,-0.328,1.0,1.0
21,Wvz1QN2eIgE,2023-05-15T11:08:31Z,815,159712,743,20,12,0.10138888888888889,83.0,-0.472,2.0,2.0
22,Wvz1QN2eIgE,2023-05-15T11:08:31Z,815,159769,743,20,13,0.10277777777777777,57.0,-0.68,0.0,0.0
23,Wvz1QN2eIgE,2023-05-15T11:08:31Z,815,159923,743,20,14,0.10416666666666667,154.0,0.096,0.0,0.0
24,Wvz1QN2eIgE,2023-05-15T11:08:31Z,815,160032,745,20,15,0.10555555555555556,109.0,-0.264,2.0,2.0
25,Wvz1QN2eIgE,2023-05-15T11:08:31Z,815,160190,745,20,16,0.10694444444444444,158.0,0.128,0.0,0.0
26,Wvz1QN2eIgE,2023-05-15T11:08:31Z,815,160293,746,20,17,0.10833333333333334,103.0,-0.312,1.0,1.0
27,Wvz1QN2eIgE,2023-05-15T11:08:31Z,815,160503,746,20,18,0.10972222222222222,210.0,0.544,0.0,0.0
28,Wvz1QN2eIgE,2023-05-15T11:08:31Z,815,160616,746,20,19,0.1111111111111111,113.0,-0.232,0.0,0.0
29,Wvz1QN2eIgE,2023-05-15T11:08:31Z,815,160824,748,20,20,0.1125,208.0,0.528,2.0,2.0
30,Wvz1QN2eIgE,2023-05-15T11:08:31Z,815,160978,748,20,21,0.11388888888888889,154.0,0.096,0.0,0.0
31,Wvz1QN2eIgE,2023-05-15T11:08:31Z,815,161108,750,20,22,0.11527777777777778,130.0,-0.096,2.0,2.0
32,Wvz1QN2eIgE,2023-05-15T11:08:31Z,815,161285,750,20,23,0.11666666666666667,177.0,0.28,0.0,0.0
33,Wvz1QN2eIgE,2023-05-15T11:08:31Z,815,161426,750,20,0,0.11805555555555555,141.0,-0.008,0.0,0.0
34,Wvz1QN2eIgE,2023-05-15T11:08:31Z,815,161546,750,20,1,0.11944444444444445,120.0,-0.176,0.0,0.0
35,Wvz1QN2eIgE,2023-05-15T11:08:31Z,815,161616,750,20,2,0.12083333333333333,70.0,-0.576,0.0,0.0
36,Wvz1QN2eIgE,2023-05-15T11:08:31Z,815,161758,751,20,3,0.12222222222222222,142.0,0.0,1.0,1.0
37,Wvz1QN2eIgE,2023-05-15T11:08:31Z,815,161873,752,20,4,0.12361111111111112,115.0,-0.216,1.0,1.0
38,Wvz1QN2eIgE,2023-05-15T11:08:31Z,815,162052,752,20,5,0.125,179.0,0.296,0.0,0.0
39,Wvz1QN2eIgE,2023-05-15T11:08:31Z,815,162115,752,20,6,0.12638888888888888,63.0,-0.632,0.0,0.0
40,Wvz1QN2eIgE,2023-05-15T11:08:31Z,815,162205,752,20,7,0.12777777777777777,90.0,-0.416,0.0,0.0
41,Wvz1QN2eIgE,2023-05-15T11:08:31Z,815,162228,753,20,8,0.12916666666666668,23.0,-0.952,1.0,1.0
42,Wvz1QN2eIgE,2023-05-15T11:08:31Z,815,162369,753,20,9,0.13055555555555556,141.0,-0.008,0.0,0.0
43,Wvz1QN2eIgE,2023-05-15T11:08:31Z,815,162466,755,20,10,0.13194444444444445,97.0,-0.36,2.0,2.0
