,id,date,duration,views,likes,category_id,hour,update_diff,views_diff,views_diff_scaled,likes_diff,likes_diff_scaled
1,Wvz1QN2eIgE,2023-05-15T11:08:31Z,815,165644,767,20,1,0.18611111111111112,71.0,0.9629629629629629,0.0,0.0
2,Wvz1QN2eIgE,2023-05-15T11:08:31Z,815,165696,769,20,2,0.1875,52.0,0.25925925925925924,2.0,2.0
3,Wvz1QN2eIgE,2023-05-15T11:08:31Z,815,165732,769,20,3,0.18888888888888888,36.0,-0.3333333333333333,0.0,0.0
4,Wvz1QN2eIgE,2023-05-15T11:08:31Z,815,165776,769,20,4,0.19027777777777777,44.0,-0.037037037037037035,0.0,0.0
5,Wvz1QN2eIgE,2023-05-15T11:08:31Z,815,165839,769,20,5,0.19166666666666668,63.0,0.6666666666666666,0.0,0.0
6,Wvz1QN2eIgE,2023-05-15T11:08:31Z,815,165890,769,20,6,0.19305555555555556,51.0,0.2222222222222222,0.0,0.0
7,Wvz1QN2eIgE,2023-05-15T11:08:31Z,815,165917,769,20,7,0.19444444444444445,27.0,-0.6666666666666666,0.0,0.0
8,Wvz1QN2eIgE,2023-05-15T11:08:31Z,815,165959,769,20,8,0.19583333333333333,42.0,-0.1111111111111111,0.0,0.0
9,Wvz1QN2eIgE,2023-05-15T11:08:31Z,815,165991,769,20,9,0.19722222222222222,32.0,-0.48148148148148145,0.0,0.0
10,Wvz1QN2eIgE,2023-05-15T11:08:31Z,815,166037,769,20,10,0.1986111111111111,46.0,0.037037037037037035,0.0,0.0
11,Wvz1QN2eIgE,2023-05-15T11:08:31Z,815,166077,770,20,11,0.2,40.0,-0.18518518518518517,1.0,1.0
12,Wvz1QN2eIgE,2023-05-15T11:08:31Z,815,166147,771,20,12,0.2013888888888889,70.0,0.9259259259259259,1.0,1.0
13,Wvz1QN2eIgE,2023-05-15T11:08:31Z,815,166241,771,20,13,0.20277777777777778,94.0,1.8148148148148149,0.0,0.0
14,Wvz1QN2eIgE,2023-05-15T11:08:31Z,815,166326,772,20,14,0.20416666666666666,85.0,1.4814814814814814,1.0,1.0
15,Wvz1QN2eIgE,2023-05-15T11:08:31Z,815,166448,773,20,15,0.20555555555555555,122.0,2.8518518518518516,1.0,1.0
16,Wvz1QN2eIgE,2023-05-15T11:08:31Z,815,166505,773,20,16,0.20694444444444443,57.0,0.4444444444444444,0.0,0.0
17,Wvz1QN2eIgE,2023-05-15T11:08:31Z,815,166546,773,20,17,0.20833333333333334,41.0,-0.14814814814814814,0.0,0.0
18,Wvz1QN2eIgE,2023-05-15T11:08:31Z,815,166635,773,20,18,0.20972222222222223,89.0,1.6296296296296295,0.0,0.0
19,Wvz1QN2eIgE,2023-05-15T11:08:31Z,815,166744,773,20,19,0.2111111111111111,109.0,2.3703703703703702,0.0,0.0
20,Wvz1QN2eIgE,2023-05-15T11:08:31Z,815,166786,773,20,20,0.2125,42.0,-0.1111111111111111,0.0,0.0
21,Wvz1QN2eIgE,2023-05-15T11:08:31Z,815,166889,773,20,21,0.21388888888888888,103.0,2.1481481481481484,0.0,0.0
22,Wvz1QN2eIgE,2023-05-15T11:08:31Z,815,166941,773,20,22,0.2152777777777778,52.0,0.25925925925925924,0.0,0.0
23,Wvz1QN2eIgE,2023-05-15T11:08:31Z,815,167022,773,20,23,0.21666666666666667,81.0,1.3333333333333333,0.0,0.0
24,Wvz1QN2eIgE,2023-05-15T11:08:31Z,815,167073,773,20,0,0.21805555555555556,51.0,0.2222222222222222,0.0,0.0
25,Wvz1QN2eIgE,2023-05-15T11:08:31Z,815,167136,773,20,1,0.21944444444444444,63.0,0.6666666666666666,0.0,0.0
26,Wvz1QN2eIgE,2023-05-15T11:08:31Z,815,167172,773,20,2,0.22083333333333333,36.0,-0.3333333333333333,0.0,0.0
27,Wvz1QN2eIgE,2023-05-15T11:08:31Z,815,167217,773,20,3,0.2222222222222222,45.0,0.0,0.0,0.0
28,Wvz1QN2eIgE,2023-05-15T11:08:31Z,815,167261,773,20,4,0.22361111111111112,44.0,-0.037037037037037035,0.0,0.0
29,Wvz1QN2eIgE,2023-05-15T11:08:31Z,815,167311,773,20,5,0.225,50.0,0.18518518518518517,0.0,0.0
30,Wvz1QN2eIgE,2023-05-15T11:08:31Z,815,167338,772,20,6,0.2263888888888889,27.0,-0.6666666666666666,-1.0,-1.0
31,Wvz1QN2eIgE,2023-05-15T11:08:31Z,815,167382,772,20,7,0.22777777777777777,44.0,-0.037037037037037035,0.0,0.0
32,Wvz1QN2eIgE,2023-05-15T11:08:31Z,815,167402,772,20,8,0.22916666666666666,20.0,-0.9259259259259259,0.0,0.0
33,Wvz1QN2eIgE,2023-05-15T11:08:31Z,815,167416,772,20,9,0.23055555555555557,14.0,-1.1481481481481481,0.0,0.0
34,Wvz1QN2eIgE,2023-05-15T11:08:31Z,815,167450,772,20,10,0.23194444444444445,34.0,-0.4074074074074074,0.0,0.0
35,Wvz1QN2eIgE,2023-05-15T11:08:31Z,815,167490,772,20,11,0.23333333333333334,40.0,-0.18518518518518517,0.0,0.0
36,Wvz1QN2eIgE,2023-05-15T11:08:31Z,815,167512,772,20,12,0.23472222222222222,22.0,-0.8518518518518519,0.0,0.0
37,Wvz1QN2eIgE,2023-05-15T11:08:31Z,815,167548,772,20,13,0.2361111111111111,36.0,-0.3333333333333333,0.0,0.0
38,Wvz1QN2eIgE,2023-05-15T11:08:31Z,815,167611,773,20,14,0.2375,63.0,0.6666666666666666,1.0,1.0
39,Wvz1QN2eIgE,2023-05-15T11:08:31Z,815,167631,773,20,15,0.2388888888888889,20.0,-0.9259259259259259,0.0,0.0
