,id,date,duration,views,likes,category_id,hour,update_diff,views_diff,views_diff_scaled,likes_diff,likes_diff_scaled
1,95YLHDzsg8A,2023-05-17T06:32:57Z,368,35485,1320,28,1,0.125,129.0,1.6136363636363635,3.0,1.0
2,95YLHDzsg8A,2023-05-17T06:32:57Z,368,35570,1322,28,2,0.12638888888888888,85.0,0.6136363636363636,2.0,0.5
3,95YLHDzsg8A,2023-05-17T06:32:57Z,368,35656,1323,28,3,0.12777777777777777,86.0,0.6363636363636364,1.0,0.0
4,95YLHDzsg8A,2023-05-17T06:32:57Z,368,35731,1323,28,4,0.12916666666666668,75.0,0.38636363636363635,0.0,-0.5
5,95YLHDzsg8A,2023-05-17T06:32:57Z,368,35793,1325,28,5,0.13055555555555556,62.0,0.09090909090909091,2.0,0.5
6,95YLHDzsg8A,2023-05-17T06:32:57Z,368,35832,1326,28,6,0.13194444444444445,39.0,-0.4318181818181818,1.0,0.0
7,95YLHDzsg8A,2023-05-17T06:32:57Z,368,35863,1326,28,7,0.13333333333333333,31.0,-0.6136363636363636,0.0,-0.5
8,95YLHDzsg8A,2023-05-17T06:32:57Z,368,35881,1326,28,8,0.13472222222222222,18.0,-0.9090909090909091,0.0,-0.5
9,95YLHDzsg8A,2023-05-17T06:32:57Z,368,35878,1328,28,9,0.1361111111111111,-3.0,-1.3863636363636365,2.0,0.5
10,95YLHDzsg8A,2023-05-17T06:32:57Z,368,35900,1332,28,10,0.1375,22.0,-0.8181818181818182,4.0,1.5
11,95YLHDzsg8A,2023-05-17T06:32:57Z,368,35931,1333,28,11,0.1388888888888889,31.0,-0.6136363636363636,1.0,0.0
12,95YLHDzsg8A,2023-05-17T06:32:57Z,368,36006,1334,28,12,0.14027777777777778,75.0,0.38636363636363635,1.0,0.0
13,95YLHDzsg8A,2023-05-17T06:32:57Z,368,36072,1336,28,13,0.14166666666666666,66.0,0.18181818181818182,2.0,0.5
14,95YLHDzsg8A,2023-05-17T06:32:57Z,368,36122,1337,28,14,0.14305555555555555,50.0,-0.18181818181818182,1.0,0.0
15,95YLHDzsg8A,2023-05-17T06:32:57Z,368,36186,1338,28,15,0.14444444444444443,64.0,0.13636363636363635,1.0,0.0
16,95YLHDzsg8A,2023-05-17T06:32:57Z,368,36241,1339,28,16,0.14583333333333334,55.0,-0.06818181818181818,1.0,0.0
17,95YLHDzsg8A,2023-05-17T06:32:57Z,368,36299,1341,28,17,0.14722222222222223,58.0,0.0,2.0,0.5
18,95YLHDzsg8A,2023-05-17T06:32:57Z,368,36383,1344,28,18,0.1486111111111111,84.0,0.5909090909090909,3.0,1.0
19,95YLHDzsg8A,2023-05-17T06:32:57Z,368,36474,1346,28,19,0.15,91.0,0.75,2.0,0.5
20,95YLHDzsg8A,2023-05-17T06:32:57Z,368,36519,1348,28,20,0.15138888888888888,45.0,-0.29545454545454547,2.0,0.5
21,95YLHDzsg8A,2023-05-17T06:32:57Z,368,36640,1349,28,21,0.1527777777777778,121.0,1.4318181818181819,1.0,0.0
22,95YLHDzsg8A,2023-05-17T06:32:57Z,368,36715,1349,28,22,0.15416666666666667,75.0,0.38636363636363635,0.0,-0.5
23,95YLHDzsg8A,2023-05-17T06:32:57Z,368,36818,1351,28,23,0.15555555555555556,103.0,1.0227272727272727,2.0,0.5
24,95YLHDzsg8A,2023-05-17T06:32:57Z,368,36876,1352,28,0,0.15694444444444444,58.0,0.0,1.0,0.0
25,95YLHDzsg8A,2023-05-17T06:32:57Z,368,36959,1353,28,1,0.15833333333333333,83.0,0.5681818181818182,1.0,0.0
26,95YLHDzsg8A,2023-05-17T06:32:57Z,368,37016,1353,28,2,0.1597222222222222,57.0,-0.022727272727272728,0.0,-0.5
27,95YLHDzsg8A,2023-05-17T06:32:57Z,368,37087,1353,28,3,0.16111111111111112,71.0,0.29545454545454547,0.0,-0.5
28,95YLHDzsg8A,2023-05-17T06:32:57Z,368,37129,1354,28,4,0.1625,42.0,-0.36363636363636365,1.0,0.0
29,95YLHDzsg8A,2023-05-17T06:32:57Z,368,37187,1354,28,5,0.1638888888888889,58.0,0.0,0.0,-0.5
30,95YLHDzsg8A,2023-05-17T06:32:57Z,368,37211,1355,28,6,0.16527777777777777,24.0,-0.7727272727272727,1.0,0.0
31,95YLHDzsg8A,2023-05-17T06:32:57Z,368,37230,1356,28,7,0.16666666666666666,19.0,-0.8863636363636364,1.0,0.0
32,95YLHDzsg8A,2023-05-17T06:32:57Z,368,37236,1359,28,8,0.16805555555555557,6.0,-1.1818181818181819,3.0,1.0
33,95YLHDzsg8A,2023-05-17T06:32:57Z,368,37249,1359,28,9,0.16944444444444445,13.0,-1.0227272727272727,0.0,-0.5
34,95YLHDzsg8A,2023-05-17T06:32:57Z,368,37320,1361,28,10,0.17083333333333334,71.0,0.29545454545454547,2.0,0.5
35,95YLHDzsg8A,2023-05-17T06:32:57Z,368,37391,1361,28,11,0.17222222222222222,71.0,0.29545454545454547,0.0,-0.5
36,95YLHDzsg8A,2023-05-17T06:32:57Z,368,37416,1361,28,12,0.1736111111111111,25.0,-0.75,0.0,-0.5
37,95YLHDzsg8A,2023-05-17T06:32:57Z,368,37465,1366,28,13,0.175,49.0,-0.20454545454545456,5.0,2.0
38,95YLHDzsg8A,2023-05-17T06:32:57Z,368,37518,1367,28,14,0.17777777777777778,53.0,-0.11363636363636363,1.0,0.0
39,95YLHDzsg8A,2023-05-17T06:32:57Z,368,37544,1367,28,15,0.17777777777777778,26.0,-0.7272727272727273,0.0,-0.5
