,id,date,duration,views,likes,category_id,hour,update_diff,views_diff,views_diff_scaled,likes_diff,likes_diff_scaled
1,UXm1KLmTcao,2023-05-05T09:28:06Z,1097,1452607,21722,24,1,0.5222222222222223,1271.0,1.6939252336448598,8.0,0.6666666666666666
2,UXm1KLmTcao,2023-05-05T09:28:06Z,1097,1453444,21730,24,2,0.5236111111111111,837.0,0.6799065420560748,8.0,0.6666666666666666
3,UXm1KLmTcao,2023-05-05T09:28:06Z,1097,1454214,21736,24,3,0.525,770.0,0.5233644859813084,6.0,0.2222222222222222
4,UXm1KLmTcao,2023-05-05T09:28:06Z,1097,1454796,21739,24,4,0.5263888888888889,582.0,0.08411214953271028,3.0,-0.4444444444444444
5,UXm1KLmTcao,2023-05-05T09:28:06Z,1097,1455350,21742,24,5,0.5277777777777778,554.0,0.018691588785046728,3.0,-0.4444444444444444
6,UXm1KLmTcao,2023-05-05T09:28:06Z,1097,1455718,21744,24,6,0.5291666666666667,368.0,-0.4158878504672897,2.0,-0.6666666666666666
7,UXm1KLmTcao,2023-05-05T09:28:06Z,1097,1455894,21749,24,7,0.5305555555555556,176.0,-0.8644859813084113,5.0,0.0
8,UXm1KLmTcao,2023-05-05T09:28:06Z,1097,1456072,21752,24,8,0.5319444444444444,178.0,-0.8598130841121495,3.0,-0.4444444444444444
9,UXm1KLmTcao,2023-05-05T09:28:06Z,1097,1456278,21759,24,9,0.5333333333333333,206.0,-0.794392523364486,7.0,0.4444444444444444
10,UXm1KLmTcao,2023-05-05T09:28:06Z,1097,1456602,21763,24,10,0.5347222222222222,324.0,-0.5186915887850467,4.0,-0.2222222222222222
11,UXm1KLmTcao,2023-05-05T09:28:06Z,1097,1456922,21771,24,11,0.5361111111111111,320.0,-0.5280373831775701,8.0,0.6666666666666666
12,UXm1KLmTcao,2023-05-05T09:28:06Z,1097,1457359,21777,24,12,0.5375,437.0,-0.2546728971962617,6.0,0.2222222222222222
13,UXm1KLmTcao,2023-05-05T09:28:06Z,1097,1457905,21789,24,13,0.5388888888888889,546.0,0.0,12.0,1.5555555555555556
14,UXm1KLmTcao,2023-05-05T09:28:06Z,1097,1458500,21801,24,14,0.5402777777777777,595.0,0.11448598130841121,12.0,1.5555555555555556
15,UXm1KLmTcao,2023-05-05T09:28:06Z,1097,1459322,21811,24,15,0.5416666666666666,822.0,0.6448598130841121,10.0,1.1111111111111112
16,UXm1KLmTcao,2023-05-05T09:28:06Z,1097,1459924,21816,24,16,0.5430555555555555,602.0,0.1308411214953271,5.0,0.0
17,UXm1KLmTcao,2023-05-05T09:28:06Z,1097,1460488,21826,24,17,0.5444444444444444,564.0,0.04205607476635514,10.0,1.1111111111111112
18,UXm1KLmTcao,2023-05-05T09:28:06Z,1097,1461313,21834,24,18,0.5458333333333333,825.0,0.6518691588785047,8.0,0.6666666666666666
19,UXm1KLmTcao,2023-05-05T09:28:06Z,1097,1462162,21839,24,19,0.5472222222222223,849.0,0.7079439252336449,5.0,0.0
20,UXm1KLmTcao,2023-05-05T09:28:06Z,1097,1462530,21849,24,20,0.5486111111111112,368.0,-0.4158878504672897,10.0,1.1111111111111112
21,UXm1KLmTcao,2023-05-05T09:28:06Z,1097,1463589,21858,24,21,0.55,1059.0,1.1985981308411215,9.0,0.8888888888888888
22,UXm1KLmTcao,2023-05-05T09:28:06Z,1097,1464172,21870,24,22,0.5513888888888889,583.0,0.08644859813084112,12.0,1.5555555555555556
23,UXm1KLmTcao,2023-05-05T09:28:06Z,1097,1465185,21877,24,23,0.5527777777777778,1013.0,1.091121495327103,7.0,0.4444444444444444
24,UXm1KLmTcao,2023-05-05T09:28:06Z,1097,1465915,21889,24,0,0.5541666666666667,730.0,0.42990654205607476,12.0,1.5555555555555556
25,UXm1KLmTcao,2023-05-05T09:28:06Z,1097,1466921,21900,24,1,0.5555555555555556,1006.0,1.074766355140187,11.0,1.3333333333333333
26,UXm1KLmTcao,2023-05-05T09:28:06Z,1097,1467650,21902,24,2,0.5569444444444445,729.0,0.42757009345794394,2.0,-0.6666666666666666
27,UXm1KLmTcao,2023-05-05T09:28:06Z,1097,1468623,21906,24,3,0.5583333333333333,973.0,0.9976635514018691,4.0,-0.2222222222222222
28,UXm1KLmTcao,2023-05-05T09:28:06Z,1097,1469223,21911,24,4,0.5597222222222222,600.0,0.1261682242990654,5.0,0.0
29,UXm1KLmTcao,2023-05-05T09:28:06Z,1097,1469738,21912,24,5,0.5611111111111111,515.0,-0.07242990654205607,1.0,-0.8888888888888888
30,UXm1KLmTcao,2023-05-05T09:28:06Z,1097,1470000,21913,24,6,0.5625,262.0,-0.6635514018691588,1.0,-0.8888888888888888
31,UXm1KLmTcao,2023-05-05T09:28:06Z,1097,1470269,21917,24,7,0.5638888888888889,269.0,-0.647196261682243,4.0,-0.2222222222222222
32,UXm1KLmTcao,2023-05-05T09:28:06Z,1097,1470405,21920,24,8,0.5652777777777778,136.0,-0.9579439252336449,3.0,-0.4444444444444444
33,UXm1KLmTcao,2023-05-05T09:28:06Z,1097,1470549,21926,24,9,0.5666666666666667,144.0,-0.9392523364485982,6.0,0.2222222222222222
34,UXm1KLmTcao,2023-05-05T09:28:06Z,1097,1471006,21930,24,10,0.5680555555555555,457.0,-0.20794392523364486,4.0,-0.2222222222222222
35,UXm1KLmTcao,2023-05-05T09:28:06Z,1097,1471403,21934,24,11,0.5694444444444444,397.0,-0.34813084112149534,4.0,-0.2222222222222222
36,UXm1KLmTcao,2023-05-05T09:28:06Z,1097,1471673,21943,24,12,0.5708333333333333,270.0,-0.6448598130841121,9.0,0.8888888888888888
37,UXm1KLmTcao,2023-05-05T09:28:06Z,1097,1472060,21948,24,13,0.5722222222222222,387.0,-0.37149532710280375,5.0,0.0
38,UXm1KLmTcao,2023-05-05T09:28:06Z,1097,1472549,21952,24,14,0.5736111111111111,489.0,-0.13317757009345793,4.0,-0.2222222222222222
39,UXm1KLmTcao,2023-05-05T09:28:06Z,1097,1472855,21955,24,15,0.575,306.0,-0.5607476635514018,3.0,-0.4444444444444444
