,id,date,duration,views,likes,category_id,hour,update_diff,views_diff,views_diff_scaled,likes_diff,likes_diff_scaled
1,fUey_cGXGpw,2023-05-05T09:00:33Z,661,1249698,10814,22,10,0.3680555555555556,686.0,0.0021929824561403508,4.0,0.0
2,fUey_cGXGpw,2023-05-05T09:00:33Z,661,1250484,10822,22,11,0.36944444444444446,786.0,0.22149122807017543,8.0,0.6666666666666666
3,fUey_cGXGpw,2023-05-05T09:00:33Z,661,1251135,10828,22,12,0.37083333333333335,651.0,-0.07456140350877193,6.0,0.3333333333333333
4,fUey_cGXGpw,2023-05-05T09:00:33Z,661,1251843,10832,22,13,0.37222222222222223,708.0,0.05043859649122807,4.0,0.0
5,fUey_cGXGpw,2023-05-05T09:00:33Z,661,1252552,10841,22,14,0.3736111111111111,709.0,0.05263157894736842,9.0,0.8333333333333334
6,fUey_cGXGpw,2023-05-05T09:00:33Z,661,1253268,10847,22,15,0.375,716.0,0.06798245614035088,6.0,0.3333333333333333
7,fUey_cGXGpw,2023-05-05T09:00:33Z,661,1254168,10850,22,16,0.3763888888888889,900.0,0.47149122807017546,3.0,-0.16666666666666666
8,fUey_cGXGpw,2023-05-05T09:00:33Z,661,1254560,10860,22,17,0.37777777777777777,392.0,-0.6425438596491229,10.0,1.0
9,fUey_cGXGpw,2023-05-05T09:00:33Z,661,1254597,10868,22,18,0.37916666666666665,37.0,-1.4210526315789473,8.0,0.6666666666666666
10,fUey_cGXGpw,2023-05-05T09:00:33Z,661,1255929,10874,22,19,0.38055555555555554,1332.0,1.418859649122807,6.0,0.3333333333333333
11,fUey_cGXGpw,2023-05-05T09:00:33Z,661,1256101,10886,22,20,0.3819444444444444,172.0,-1.125,12.0,1.3333333333333333
12,fUey_cGXGpw,2023-05-05T09:00:33Z,661,1256437,10890,22,21,0.38333333333333336,336.0,-0.7653508771929824,4.0,0.0
13,fUey_cGXGpw,2023-05-05T09:00:33Z,661,1257001,10899,22,22,0.38472222222222224,564.0,-0.26535087719298245,9.0,0.8333333333333334
14,fUey_cGXGpw,2023-05-05T09:00:33Z,661,1257602,10907,22,23,0.3861111111111111,601.0,-0.18421052631578946,8.0,0.6666666666666666
15,fUey_cGXGpw,2023-05-05T09:00:33Z,661,1258287,10913,22,0,0.3875,685.0,0.0,6.0,0.3333333333333333
16,fUey_cGXGpw,2023-05-05T09:00:33Z,661,1259099,10916,22,1,0.3888888888888889,812.0,0.27850877192982454,3.0,-0.16666666666666666
17,fUey_cGXGpw,2023-05-05T09:00:33Z,661,1259956,10917,22,2,0.3902777777777778,857.0,0.37719298245614036,1.0,-0.5
18,fUey_cGXGpw,2023-05-05T09:00:33Z,661,1260742,10921,22,3,0.39166666666666666,786.0,0.22149122807017543,4.0,0.0
19,fUey_cGXGpw,2023-05-05T09:00:33Z,661,1262283,10922,22,4,0.39305555555555555,1541.0,1.8771929824561404,1.0,-0.5
20,fUey_cGXGpw,2023-05-05T09:00:33Z,661,1263150,10924,22,5,0.39444444444444443,867.0,0.3991228070175439,2.0,-0.3333333333333333
21,fUey_cGXGpw,2023-05-05T09:00:33Z,661,1263363,10926,22,6,0.3958333333333333,213.0,-1.0350877192982457,2.0,-0.3333333333333333
22,fUey_cGXGpw,2023-05-05T09:00:33Z,661,1263627,10927,22,7,0.3972222222222222,264.0,-0.9232456140350878,1.0,-0.5
23,fUey_cGXGpw,2023-05-05T09:00:33Z,661,1263914,10929,22,8,0.39861111111111114,287.0,-0.8728070175438597,2.0,-0.3333333333333333
24,fUey_cGXGpw,2023-05-05T09:00:33Z,661,1264143,10931,22,9,0.4,229.0,-1.0,2.0,-0.3333333333333333
25,fUey_cGXGpw,2023-05-05T09:00:33Z,661,1264473,10936,22,10,0.4013888888888889,330.0,-0.7785087719298246,5.0,0.16666666666666666
