,id,date,duration,views,likes,category_id,hour,update_diff,views_diff,views_diff_scaled,likes_diff,likes_diff_scaled
1,xbaRXzpIOys,2023-05-02T09:45:09Z,937,768212,11944,23,10,0.4666666666666667,425.0,-0.3668763102725367,5.0,-0.2857142857142857
2,xbaRXzpIOys,2023-05-02T09:45:09Z,937,768812,11945,23,11,0.46805555555555556,600.0,0.0,1.0,-0.8571428571428571
3,xbaRXzpIOys,2023-05-02T09:45:09Z,937,769364,11952,23,12,0.46944444444444444,552.0,-0.10062893081761007,7.0,0.0
4,xbaRXzpIOys,2023-05-02T09:45:09Z,937,769934,11958,23,13,0.4708333333333333,570.0,-0.06289308176100629,6.0,-0.14285714285714285
5,xbaRXzpIOys,2023-05-02T09:45:09Z,937,770533,11965,23,14,0.4722222222222222,599.0,-0.0020964360587002098,7.0,0.0
6,xbaRXzpIOys,2023-05-02T09:45:09Z,937,771205,11974,23,15,0.4736111111111111,672.0,0.1509433962264151,9.0,0.2857142857142857
7,xbaRXzpIOys,2023-05-02T09:45:09Z,937,772050,11977,23,16,0.475,845.0,0.5136268343815513,3.0,-0.5714285714285714
8,xbaRXzpIOys,2023-05-02T09:45:09Z,937,772385,11989,23,17,0.47638888888888886,335.0,-0.5555555555555556,12.0,0.7142857142857143
9,xbaRXzpIOys,2023-05-02T09:45:09Z,937,772413,11998,23,18,0.4777777777777778,28.0,-1.19916142557652,9.0,0.2857142857142857
10,xbaRXzpIOys,2023-05-02T09:45:09Z,937,773715,12010,23,19,0.4791666666666667,1302.0,1.471698113207547,12.0,0.7142857142857143
11,xbaRXzpIOys,2023-05-02T09:45:09Z,937,773817,12016,23,20,0.48055555555555557,102.0,-1.0440251572327044,6.0,-0.14285714285714285
12,xbaRXzpIOys,2023-05-02T09:45:09Z,937,774091,12039,23,21,0.48194444444444445,274.0,-0.6834381551362684,23.0,2.2857142857142856
13,xbaRXzpIOys,2023-05-02T09:45:09Z,937,774778,12065,23,22,0.48333333333333334,687.0,0.18238993710691823,26.0,2.7142857142857144
14,xbaRXzpIOys,2023-05-02T09:45:09Z,937,775506,12083,23,23,0.4847222222222222,728.0,0.26834381551362685,18.0,1.5714285714285714
15,xbaRXzpIOys,2023-05-02T09:45:09Z,937,776464,12098,23,0,0.4861111111111111,958.0,0.750524109014675,15.0,1.1428571428571428
16,xbaRXzpIOys,2023-05-02T09:45:09Z,937,778072,12116,23,1,0.4875,1608.0,2.1132075471698113,18.0,1.5714285714285714
17,xbaRXzpIOys,2023-05-02T09:45:09Z,937,779765,12128,23,2,0.4888888888888889,1693.0,2.291404612159329,12.0,0.7142857142857143
18,xbaRXzpIOys,2023-05-02T09:45:09Z,937,781460,12135,23,3,0.49027777777777776,1695.0,2.2955974842767297,7.0,0.0
19,xbaRXzpIOys,2023-05-02T09:45:09Z,937,784870,12147,23,4,0.49166666666666664,3410.0,5.890985324947589,12.0,0.7142857142857143
20,xbaRXzpIOys,2023-05-02T09:45:09Z,937,786921,12149,23,5,0.4930555555555556,2051.0,3.041928721174004,2.0,-0.7142857142857143
21,xbaRXzpIOys,2023-05-02T09:45:09Z,937,787402,12153,23,6,0.49444444444444446,481.0,-0.24947589098532494,4.0,-0.42857142857142855
22,xbaRXzpIOys,2023-05-02T09:45:09Z,937,788138,12156,23,7,0.49583333333333335,736.0,0.2851153039832285,3.0,-0.5714285714285714
23,xbaRXzpIOys,2023-05-02T09:45:09Z,937,788697,12161,23,8,0.49722222222222223,559.0,-0.0859538784067086,5.0,-0.2857142857142857
24,xbaRXzpIOys,2023-05-02T09:45:09Z,937,789077,12167,23,9,0.4986111111111111,380.0,-0.4612159329140461,6.0,-0.14285714285714285
25,xbaRXzpIOys,2023-05-02T09:45:09Z,937,789643,12174,23,10,0.5,566.0,-0.07127882599580712,7.0,0.0
