,id,date,duration,views,likes,category_id,hour,update_diff,views_diff,views_diff_scaled,likes_diff,likes_diff_scaled
1,xbaRXzpIOys,2023-05-02T09:45:09Z,937,867852,12966,23,1,0.6208333333333333,1311.0,0.8056379821958457,15.0,1.125
2,xbaRXzpIOys,2023-05-02T09:45:09Z,937,869102,12976,23,2,0.6222222222222222,1250.0,0.7151335311572701,10.0,0.5
3,xbaRXzpIOys,2023-05-02T09:45:09Z,937,870459,12981,23,3,0.6236111111111111,1357.0,0.8738872403560831,5.0,-0.125
4,xbaRXzpIOys,2023-05-02T09:45:09Z,937,871686,12986,23,4,0.625,1227.0,0.6810089020771514,5.0,-0.125
5,xbaRXzpIOys,2023-05-02T09:45:09Z,937,872750,12989,23,5,0.6263888888888889,1064.0,0.4391691394658754,3.0,-0.375
6,xbaRXzpIOys,2023-05-02T09:45:09Z,937,873523,12991,23,6,0.6277777777777778,773.0,0.00741839762611276,2.0,-0.5
7,xbaRXzpIOys,2023-05-02T09:45:09Z,937,873885,12993,23,7,0.6291666666666667,362.0,-0.6023738872403561,2.0,-0.5
8,xbaRXzpIOys,2023-05-02T09:45:09Z,937,874223,12996,23,8,0.6305555555555555,338.0,-0.6379821958456974,3.0,-0.375
9,xbaRXzpIOys,2023-05-02T09:45:09Z,937,874478,12999,23,9,0.6319444444444444,255.0,-0.7611275964391692,3.0,-0.375
10,xbaRXzpIOys,2023-05-02T09:45:09Z,937,874789,13007,23,10,0.6333333333333333,311.0,-0.6780415430267063,8.0,0.25
11,xbaRXzpIOys,2023-05-02T09:45:09Z,937,875197,13016,23,11,0.6347222222222222,408.0,-0.5341246290801187,9.0,0.375
12,xbaRXzpIOys,2023-05-02T09:45:09Z,937,875769,13030,23,12,0.6361111111111111,572.0,-0.29080118694362017,14.0,1.0
13,xbaRXzpIOys,2023-05-02T09:45:09Z,937,876480,13041,23,13,0.6375,711.0,-0.08456973293768547,11.0,0.625
14,xbaRXzpIOys,2023-05-02T09:45:09Z,937,877263,13053,23,14,0.6388888888888888,783.0,0.02225519287833828,12.0,0.75
15,xbaRXzpIOys,2023-05-02T09:45:09Z,937,878265,13064,23,15,0.6402777777777777,1002.0,0.34718100890207715,11.0,0.625
16,xbaRXzpIOys,2023-05-02T09:45:09Z,937,878920,13076,23,16,0.6416666666666667,655.0,-0.16765578635014836,12.0,0.75
17,xbaRXzpIOys,2023-05-02T09:45:09Z,937,879780,13090,23,17,0.6430555555555556,860.0,0.13649851632047477,14.0,1.0
18,xbaRXzpIOys,2023-05-02T09:45:09Z,937,880873,13095,23,18,0.6444444444444445,1093.0,0.4821958456973294,5.0,-0.125
19,xbaRXzpIOys,2023-05-02T09:45:09Z,937,882012,13101,23,19,0.6458333333333334,1139.0,0.5504451038575667,6.0,0.0
20,xbaRXzpIOys,2023-05-02T09:45:09Z,937,882515,13112,23,20,0.6472222222222223,503.0,-0.39317507418397624,11.0,0.625
21,xbaRXzpIOys,2023-05-02T09:45:09Z,937,883767,13117,23,21,0.6486111111111111,1252.0,0.7181008902077152,5.0,-0.125
22,xbaRXzpIOys,2023-05-02T09:45:09Z,937,884580,13125,23,22,0.65,813.0,0.06676557863501484,8.0,0.25
23,xbaRXzpIOys,2023-05-02T09:45:09Z,937,885703,13136,23,23,0.6513888888888889,1123.0,0.526706231454006,11.0,0.625
24,xbaRXzpIOys,2023-05-02T09:45:09Z,937,886699,13151,23,0,0.6527777777777778,996.0,0.33827893175074186,15.0,1.125
25,xbaRXzpIOys,2023-05-02T09:45:09Z,937,887773,13161,23,1,0.6541666666666667,1074.0,0.4540059347181009,10.0,0.5
26,xbaRXzpIOys,2023-05-02T09:45:09Z,937,888751,13179,23,2,0.6555555555555556,978.0,0.3115727002967359,18.0,1.5
27,xbaRXzpIOys,2023-05-02T09:45:09Z,937,890074,13187,23,3,0.6569444444444444,1323.0,0.8234421364985163,8.0,0.25
28,xbaRXzpIOys,2023-05-02T09:45:09Z,937,890995,13188,23,4,0.6583333333333333,921.0,0.22700296735905046,1.0,-0.625
29,xbaRXzpIOys,2023-05-02T09:45:09Z,937,891763,13193,23,5,0.6597222222222222,768.0,0.0,5.0,-0.125
30,xbaRXzpIOys,2023-05-02T09:45:09Z,937,892206,13196,23,6,0.6611111111111111,443.0,-0.4821958456973294,3.0,-0.375
31,xbaRXzpIOys,2023-05-02T09:45:09Z,937,892585,13197,23,7,0.6625,379.0,-0.5771513353115727,1.0,-0.625
32,xbaRXzpIOys,2023-05-02T09:45:09Z,937,892765,13199,23,8,0.6638888888888889,180.0,-0.8724035608308606,2.0,-0.5
33,xbaRXzpIOys,2023-05-02T09:45:09Z,937,892906,13200,23,9,0.6652777777777777,141.0,-0.93026706231454,1.0,-0.625
34,xbaRXzpIOys,2023-05-02T09:45:09Z,937,893288,13204,23,10,0.6666666666666666,382.0,-0.5727002967359051,4.0,-0.25
35,xbaRXzpIOys,2023-05-02T09:45:09Z,937,893761,13206,23,11,0.6680555555555555,473.0,-0.43768545994065283,2.0,-0.5
36,xbaRXzpIOys,2023-05-02T09:45:09Z,937,894079,13210,23,12,0.6694444444444444,318.0,-0.6676557863501483,4.0,-0.25
37,xbaRXzpIOys,2023-05-02T09:45:09Z,937,894553,13217,23,13,0.6708333333333333,474.0,-0.4362017804154303,7.0,0.125
38,xbaRXzpIOys,2023-05-02T09:45:09Z,937,895256,13226,23,14,0.6736111111111112,703.0,-0.09643916913946587,9.0,0.375
39,xbaRXzpIOys,2023-05-02T09:45:09Z,937,895613,13228,23,15,0.6736111111111112,357.0,-0.6097922848664689,2.0,-0.5
