,id,date,duration,views,likes,category_id,hour,update_diff,views_diff,views_diff_scaled,likes_diff,likes_diff_scaled
1,dpRVOtaRUsI,2023-05-12T11:17:31Z,1807,637773,9173,23,16,0.1736111111111111,1184.0,0.7983193277310925,8.0,0.0
2,dpRVOtaRUsI,2023-05-12T11:17:31Z,1807,638370,9182,23,17,0.175,597.0,-0.43487394957983194,9.0,0.2222222222222222
3,dpRVOtaRUsI,2023-05-12T11:17:31Z,1807,639313,9189,23,18,0.1763888888888889,943.0,0.2920168067226891,7.0,-0.2222222222222222
4,dpRVOtaRUsI,2023-05-12T11:17:31Z,1807,640110,9208,23,19,0.17777777777777778,797.0,-0.014705882352941176,19.0,2.4444444444444446
5,dpRVOtaRUsI,2023-05-12T11:17:31Z,1807,641014,9229,23,20,0.17916666666666667,904.0,0.21008403361344538,21.0,2.888888888888889
6,dpRVOtaRUsI,2023-05-12T11:17:31Z,1807,642179,9238,23,21,0.18055555555555555,1165.0,0.7584033613445378,9.0,0.2222222222222222
7,dpRVOtaRUsI,2023-05-12T11:17:31Z,1807,643300,9256,23,22,0.18194444444444444,1121.0,0.6659663865546218,18.0,2.2222222222222223
8,dpRVOtaRUsI,2023-05-12T11:17:31Z,1807,644486,9267,23,23,0.18333333333333332,1186.0,0.8025210084033614,11.0,0.6666666666666666
9,dpRVOtaRUsI,2023-05-12T11:17:31Z,1807,645521,9274,23,0,0.18472222222222223,1035.0,0.4852941176470588,7.0,-0.2222222222222222
10,dpRVOtaRUsI,2023-05-12T11:17:31Z,1807,646180,9279,23,1,0.18611111111111112,659.0,-0.30462184873949577,5.0,-0.6666666666666666
11,dpRVOtaRUsI,2023-05-12T11:17:31Z,1807,647021,9283,23,2,0.1875,841.0,0.07773109243697479,4.0,-0.8888888888888888
12,dpRVOtaRUsI,2023-05-12T11:17:31Z,1807,647973,9288,23,3,0.18888888888888888,952.0,0.31092436974789917,5.0,-0.6666666666666666
13,dpRVOtaRUsI,2023-05-12T11:17:31Z,1807,648666,9289,23,4,0.19027777777777777,693.0,-0.23319327731092437,1.0,-1.5555555555555556
14,dpRVOtaRUsI,2023-05-12T11:17:31Z,1807,649226,9292,23,5,0.19166666666666668,560.0,-0.5126050420168067,3.0,-1.1111111111111112
15,dpRVOtaRUsI,2023-05-12T11:17:31Z,1807,649519,9299,23,6,0.19305555555555556,293.0,-1.0735294117647058,7.0,-0.2222222222222222
16,dpRVOtaRUsI,2023-05-12T11:17:31Z,1807,649816,9303,23,7,0.19444444444444445,297.0,-1.065126050420168,4.0,-0.8888888888888888
17,dpRVOtaRUsI,2023-05-12T11:17:31Z,1807,649997,9307,23,8,0.19583333333333333,181.0,-1.3088235294117647,4.0,-0.8888888888888888
18,dpRVOtaRUsI,2023-05-12T11:17:31Z,1807,650712,9314,23,9,0.19722222222222222,715.0,-0.1869747899159664,7.0,-0.2222222222222222
19,dpRVOtaRUsI,2023-05-12T11:17:31Z,1807,651920,9322,23,10,0.1986111111111111,1208.0,0.8487394957983193,8.0,0.0
20,dpRVOtaRUsI,2023-05-12T11:17:31Z,1807,653068,9330,23,11,0.2,1148.0,0.7226890756302521,8.0,0.0
21,dpRVOtaRUsI,2023-05-12T11:17:31Z,1807,653872,9339,23,12,0.2013888888888889,804.0,0.0,9.0,0.2222222222222222
22,dpRVOtaRUsI,2023-05-12T11:17:31Z,1807,654292,9349,23,13,0.20277777777777778,420.0,-0.8067226890756303,10.0,0.4444444444444444
23,dpRVOtaRUsI,2023-05-12T11:17:31Z,1807,655354,9358,23,14,0.20416666666666666,1062.0,0.542016806722689,9.0,0.2222222222222222
24,dpRVOtaRUsI,2023-05-12T11:17:31Z,1807,656078,9371,23,15,0.20555555555555555,724.0,-0.16806722689075632,13.0,1.1111111111111112
25,dpRVOtaRUsI,2023-05-12T11:17:31Z,1807,657162,9377,23,16,0.20694444444444443,1084.0,0.5882352941176471,6.0,-0.4444444444444444
26,dpRVOtaRUsI,2023-05-12T11:17:31Z,1807,657673,9388,23,17,0.20833333333333334,511.0,-0.615546218487395,11.0,0.6666666666666666
27,dpRVOtaRUsI,2023-05-12T11:17:31Z,1807,658500,9399,23,18,0.20972222222222223,827.0,0.04831932773109244,11.0,0.6666666666666666
28,dpRVOtaRUsI,2023-05-12T11:17:31Z,1807,659015,9408,23,19,0.2111111111111111,515.0,-0.6071428571428571,9.0,0.2222222222222222
29,dpRVOtaRUsI,2023-05-12T11:17:31Z,1807,660099,9424,23,20,0.2125,1084.0,0.5882352941176471,16.0,1.7777777777777777
30,dpRVOtaRUsI,2023-05-12T11:17:31Z,1807,660964,9433,23,21,0.21388888888888888,865.0,0.12815126050420167,9.0,0.2222222222222222
31,dpRVOtaRUsI,2023-05-12T11:17:31Z,1807,661681,9444,23,22,0.2152777777777778,717.0,-0.18277310924369747,11.0,0.6666666666666666
32,dpRVOtaRUsI,2023-05-12T11:17:31Z,1807,662810,9453,23,23,0.21666666666666667,1129.0,0.6827731092436975,9.0,0.2222222222222222
33,dpRVOtaRUsI,2023-05-12T11:17:31Z,1807,663722,9463,23,0,0.21805555555555556,912.0,0.226890756302521,10.0,0.4444444444444444
34,dpRVOtaRUsI,2023-05-12T11:17:31Z,1807,664554,9470,23,1,0.21944444444444444,832.0,0.058823529411764705,7.0,-0.2222222222222222
35,dpRVOtaRUsI,2023-05-12T11:17:31Z,1807,665177,9475,23,2,0.22083333333333333,623.0,-0.3802521008403361,5.0,-0.6666666666666666
36,dpRVOtaRUsI,2023-05-12T11:17:31Z,1807,666004,9480,23,3,0.2222222222222222,827.0,0.04831932773109244,5.0,-0.6666666666666666
37,dpRVOtaRUsI,2023-05-12T11:17:31Z,1807,666411,9483,23,4,0.22361111111111112,407.0,-0.8340336134453782,3.0,-1.1111111111111112
38,dpRVOtaRUsI,2023-05-12T11:17:31Z,1807,666996,9484,23,5,0.225,585.0,-0.46008403361344535,1.0,-1.5555555555555556
39,dpRVOtaRUsI,2023-05-12T11:17:31Z,1807,667213,9486,23,6,0.2263888888888889,217.0,-1.2331932773109244,2.0,-1.3333333333333333
40,dpRVOtaRUsI,2023-05-12T11:17:31Z,1807,667581,9494,23,7,0.22777777777777777,368.0,-0.9159663865546218,8.0,0.0
41,dpRVOtaRUsI,2023-05-12T11:17:31Z,1807,667680,9501,23,8,0.22916666666666666,99.0,-1.48109243697479,7.0,-0.2222222222222222
42,dpRVOtaRUsI,2023-05-12T11:17:31Z,1807,668438,9509,23,9,0.23055555555555557,758.0,-0.09663865546218488,8.0,0.0
43,dpRVOtaRUsI,2023-05-12T11:17:31Z,1807,669728,9517,23,10,0.23194444444444445,1290.0,1.0210084033613445,8.0,0.0
