,id,date,duration,views,likes,category_id,hour,update_diff,views_diff,views_diff_scaled,likes_diff,likes_diff_scaled
1,IHr6ShfhhlA,2023-05-12T09:00:10Z,2260,514327,10360,22,1,0.28888888888888886,792.0,0.5497206703910614,12.0,0.8235294117647058
2,IHr6ShfhhlA,2023-05-12T09:00:10Z,2260,514997,10371,22,2,0.2902777777777778,670.0,0.2770949720670391,11.0,0.7058823529411765
3,IHr6ShfhhlA,2023-05-12T09:00:10Z,2260,515783,10374,22,3,0.2916666666666667,786.0,0.5363128491620112,3.0,-0.23529411764705882
4,IHr6ShfhhlA,2023-05-12T09:00:10Z,2260,516371,10374,22,4,0.29305555555555557,588.0,0.09385474860335195,0.0,-0.5882352941176471
5,IHr6ShfhhlA,2023-05-12T09:00:10Z,2260,516873,10376,22,5,0.29444444444444445,502.0,-0.09832402234636871,2.0,-0.35294117647058826
6,IHr6ShfhhlA,2023-05-12T09:00:10Z,2260,517198,10373,22,6,0.29583333333333334,325.0,-0.49385474860335193,-3.0,-0.9411764705882353
7,IHr6ShfhhlA,2023-05-12T09:00:10Z,2260,517364,10373,22,7,0.2972222222222222,166.0,-0.8491620111731844,0.0,-0.5882352941176471
8,IHr6ShfhhlA,2023-05-12T09:00:10Z,2260,517481,10376,22,8,0.2986111111111111,117.0,-0.958659217877095,3.0,-0.23529411764705882
9,IHr6ShfhhlA,2023-05-12T09:00:10Z,2260,517560,10382,22,9,0.3,79.0,-1.0435754189944133,6.0,0.11764705882352941
10,IHr6ShfhhlA,2023-05-12T09:00:10Z,2260,517745,10390,22,10,0.3013888888888889,185.0,-0.8067039106145252,8.0,0.35294117647058826
11,IHr6ShfhhlA,2023-05-12T09:00:10Z,2260,518044,10400,22,11,0.30277777777777776,299.0,-0.5519553072625698,10.0,0.5882352941176471
12,IHr6ShfhhlA,2023-05-12T09:00:10Z,2260,518577,10415,22,12,0.30416666666666664,533.0,-0.02905027932960894,15.0,1.1764705882352942
13,IHr6ShfhhlA,2023-05-12T09:00:10Z,2260,519230,10421,22,13,0.3055555555555556,653.0,0.23910614525139665,6.0,0.11764705882352941
14,IHr6ShfhhlA,2023-05-12T09:00:10Z,2260,519890,10433,22,14,0.30694444444444446,660.0,0.2547486033519553,12.0,0.8235294117647058
15,IHr6ShfhhlA,2023-05-12T09:00:10Z,2260,520833,10444,22,15,0.30833333333333335,943.0,0.8871508379888268,11.0,0.7058823529411765
16,IHr6ShfhhlA,2023-05-12T09:00:10Z,2260,521448,10466,22,16,0.30972222222222223,615.0,0.15418994413407822,22.0,2.0
17,IHr6ShfhhlA,2023-05-12T09:00:10Z,2260,522146,10476,22,17,0.3111111111111111,698.0,0.3396648044692737,10.0,0.5882352941176471
18,IHr6ShfhhlA,2023-05-12T09:00:10Z,2260,523113,10488,22,18,0.3125,967.0,0.9407821229050279,12.0,0.8235294117647058
19,IHr6ShfhhlA,2023-05-12T09:00:10Z,2260,524065,10500,22,19,0.3138888888888889,952.0,0.9072625698324023,12.0,0.8235294117647058
20,IHr6ShfhhlA,2023-05-12T09:00:10Z,2260,524552,10505,22,20,0.31527777777777777,487.0,-0.1318435754189944,5.0,0.0
21,IHr6ShfhhlA,2023-05-12T09:00:10Z,2260,525806,10510,22,21,0.31666666666666665,1254.0,1.582122905027933,5.0,0.0
22,IHr6ShfhhlA,2023-05-12T09:00:10Z,2260,526501,10522,22,22,0.31805555555555554,695.0,0.3329608938547486,12.0,0.8235294117647058
23,IHr6ShfhhlA,2023-05-12T09:00:10Z,2260,527520,10532,22,23,0.3194444444444444,1019.0,1.0569832402234638,10.0,0.5882352941176471
24,IHr6ShfhhlA,2023-05-12T09:00:10Z,2260,528167,10543,22,0,0.32083333333333336,647.0,0.22569832402234638,11.0,0.7058823529411765
25,IHr6ShfhhlA,2023-05-12T09:00:10Z,2260,528893,10548,22,1,0.32222222222222224,726.0,0.4022346368715084,5.0,0.0
26,IHr6ShfhhlA,2023-05-12T09:00:10Z,2260,529477,10553,22,2,0.3236111111111111,584.0,0.08491620111731843,5.0,0.0
27,IHr6ShfhhlA,2023-05-12T09:00:10Z,2260,530236,10557,22,3,0.325,759.0,0.4759776536312849,4.0,-0.11764705882352941
28,IHr6ShfhhlA,2023-05-12T09:00:10Z,2260,530782,10561,22,4,0.3263888888888889,546.0,0.0,4.0,-0.11764705882352941
29,IHr6ShfhhlA,2023-05-12T09:00:10Z,2260,531347,10560,22,5,0.3277777777777778,565.0,0.042458100558659215,-1.0,-0.7058823529411765
30,IHr6ShfhhlA,2023-05-12T09:00:10Z,2260,531656,10561,22,6,0.32916666666666666,309.0,-0.529608938547486,1.0,-0.47058823529411764
31,IHr6ShfhhlA,2023-05-12T09:00:10Z,2260,531850,10561,22,7,0.33055555555555555,194.0,-0.7865921787709497,0.0,-0.5882352941176471
32,IHr6ShfhhlA,2023-05-12T09:00:10Z,2260,531946,10563,22,8,0.33194444444444443,96.0,-1.005586592178771,2.0,-0.35294117647058826
33,IHr6ShfhhlA,2023-05-12T09:00:10Z,2260,532018,10564,22,9,0.3333333333333333,72.0,-1.059217877094972,1.0,-0.47058823529411764
34,IHr6ShfhhlA,2023-05-12T09:00:10Z,2260,532243,10569,22,10,0.3347222222222222,225.0,-0.71731843575419,5.0,0.0
35,IHr6ShfhhlA,2023-05-12T09:00:10Z,2260,532512,10570,22,11,0.33611111111111114,269.0,-0.6189944134078212,1.0,-0.47058823529411764
36,IHr6ShfhhlA,2023-05-12T09:00:10Z,2260,532741,10576,22,12,0.3375,229.0,-0.7083798882681565,6.0,0.11764705882352941
37,IHr6ShfhhlA,2023-05-12T09:00:10Z,2260,533077,10578,22,13,0.3388888888888889,336.0,-0.4692737430167598,2.0,-0.35294117647058826
38,IHr6ShfhhlA,2023-05-12T09:00:10Z,2260,533568,10585,22,14,0.3402777777777778,491.0,-0.12290502793296089,7.0,0.23529411764705882
39,IHr6ShfhhlA,2023-05-12T09:00:10Z,2260,533785,10587,22,15,0.3416666666666667,217.0,-0.735195530726257,2.0,-0.35294117647058826
