,id,date,duration,views,likes,category_id,hour,update_diff,views_diff,views_diff_scaled,likes_diff,likes_diff_scaled
1,ocHov36PCOg,2023-05-07T09:59:35Z,1176,672013,17111,19,16,0.3416666666666667,913.0,1.04093567251462,14.0,0.8
2,ocHov36PCOg,2023-05-07T09:59:35Z,1176,672568,17119,19,17,0.34305555555555556,555.0,0.20350877192982456,8.0,0.0
3,ocHov36PCOg,2023-05-07T09:59:35Z,1176,673420,17137,19,18,0.34444444444444444,852.0,0.8982456140350877,18.0,1.3333333333333333
4,ocHov36PCOg,2023-05-07T09:59:35Z,1176,674134,17152,19,19,0.3458333333333333,714.0,0.5754385964912281,15.0,0.9333333333333333
5,ocHov36PCOg,2023-05-07T09:59:35Z,1176,674735,17163,19,20,0.3472222222222222,601.0,0.3111111111111111,11.0,0.4
6,ocHov36PCOg,2023-05-07T09:59:35Z,1176,675430,17175,19,21,0.3486111111111111,695.0,0.5309941520467836,12.0,0.5333333333333333
7,ocHov36PCOg,2023-05-07T09:59:35Z,1176,676212,17188,19,22,0.35,782.0,0.7345029239766082,13.0,0.6666666666666666
8,ocHov36PCOg,2023-05-07T09:59:35Z,1176,677010,17198,19,23,0.35138888888888886,798.0,0.7719298245614035,10.0,0.26666666666666666
9,ocHov36PCOg,2023-05-07T09:59:35Z,1176,677766,17208,19,0,0.3527777777777778,756.0,0.6736842105263158,10.0,0.26666666666666666
10,ocHov36PCOg,2023-05-07T09:59:35Z,1176,678225,17216,19,1,0.3541666666666667,459.0,-0.021052631578947368,8.0,0.0
11,ocHov36PCOg,2023-05-07T09:59:35Z,1176,678862,17220,19,2,0.35555555555555557,637.0,0.3953216374269006,4.0,-0.5333333333333333
12,ocHov36PCOg,2023-05-07T09:59:35Z,1176,679513,17223,19,3,0.35694444444444445,651.0,0.4280701754385965,3.0,-0.6666666666666666
13,ocHov36PCOg,2023-05-07T09:59:35Z,1176,679918,17224,19,4,0.35833333333333334,405.0,-0.14736842105263157,1.0,-0.9333333333333333
14,ocHov36PCOg,2023-05-07T09:59:35Z,1176,680280,17225,19,5,0.3597222222222222,362.0,-0.247953216374269,1.0,-0.9333333333333333
15,ocHov36PCOg,2023-05-07T09:59:35Z,1176,680462,17225,19,6,0.3611111111111111,182.0,-0.6690058479532164,0.0,-1.0666666666666667
16,ocHov36PCOg,2023-05-07T09:59:35Z,1176,680634,17229,19,7,0.3625,172.0,-0.6923976608187135,4.0,-0.5333333333333333
17,ocHov36PCOg,2023-05-07T09:59:35Z,1176,680721,17233,19,8,0.3638888888888889,87.0,-0.8912280701754386,4.0,-0.5333333333333333
18,ocHov36PCOg,2023-05-07T09:59:35Z,1176,680958,17237,19,9,0.36527777777777776,237.0,-0.5403508771929825,4.0,-0.5333333333333333
19,ocHov36PCOg,2023-05-07T09:59:35Z,1176,681231,17245,19,10,0.36666666666666664,273.0,-0.45614035087719296,8.0,0.0
20,ocHov36PCOg,2023-05-07T09:59:35Z,1176,681534,17252,19,11,0.3680555555555556,303.0,-0.38596491228070173,7.0,-0.13333333333333333
21,ocHov36PCOg,2023-05-07T09:59:35Z,1176,681797,17262,19,12,0.36944444444444446,263.0,-0.47953216374269003,10.0,0.26666666666666666
22,ocHov36PCOg,2023-05-07T09:59:35Z,1176,682066,17279,19,13,0.37083333333333335,269.0,-0.4654970760233918,17.0,1.2
23,ocHov36PCOg,2023-05-07T09:59:35Z,1176,682708,17286,19,14,0.37222222222222223,642.0,0.4070175438596491,7.0,-0.13333333333333333
24,ocHov36PCOg,2023-05-07T09:59:35Z,1176,683156,17294,19,15,0.3736111111111111,448.0,-0.04678362573099415,8.0,0.0
25,ocHov36PCOg,2023-05-07T09:59:35Z,1176,683756,17309,19,16,0.375,600.0,0.3087719298245614,15.0,0.9333333333333333
26,ocHov36PCOg,2023-05-07T09:59:35Z,1176,684151,17321,19,17,0.3763888888888889,395.0,-0.17076023391812867,12.0,0.5333333333333333
27,ocHov36PCOg,2023-05-07T09:59:35Z,1176,684859,17334,19,18,0.37777777777777777,708.0,0.5614035087719298,13.0,0.6666666666666666
28,ocHov36PCOg,2023-05-07T09:59:35Z,1176,685247,17339,19,19,0.37916666666666665,388.0,-0.1871345029239766,5.0,-0.4
29,ocHov36PCOg,2023-05-07T09:59:35Z,1176,686164,17346,19,20,0.38055555555555554,917.0,1.0502923976608187,7.0,-0.13333333333333333
30,ocHov36PCOg,2023-05-07T09:59:35Z,1176,686768,17359,19,21,0.3819444444444444,604.0,0.31812865497076026,13.0,0.6666666666666666
31,ocHov36PCOg,2023-05-07T09:59:35Z,1176,687236,17368,19,22,0.38333333333333336,468.0,0.0,9.0,0.13333333333333333
32,ocHov36PCOg,2023-05-07T09:59:35Z,1176,688094,17376,19,23,0.38472222222222224,858.0,0.9122807017543859,8.0,0.0
33,ocHov36PCOg,2023-05-07T09:59:35Z,1176,688895,17388,19,0,0.3861111111111111,801.0,0.7789473684210526,12.0,0.5333333333333333
34,ocHov36PCOg,2023-05-07T09:59:35Z,1176,689637,17397,19,1,0.3875,742.0,0.6409356725146199,9.0,0.13333333333333333
35,ocHov36PCOg,2023-05-07T09:59:35Z,1176,690143,17403,19,2,0.3888888888888889,506.0,0.08888888888888889,6.0,-0.26666666666666666
36,ocHov36PCOg,2023-05-07T09:59:35Z,1176,690821,17409,19,3,0.3902777777777778,678.0,0.49122807017543857,6.0,-0.26666666666666666
37,ocHov36PCOg,2023-05-07T09:59:35Z,1176,691096,17413,19,4,0.39166666666666666,275.0,-0.45146198830409356,4.0,-0.5333333333333333
38,ocHov36PCOg,2023-05-07T09:59:35Z,1176,691465,17415,19,5,0.39305555555555555,369.0,-0.23157894736842105,2.0,-0.8
39,ocHov36PCOg,2023-05-07T09:59:35Z,1176,691595,17418,19,6,0.39444444444444443,130.0,-0.7906432748538011,3.0,-0.6666666666666666
40,ocHov36PCOg,2023-05-07T09:59:35Z,1176,691799,17422,19,7,0.3958333333333333,204.0,-0.6175438596491228,4.0,-0.5333333333333333
41,ocHov36PCOg,2023-05-07T09:59:35Z,1176,691839,17424,19,8,0.3972222222222222,40.0,-1.001169590643275,2.0,-0.8
42,ocHov36PCOg,2023-05-07T09:59:35Z,1176,692075,17426,19,9,0.39861111111111114,236.0,-0.5426900584795321,2.0,-0.8
43,ocHov36PCOg,2023-05-07T09:59:35Z,1176,692437,17432,19,10,0.4,362.0,-0.247953216374269,6.0,-0.26666666666666666
