,id,date,duration,views,likes,category_id,hour,update_diff,views_diff,views_diff_scaled,likes_diff,likes_diff_scaled
1,TgEfURxqRGs,2023-05-08T09:00:27Z,596,318459,1740,20,16,0.30972222222222223,52.0,1.9230769230769231,0.0,0.0
2,TgEfURxqRGs,2023-05-08T09:00:27Z,596,318489,1740,20,17,0.3111111111111111,30.0,0.23076923076923078,0.0,0.0
3,TgEfURxqRGs,2023-05-08T09:00:27Z,596,318558,1740,20,18,0.3125,69.0,3.230769230769231,0.0,0.0
4,TgEfURxqRGs,2023-05-08T09:00:27Z,596,318583,1740,20,19,0.3138888888888889,25.0,-0.15384615384615385,0.0,0.0
5,TgEfURxqRGs,2023-05-08T09:00:27Z,596,318611,1740,20,20,0.31527777777777777,28.0,0.07692307692307693,0.0,0.0
6,TgEfURxqRGs,2023-05-08T09:00:27Z,596,318661,1740,20,21,0.31666666666666665,50.0,1.7692307692307692,0.0,0.0
7,TgEfURxqRGs,2023-05-08T09:00:27Z,596,318692,1740,20,22,0.31805555555555554,31.0,0.3076923076923077,0.0,0.0
8,TgEfURxqRGs,2023-05-08T09:00:27Z,596,318727,1741,20,23,0.3194444444444444,35.0,0.6153846153846154,1.0,1.0
9,TgEfURxqRGs,2023-05-08T09:00:27Z,596,318759,1741,20,0,0.32083333333333336,32.0,0.38461538461538464,0.0,0.0
10,TgEfURxqRGs,2023-05-08T09:00:27Z,596,318788,1741,20,1,0.32222222222222224,29.0,0.15384615384615385,0.0,0.0
11,TgEfURxqRGs,2023-05-08T09:00:27Z,596,318815,1741,20,2,0.3236111111111111,27.0,0.0,0.0,0.0
12,TgEfURxqRGs,2023-05-08T09:00:27Z,596,318855,1741,20,3,0.325,40.0,1.0,0.0,0.0
13,TgEfURxqRGs,2023-05-08T09:00:27Z,596,318881,1741,20,4,0.3263888888888889,26.0,-0.07692307692307693,0.0,0.0
14,TgEfURxqRGs,2023-05-08T09:00:27Z,596,318914,1741,20,5,0.3277777777777778,33.0,0.46153846153846156,0.0,0.0
15,TgEfURxqRGs,2023-05-08T09:00:27Z,596,318920,1741,20,6,0.32916666666666666,6.0,-1.6153846153846154,0.0,0.0
16,TgEfURxqRGs,2023-05-08T09:00:27Z,596,318944,1741,20,7,0.33055555555555555,24.0,-0.23076923076923078,0.0,0.0
17,TgEfURxqRGs,2023-05-08T09:00:27Z,596,318955,1741,20,8,0.33194444444444443,11.0,-1.2307692307692308,0.0,0.0
18,TgEfURxqRGs,2023-05-08T09:00:27Z,596,318978,1741,20,9,0.3333333333333333,23.0,-0.3076923076923077,0.0,0.0
19,TgEfURxqRGs,2023-05-08T09:00:27Z,596,319005,1741,20,10,0.3347222222222222,27.0,0.0,0.0,0.0
20,TgEfURxqRGs,2023-05-08T09:00:27Z,596,319029,1741,20,11,0.33611111111111114,24.0,-0.23076923076923078,0.0,0.0
21,TgEfURxqRGs,2023-05-08T09:00:27Z,596,319045,1741,20,12,0.3375,16.0,-0.8461538461538461,0.0,0.0
22,TgEfURxqRGs,2023-05-08T09:00:27Z,596,319058,1742,20,13,0.3388888888888889,13.0,-1.0769230769230769,1.0,1.0
23,TgEfURxqRGs,2023-05-08T09:00:27Z,596,319093,1742,20,14,0.3402777777777778,35.0,0.6153846153846154,0.0,0.0
24,TgEfURxqRGs,2023-05-08T09:00:27Z,596,319116,1742,20,15,0.3416666666666667,23.0,-0.3076923076923077,0.0,0.0
25,TgEfURxqRGs,2023-05-08T09:00:27Z,596,319158,1742,20,16,0.34305555555555556,42.0,1.1538461538461537,0.0,0.0
26,TgEfURxqRGs,2023-05-08T09:00:27Z,596,319178,1742,20,17,0.34444444444444444,20.0,-0.5384615384615384,0.0,0.0
27,TgEfURxqRGs,2023-05-08T09:00:27Z,596,319220,1742,20,18,0.3458333333333333,42.0,1.1538461538461537,0.0,0.0
28,TgEfURxqRGs,2023-05-08T09:00:27Z,596,319239,1743,20,19,0.3472222222222222,19.0,-0.6153846153846154,1.0,1.0
29,TgEfURxqRGs,2023-05-08T09:00:27Z,596,319298,1743,20,20,0.3486111111111111,59.0,2.4615384615384617,0.0,0.0
30,TgEfURxqRGs,2023-05-08T09:00:27Z,596,319335,1743,20,21,0.35,37.0,0.7692307692307693,0.0,0.0
31,TgEfURxqRGs,2023-05-08T09:00:27Z,596,319365,1743,20,22,0.35138888888888886,30.0,0.23076923076923078,0.0,0.0
32,TgEfURxqRGs,2023-05-08T09:00:27Z,596,319393,1743,20,23,0.3527777777777778,28.0,0.07692307692307693,0.0,0.0
33,TgEfURxqRGs,2023-05-08T09:00:27Z,596,319427,1743,20,0,0.3541666666666667,34.0,0.5384615384615384,0.0,0.0
34,TgEfURxqRGs,2023-05-08T09:00:27Z,596,319465,1742,20,1,0.35555555555555557,38.0,0.8461538461538461,-1.0,-1.0
35,TgEfURxqRGs,2023-05-08T09:00:27Z,596,319488,1742,20,2,0.35694444444444445,23.0,-0.3076923076923077,0.0,0.0
36,TgEfURxqRGs,2023-05-08T09:00:27Z,596,319514,1742,20,3,0.35833333333333334,26.0,-0.07692307692307693,0.0,0.0
37,TgEfURxqRGs,2023-05-08T09:00:27Z,596,319528,1742,20,4,0.3597222222222222,14.0,-1.0,0.0,0.0
38,TgEfURxqRGs,2023-05-08T09:00:27Z,596,319573,1742,20,5,0.3611111111111111,45.0,1.3846153846153846,0.0,0.0
39,TgEfURxqRGs,2023-05-08T09:00:27Z,596,319594,1742,20,6,0.3625,21.0,-0.46153846153846156,0.0,0.0
40,TgEfURxqRGs,2023-05-08T09:00:27Z,596,319618,1742,20,7,0.3638888888888889,24.0,-0.23076923076923078,0.0,0.0
41,TgEfURxqRGs,2023-05-08T09:00:27Z,596,319628,1742,20,8,0.36527777777777776,10.0,-1.3076923076923077,0.0,0.0
42,TgEfURxqRGs,2023-05-08T09:00:27Z,596,319640,1742,20,9,0.36666666666666664,12.0,-1.1538461538461537,0.0,0.0
43,TgEfURxqRGs,2023-05-08T09:00:27Z,596,319657,1742,20,10,0.3680555555555556,17.0,-0.7692307692307693,0.0,0.0
