,id,date,duration,views,likes,category_id,hour,update_diff,views_diff,views_diff_scaled,likes_diff,likes_diff_scaled
1,BeLidjwdU8I,2023-05-18T14:36:45Z,1388,644394,10192,22,1,0.08055555555555556,8460.0,0.3186169173666732,75.0,0.9743589743589743
2,BeLidjwdU8I,2023-05-18T14:36:45Z,1388,651370,10272,22,2,0.08194444444444444,6976.0,0.028716546200429773,80.0,1.1025641025641026
3,BeLidjwdU8I,2023-05-18T14:36:45Z,1388,659655,10313,22,3,0.08333333333333333,8285.0,0.284430552842352,41.0,0.10256410256410256
4,BeLidjwdU8I,2023-05-18T14:36:45Z,1388,668812,10350,22,4,0.08472222222222223,9157.0,0.45477632350068375,37.0,0.0
5,BeLidjwdU8I,2023-05-18T14:36:45Z,1388,678878,10372,22,5,0.08611111111111111,10066.0,0.632350068372729,22.0,-0.38461538461538464
6,BeLidjwdU8I,2023-05-18T14:36:45Z,1388,685220,10393,22,6,0.0875,6342.0,-0.09513576870482517,21.0,-0.41025641025641024
7,BeLidjwdU8I,2023-05-18T14:36:45Z,1388,688855,10413,22,7,0.08888888888888889,3635.0,-0.6239499902324673,20.0,-0.4358974358974359
8,BeLidjwdU8I,2023-05-18T14:36:45Z,1388,693548,10442,22,8,0.09027777777777778,4693.0,-0.4172689978511428,29.0,-0.20512820512820512
9,BeLidjwdU8I,2023-05-18T14:36:45Z,1388,698162,10475,22,9,0.09166666666666666,4614.0,-0.4327016995506935,33.0,-0.10256410256410256
10,BeLidjwdU8I,2023-05-18T14:36:45Z,1388,703771,10532,22,10,0.09305555555555556,5609.0,-0.23832779839812462,57.0,0.5128205128205128
11,BeLidjwdU8I,2023-05-18T14:36:45Z,1388,711475,10591,22,11,0.09444444444444444,7704.0,0.17093182262160578,59.0,0.5641025641025641
12,BeLidjwdU8I,2023-05-18T14:36:45Z,1388,722114,10650,22,12,0.09583333333333334,10639.0,0.7442859933580778,59.0,0.5641025641025641
13,BeLidjwdU8I,2023-05-18T14:36:45Z,1388,733078,10710,22,13,0.09722222222222222,10964.0,0.8077749560461027,60.0,0.5897435897435898
14,BeLidjwdU8I,2023-05-18T14:36:45Z,1388,742460,10780,22,14,0.09861111111111111,9382.0,0.4987302207462395,70.0,0.8461538461538461
15,BeLidjwdU8I,2023-05-18T14:36:45Z,1388,752494,10851,22,15,0.1,10034.0,0.6260988474311389,71.0,0.8717948717948718
16,BeLidjwdU8I,2023-05-18T14:36:45Z,1388,759207,10932,22,16,0.10138888888888889,6713.0,-0.02266067591326431,81.0,1.1282051282051282
17,BeLidjwdU8I,2023-05-18T14:36:45Z,1388,766036,11001,22,17,0.10277777777777777,6829.0,0.0,69.0,0.8205128205128205
18,BeLidjwdU8I,2023-05-18T14:36:45Z,1388,776679,11063,22,18,0.10416666666666667,10643.0,0.7450673959757765,62.0,0.6410256410256411
19,BeLidjwdU8I,2023-05-18T14:36:45Z,1388,787531,11113,22,19,0.10555555555555556,10852.0,0.7858956827505372,50.0,0.3333333333333333
20,BeLidjwdU8I,2023-05-18T14:36:45Z,1388,792825,11177,22,20,0.10694444444444444,5294.0,-0.2998632545419027,64.0,0.6923076923076923
21,BeLidjwdU8I,2023-05-18T14:36:45Z,1388,807140,11251,22,21,0.10833333333333334,14315.0,1.4623949990232468,74.0,0.9487179487179487
22,BeLidjwdU8I,2023-05-18T14:36:45Z,1388,814671,11297,22,22,0.10972222222222222,7531.0,0.13713615940613402,46.0,0.23076923076923078
23,BeLidjwdU8I,2023-05-18T14:36:45Z,1388,827065,11343,22,23,0.1111111111111111,12394.0,1.0871263918734129,46.0,0.23076923076923078
24,BeLidjwdU8I,2023-05-18T14:36:45Z,1388,834450,11392,22,0,0.1125,7385.0,0.10861496386012894,49.0,0.3076923076923077
25,BeLidjwdU8I,2023-05-18T14:36:45Z,1388,842725,11434,22,1,0.11388888888888889,8275.0,0.2824770462981051,42.0,0.1282051282051282
26,BeLidjwdU8I,2023-05-18T14:36:45Z,1388,849736,11471,22,2,0.11527777777777778,7011.0,0.035553819105294,37.0,0.0
27,BeLidjwdU8I,2023-05-18T14:36:45Z,1388,859200,11497,22,3,0.11666666666666667,9464.0,0.5147489744090643,26.0,-0.28205128205128205
28,BeLidjwdU8I,2023-05-18T14:36:45Z,1388,865459,11514,22,4,0.11805555555555555,6259.0,-0.11134987302207462,17.0,-0.5128205128205128
29,BeLidjwdU8I,2023-05-18T14:36:45Z,1388,871777,11521,22,5,0.11944444444444445,6318.0,-0.09982418441101777,7.0,-0.7692307692307693
30,BeLidjwdU8I,2023-05-18T14:36:45Z,1388,875047,11523,22,6,0.12083333333333333,3270.0,-0.69525297909748,2.0,-0.8974358974358975
31,BeLidjwdU8I,2023-05-18T14:36:45Z,1388,877956,11526,22,7,0.12222222222222222,2909.0,-0.7657745653447939,3.0,-0.8717948717948718
32,BeLidjwdU8I,2023-05-18T14:36:45Z,1388,879599,11537,22,8,0.12361111111111112,1643.0,-1.0130884938464544,11.0,-0.6666666666666666
33,BeLidjwdU8I,2023-05-18T14:36:45Z,1388,881288,11550,22,9,0.125,1689.0,-1.0041023637429185,13.0,-0.6153846153846154
34,BeLidjwdU8I,2023-05-18T14:36:45Z,1388,885084,11572,22,10,0.12638888888888888,3796.0,-0.5924985348700919,22.0,-0.38461538461538464
35,BeLidjwdU8I,2023-05-18T14:36:45Z,1388,889104,11593,22,11,0.12777777777777777,4020.0,-0.5487399882789608,21.0,-0.41025641025641024
36,BeLidjwdU8I,2023-05-18T14:36:45Z,1388,891879,11609,22,12,0.12916666666666668,2775.0,-0.7919515530377027,16.0,-0.5384615384615384
37,BeLidjwdU8I,2023-05-18T14:36:45Z,1388,895429,11629,22,13,0.13055555555555556,3550.0,-0.6405547958585661,20.0,-0.4358974358974359
38,BeLidjwdU8I,2023-05-18T14:36:45Z,1388,899710,11656,22,14,0.13333333333333333,4281.0,-0.49775346747411603,27.0,-0.2564102564102564
39,BeLidjwdU8I,2023-05-18T14:36:45Z,1388,901809,11667,22,15,0.13333333333333333,2099.0,-0.9240085954287947,11.0,-0.6666666666666666
