,id,date,duration,views,likes,category_id,hour,update_diff,views_diff,views_diff_scaled,likes_diff,likes_diff_scaled
1,gyLa8ChA-zU,2023-05-01T14:32:28Z,816,691757,10265,22,1,0.6472222222222223,614.0,0.12517385257301808,6.0,0.6666666666666666
2,gyLa8ChA-zU,2023-05-01T14:32:28Z,816,692290,10270,22,2,0.6486111111111111,533.0,-0.10013908205841446,5.0,0.3333333333333333
3,gyLa8ChA-zU,2023-05-01T14:32:28Z,816,692859,10275,22,3,0.65,569.0,0.0,5.0,0.3333333333333333
4,gyLa8ChA-zU,2023-05-01T14:32:28Z,816,693431,10277,22,4,0.6513888888888889,572.0,0.008344923504867872,2.0,-0.6666666666666666
5,gyLa8ChA-zU,2023-05-01T14:32:28Z,816,694065,10279,22,5,0.6527777777777778,634.0,0.1808066759388039,2.0,-0.6666666666666666
6,gyLa8ChA-zU,2023-05-01T14:32:28Z,816,694552,10278,22,6,0.6541666666666667,487.0,-0.22809457579972184,-1.0,-1.6666666666666667
7,gyLa8ChA-zU,2023-05-01T14:32:28Z,816,694800,10280,22,7,0.6555555555555556,248.0,-0.8929068150208623,2.0,-0.6666666666666666
8,gyLa8ChA-zU,2023-05-01T14:32:28Z,816,695041,10282,22,8,0.6569444444444444,241.0,-0.9123783031988874,2.0,-0.6666666666666666
9,gyLa8ChA-zU,2023-05-01T14:32:28Z,816,695227,10286,22,9,0.6583333333333333,186.0,-1.0653685674547984,4.0,0.0
10,gyLa8ChA-zU,2023-05-01T14:32:28Z,816,695461,10290,22,10,0.6597222222222222,234.0,-0.9318497913769124,4.0,0.0
11,gyLa8ChA-zU,2023-05-01T14:32:28Z,816,695781,10292,22,11,0.6611111111111111,320.0,-0.6926286509040334,2.0,-0.6666666666666666
12,gyLa8ChA-zU,2023-05-01T14:32:28Z,816,696235,10296,22,12,0.6625,454.0,-0.3198887343532684,4.0,0.0
13,gyLa8ChA-zU,2023-05-01T14:32:28Z,816,696866,10303,22,13,0.6638888888888889,631.0,0.17246175243393602,7.0,1.0
14,gyLa8ChA-zU,2023-05-01T14:32:28Z,816,697514,10308,22,14,0.6652777777777777,648.0,0.21974965229485396,5.0,0.3333333333333333
15,gyLa8ChA-zU,2023-05-01T14:32:28Z,816,698382,10318,22,15,0.6666666666666666,868.0,0.8317107093184979,10.0,2.0
16,gyLa8ChA-zU,2023-05-01T14:32:28Z,816,698956,10325,22,16,0.6680555555555555,574.0,0.013908205841446454,7.0,1.0
17,gyLa8ChA-zU,2023-05-01T14:32:28Z,816,699678,10329,22,17,0.6694444444444444,722.0,0.42559109874826145,4.0,0.0
18,gyLa8ChA-zU,2023-05-01T14:32:28Z,816,700588,10336,22,18,0.6708333333333333,910.0,0.9485396383866481,7.0,1.0
19,gyLa8ChA-zU,2023-05-01T14:32:28Z,816,701622,10340,22,19,0.6722222222222223,1034.0,1.2934631432545203,4.0,0.0
20,gyLa8ChA-zU,2023-05-01T14:32:28Z,816,702149,10344,22,20,0.6736111111111112,527.0,-0.1168289290681502,4.0,0.0
21,gyLa8ChA-zU,2023-05-01T14:32:28Z,816,703374,10353,22,21,0.675,1225.0,1.8247566063977747,9.0,1.6666666666666667
22,gyLa8ChA-zU,2023-05-01T14:32:28Z,816,704032,10360,22,22,0.6763888888888889,658.0,0.24756606397774686,7.0,1.0
23,gyLa8ChA-zU,2023-05-01T14:32:28Z,816,705000,10364,22,23,0.6777777777777778,968.0,1.109874826147427,4.0,0.0
24,gyLa8ChA-zU,2023-05-01T14:32:28Z,816,705738,10375,22,0,0.6791666666666667,738.0,0.47009735744089015,11.0,2.3333333333333335
25,gyLa8ChA-zU,2023-05-01T14:32:28Z,816,706496,10379,22,1,0.6805555555555556,758.0,0.5257301808066759,4.0,0.0
26,gyLa8ChA-zU,2023-05-01T14:32:28Z,816,707166,10384,22,2,0.6819444444444445,670.0,0.2809457579972184,5.0,0.3333333333333333
27,gyLa8ChA-zU,2023-05-01T14:32:28Z,816,708012,10389,22,3,0.6833333333333333,846.0,0.7705146036161336,5.0,0.3333333333333333
28,gyLa8ChA-zU,2023-05-01T14:32:28Z,816,708650,10390,22,4,0.6847222222222222,638.0,0.19193324061196107,1.0,-1.0
29,gyLa8ChA-zU,2023-05-01T14:32:28Z,816,709252,10390,22,5,0.6861111111111111,602.0,0.0917941585535466,0.0,-1.3333333333333333
30,gyLa8ChA-zU,2023-05-01T14:32:28Z,816,709596,10390,22,6,0.6875,344.0,-0.6258692628650904,0.0,-1.3333333333333333
31,gyLa8ChA-zU,2023-05-01T14:32:28Z,816,709885,10392,22,7,0.6888888888888889,289.0,-0.7788595271210014,2.0,-0.6666666666666666
32,gyLa8ChA-zU,2023-05-01T14:32:28Z,816,710026,10392,22,8,0.6902777777777778,141.0,-1.1905424200278165,0.0,-1.3333333333333333
33,gyLa8ChA-zU,2023-05-01T14:32:28Z,816,710145,10396,22,9,0.6916666666666667,119.0,-1.2517385257301807,4.0,0.0
34,gyLa8ChA-zU,2023-05-01T14:32:28Z,816,710431,10398,22,10,0.6930555555555555,286.0,-0.7872044506258693,2.0,-0.6666666666666666
35,gyLa8ChA-zU,2023-05-01T14:32:28Z,816,710807,10400,22,11,0.6944444444444444,376.0,-0.5368567454798331,2.0,-0.6666666666666666
36,gyLa8ChA-zU,2023-05-01T14:32:28Z,816,711023,10405,22,12,0.6958333333333333,216.0,-0.9819193324061196,5.0,0.3333333333333333
37,gyLa8ChA-zU,2023-05-01T14:32:28Z,816,711489,10411,22,13,0.6972222222222222,466.0,-0.2865090403337969,6.0,0.6666666666666666
38,gyLa8ChA-zU,2023-05-01T14:32:28Z,816,712008,10412,22,14,0.7,519.0,-0.13908205841446453,1.0,-1.0
39,gyLa8ChA-zU,2023-05-01T14:32:28Z,816,712247,10416,22,15,0.7,239.0,-0.9179415855354659,4.0,0.0
