,id,date,duration,views,likes,category_id,hour,update_diff,views_diff,views_diff_scaled,likes_diff,likes_diff_scaled
1,2D09cxQ4kGA,2023-05-14T11:00:02Z,616,99633,1569,17,16,0.10694444444444444,1381.0,8.333333333333334,5.0,1.3333333333333333
2,2D09cxQ4kGA,2023-05-14T11:00:02Z,616,100250,1575,17,17,0.10833333333333334,617.0,3.0277777777777777,6.0,1.6666666666666667
3,2D09cxQ4kGA,2023-05-14T11:00:02Z,616,101228,1580,17,18,0.10972222222222222,978.0,5.534722222222222,5.0,1.3333333333333333
4,2D09cxQ4kGA,2023-05-14T11:00:02Z,616,102022,1590,17,19,0.1111111111111111,794.0,4.256944444444445,10.0,3.0
5,2D09cxQ4kGA,2023-05-14T11:00:02Z,616,102725,1596,17,20,0.1125,703.0,3.625,6.0,1.6666666666666667
6,2D09cxQ4kGA,2023-05-14T11:00:02Z,616,103511,1598,17,21,0.11388888888888889,786.0,4.201388888888889,2.0,0.3333333333333333
7,2D09cxQ4kGA,2023-05-14T11:00:02Z,616,104316,1600,17,22,0.11527777777777778,805.0,4.333333333333333,2.0,0.3333333333333333
8,2D09cxQ4kGA,2023-05-14T11:00:02Z,616,104868,1601,17,23,0.11666666666666667,552.0,2.576388888888889,1.0,0.0
9,2D09cxQ4kGA,2023-05-14T11:00:02Z,616,105150,1606,17,0,0.11805555555555555,282.0,0.7013888888888888,5.0,1.3333333333333333
10,2D09cxQ4kGA,2023-05-14T11:00:02Z,616,105331,1608,17,1,0.11944444444444445,181.0,0.0,2.0,0.3333333333333333
11,2D09cxQ4kGA,2023-05-14T11:00:02Z,616,105580,1608,17,2,0.12083333333333333,249.0,0.4722222222222222,0.0,-0.3333333333333333
12,2D09cxQ4kGA,2023-05-14T11:00:02Z,616,105881,1608,17,3,0.12222222222222222,301.0,0.8333333333333334,0.0,-0.3333333333333333
13,2D09cxQ4kGA,2023-05-14T11:00:02Z,616,106086,1608,17,4,0.12361111111111112,205.0,0.16666666666666666,0.0,-0.3333333333333333
14,2D09cxQ4kGA,2023-05-14T11:00:02Z,616,106289,1608,17,5,0.125,203.0,0.1527777777777778,0.0,-0.3333333333333333
15,2D09cxQ4kGA,2023-05-14T11:00:02Z,616,106375,1608,17,6,0.12638888888888888,86.0,-0.6597222222222222,0.0,-0.3333333333333333
16,2D09cxQ4kGA,2023-05-14T11:00:02Z,616,106443,1609,17,7,0.12777777777777777,68.0,-0.7847222222222222,1.0,0.0
17,2D09cxQ4kGA,2023-05-14T11:00:02Z,616,106478,1611,17,8,0.12916666666666668,35.0,-1.0138888888888888,2.0,0.3333333333333333
18,2D09cxQ4kGA,2023-05-14T11:00:02Z,616,106578,1611,17,9,0.13055555555555556,100.0,-0.5625,0.0,-0.3333333333333333
19,2D09cxQ4kGA,2023-05-14T11:00:02Z,616,106733,1612,17,10,0.13194444444444445,155.0,-0.18055555555555555,1.0,0.0
20,2D09cxQ4kGA,2023-05-14T11:00:02Z,616,106901,1613,17,11,0.13333333333333333,168.0,-0.09027777777777778,1.0,0.0
21,2D09cxQ4kGA,2023-05-14T11:00:02Z,616,107051,1614,17,12,0.13472222222222222,150.0,-0.2152777777777778,1.0,0.0
22,2D09cxQ4kGA,2023-05-14T11:00:02Z,616,107159,1615,17,13,0.1361111111111111,108.0,-0.5069444444444444,1.0,0.0
23,2D09cxQ4kGA,2023-05-14T11:00:02Z,616,107438,1621,17,14,0.1375,279.0,0.6805555555555556,6.0,1.6666666666666667
24,2D09cxQ4kGA,2023-05-14T11:00:02Z,616,107661,1623,17,15,0.1388888888888889,223.0,0.2916666666666667,2.0,0.3333333333333333
25,2D09cxQ4kGA,2023-05-14T11:00:02Z,616,108027,1626,17,16,0.14027777777777778,366.0,1.2847222222222223,3.0,0.6666666666666666
26,2D09cxQ4kGA,2023-05-14T11:00:02Z,616,108188,1628,17,17,0.14166666666666666,161.0,-0.1388888888888889,2.0,0.3333333333333333
27,2D09cxQ4kGA,2023-05-14T11:00:02Z,616,108465,1631,17,18,0.14305555555555555,277.0,0.6666666666666666,3.0,0.6666666666666666
28,2D09cxQ4kGA,2023-05-14T11:00:02Z,616,108610,1634,17,19,0.14444444444444443,145.0,-0.25,3.0,0.6666666666666666
29,2D09cxQ4kGA,2023-05-14T11:00:02Z,616,108978,1632,17,20,0.14583333333333334,368.0,1.2986111111111112,-2.0,-1.0
30,2D09cxQ4kGA,2023-05-14T11:00:02Z,616,109182,1636,17,21,0.14722222222222223,204.0,0.1597222222222222,4.0,1.0
31,2D09cxQ4kGA,2023-05-14T11:00:02Z,616,109347,1640,17,22,0.1486111111111111,165.0,-0.1111111111111111,4.0,1.0
32,2D09cxQ4kGA,2023-05-14T11:00:02Z,616,109560,1641,17,23,0.15,213.0,0.2222222222222222,1.0,0.0
33,2D09cxQ4kGA,2023-05-14T11:00:02Z,616,109727,1642,17,0,0.15138888888888888,167.0,-0.09722222222222222,1.0,0.0
34,2D09cxQ4kGA,2023-05-14T11:00:02Z,616,109886,1644,17,1,0.1527777777777778,159.0,-0.1527777777777778,2.0,0.3333333333333333
35,2D09cxQ4kGA,2023-05-14T11:00:02Z,616,110065,1644,17,2,0.15416666666666667,179.0,-0.013888888888888888,0.0,-0.3333333333333333
36,2D09cxQ4kGA,2023-05-14T11:00:02Z,616,110283,1644,17,3,0.15555555555555556,218.0,0.2569444444444444,0.0,-0.3333333333333333
37,2D09cxQ4kGA,2023-05-14T11:00:02Z,616,110402,1647,17,4,0.15694444444444444,119.0,-0.4305555555555556,3.0,0.6666666666666666
38,2D09cxQ4kGA,2023-05-14T11:00:02Z,616,110572,1647,17,5,0.15833333333333333,170.0,-0.0763888888888889,0.0,-0.3333333333333333
39,2D09cxQ4kGA,2023-05-14T11:00:02Z,616,110636,1647,17,6,0.1597222222222222,64.0,-0.8125,0.0,-0.3333333333333333
40,2D09cxQ4kGA,2023-05-14T11:00:02Z,616,110723,1647,17,7,0.16111111111111112,87.0,-0.6527777777777778,0.0,-0.3333333333333333
41,2D09cxQ4kGA,2023-05-14T11:00:02Z,616,110734,1648,17,8,0.1625,11.0,-1.1805555555555556,1.0,0.0
42,2D09cxQ4kGA,2023-05-14T11:00:02Z,616,110847,1650,17,9,0.1638888888888889,113.0,-0.4722222222222222,2.0,0.3333333333333333
43,2D09cxQ4kGA,2023-05-14T11:00:02Z,616,111021,1650,17,10,0.16527777777777777,174.0,-0.04861111111111111,0.0,-0.3333333333333333
