,id,date,duration,views,likes,category_id,hour,update_diff,views_diff,views_diff_scaled,likes_diff,likes_diff_scaled
1,2D09cxQ4kGA,2023-05-14T11:00:02Z,616,115051,1705,17,1,0.21944444444444444,95.0,0.31666666666666665,2.0,0.5
2,2D09cxQ4kGA,2023-05-14T11:00:02Z,616,115119,1705,17,2,0.22083333333333333,68.0,-0.13333333333333333,0.0,-0.5
3,2D09cxQ4kGA,2023-05-14T11:00:02Z,616,115195,1707,17,3,0.2222222222222222,76.0,0.0,2.0,0.5
4,2D09cxQ4kGA,2023-05-14T11:00:02Z,616,115277,1707,17,4,0.22361111111111112,82.0,0.1,0.0,-0.5
5,2D09cxQ4kGA,2023-05-14T11:00:02Z,616,115354,1707,17,5,0.225,77.0,0.016666666666666666,0.0,-0.5
6,2D09cxQ4kGA,2023-05-14T11:00:02Z,616,115397,1708,17,6,0.2263888888888889,43.0,-0.55,1.0,0.0
7,2D09cxQ4kGA,2023-05-14T11:00:02Z,616,115424,1708,17,7,0.22777777777777777,27.0,-0.8166666666666667,0.0,-0.5
8,2D09cxQ4kGA,2023-05-14T11:00:02Z,616,115444,1709,17,8,0.22916666666666666,20.0,-0.9333333333333333,1.0,0.0
9,2D09cxQ4kGA,2023-05-14T11:00:02Z,616,115461,1710,17,9,0.23055555555555557,17.0,-0.9833333333333333,1.0,0.0
10,2D09cxQ4kGA,2023-05-14T11:00:02Z,616,115487,1712,17,10,0.23194444444444445,26.0,-0.8333333333333334,2.0,0.5
11,2D09cxQ4kGA,2023-05-14T11:00:02Z,616,115527,1712,17,11,0.23333333333333334,40.0,-0.6,0.0,-0.5
12,2D09cxQ4kGA,2023-05-14T11:00:02Z,616,115592,1713,17,12,0.23472222222222222,65.0,-0.18333333333333332,1.0,0.0
13,2D09cxQ4kGA,2023-05-14T11:00:02Z,616,115683,1715,17,13,0.2361111111111111,91.0,0.25,2.0,0.5
14,2D09cxQ4kGA,2023-05-14T11:00:02Z,616,115794,1717,17,14,0.2375,111.0,0.5833333333333334,2.0,0.5
15,2D09cxQ4kGA,2023-05-14T11:00:02Z,616,115930,1718,17,15,0.2388888888888889,136.0,1.0,1.0,0.0
16,2D09cxQ4kGA,2023-05-14T11:00:02Z,616,116039,1718,17,16,0.24027777777777778,109.0,0.55,0.0,-0.5
17,2D09cxQ4kGA,2023-05-14T11:00:02Z,616,116134,1720,17,17,0.24166666666666667,95.0,0.31666666666666665,2.0,0.5
18,2D09cxQ4kGA,2023-05-14T11:00:02Z,616,116304,1720,17,18,0.24305555555555555,170.0,1.5666666666666667,0.0,-0.5
19,2D09cxQ4kGA,2023-05-14T11:00:02Z,616,116400,1720,17,19,0.24444444444444444,96.0,0.3333333333333333,0.0,-0.5
20,2D09cxQ4kGA,2023-05-14T11:00:02Z,616,116442,1723,17,20,0.24583333333333332,42.0,-0.5666666666666667,3.0,1.0
21,2D09cxQ4kGA,2023-05-14T11:00:02Z,616,116546,1725,17,21,0.24722222222222223,104.0,0.4666666666666667,2.0,0.5
22,2D09cxQ4kGA,2023-05-14T11:00:02Z,616,116612,1730,17,22,0.24861111111111112,66.0,-0.16666666666666666,5.0,2.0
23,2D09cxQ4kGA,2023-05-14T11:00:02Z,616,116787,1733,17,23,0.25,175.0,1.65,3.0,1.0
24,2D09cxQ4kGA,2023-05-14T11:00:02Z,616,116930,1737,17,0,0.2513888888888889,143.0,1.1166666666666667,4.0,1.5
25,2D09cxQ4kGA,2023-05-14T11:00:02Z,616,117072,1739,17,1,0.25277777777777777,142.0,1.1,2.0,0.5
26,2D09cxQ4kGA,2023-05-14T11:00:02Z,616,117194,1739,17,2,0.25416666666666665,122.0,0.7666666666666667,0.0,-0.5
27,2D09cxQ4kGA,2023-05-14T11:00:02Z,616,117317,1739,17,3,0.25555555555555554,123.0,0.7833333333333333,0.0,-0.5
28,2D09cxQ4kGA,2023-05-14T11:00:02Z,616,117382,1739,17,4,0.2569444444444444,65.0,-0.18333333333333332,0.0,-0.5
29,2D09cxQ4kGA,2023-05-14T11:00:02Z,616,117457,1739,17,5,0.25833333333333336,75.0,-0.016666666666666666,0.0,-0.5
30,2D09cxQ4kGA,2023-05-14T11:00:02Z,616,117491,1740,17,6,0.25972222222222224,34.0,-0.7,1.0,0.0
31,2D09cxQ4kGA,2023-05-14T11:00:02Z,616,117527,1740,17,7,0.2611111111111111,36.0,-0.6666666666666666,0.0,-0.5
32,2D09cxQ4kGA,2023-05-14T11:00:02Z,616,117541,1740,17,8,0.2625,14.0,-1.0333333333333334,0.0,-0.5
33,2D09cxQ4kGA,2023-05-14T11:00:02Z,616,117556,1741,17,9,0.2638888888888889,15.0,-1.0166666666666666,1.0,0.0
34,2D09cxQ4kGA,2023-05-14T11:00:02Z,616,117616,1741,17,10,0.2652777777777778,60.0,-0.26666666666666666,0.0,-0.5
35,2D09cxQ4kGA,2023-05-14T11:00:02Z,616,117706,1741,17,11,0.26666666666666666,90.0,0.23333333333333334,0.0,-0.5
36,2D09cxQ4kGA,2023-05-14T11:00:02Z,616,117769,1742,17,12,0.26805555555555555,63.0,-0.21666666666666667,1.0,0.0
37,2D09cxQ4kGA,2023-05-14T11:00:02Z,616,117862,1743,17,13,0.26944444444444443,93.0,0.2833333333333333,1.0,0.0
38,2D09cxQ4kGA,2023-05-14T11:00:02Z,616,117963,1743,17,14,0.2708333333333333,101.0,0.4166666666666667,0.0,-0.5
39,2D09cxQ4kGA,2023-05-14T11:00:02Z,616,118021,1744,17,15,0.2722222222222222,58.0,-0.3,1.0,0.0
