,id,date,duration,views,likes,category_id,hour,update_diff,views_diff,views_diff_scaled,likes_diff,likes_diff_scaled
1,6W6MXVaSg1I,2023-05-02T09:00:09Z,1079,1429142,38375,23,1,0.6222222222222222,626.0,0.8945578231292517,11.0,1.0
2,6W6MXVaSg1I,2023-05-02T09:00:09Z,1079,1429622,38386,23,2,0.6236111111111111,480.0,0.3979591836734694,11.0,1.0
3,6W6MXVaSg1I,2023-05-02T09:00:09Z,1079,1430189,38388,23,3,0.625,567.0,0.6938775510204082,2.0,-0.8
4,6W6MXVaSg1I,2023-05-02T09:00:09Z,1079,1430694,38393,23,4,0.6263888888888889,505.0,0.48299319727891155,5.0,-0.2
5,6W6MXVaSg1I,2023-05-02T09:00:09Z,1079,1431100,38399,23,5,0.6277777777777778,406.0,0.14625850340136054,6.0,0.0
6,6W6MXVaSg1I,2023-05-02T09:00:09Z,1079,1431372,38402,23,6,0.6291666666666667,272.0,-0.30952380952380953,3.0,-0.6
7,6W6MXVaSg1I,2023-05-02T09:00:09Z,1079,1431524,38404,23,7,0.6305555555555555,152.0,-0.717687074829932,2.0,-0.8
8,6W6MXVaSg1I,2023-05-02T09:00:09Z,1079,1431678,38405,23,8,0.6319444444444444,154.0,-0.7108843537414966,1.0,-1.0
9,6W6MXVaSg1I,2023-05-02T09:00:09Z,1079,1431797,38409,23,9,0.6333333333333333,119.0,-0.8299319727891157,4.0,-0.4
10,6W6MXVaSg1I,2023-05-02T09:00:09Z,1079,1431921,38412,23,10,0.6347222222222222,124.0,-0.8129251700680272,3.0,-0.6
11,6W6MXVaSg1I,2023-05-02T09:00:09Z,1079,1432087,38416,23,11,0.6361111111111111,166.0,-0.6700680272108843,4.0,-0.4
12,6W6MXVaSg1I,2023-05-02T09:00:09Z,1079,1432347,38426,23,12,0.6375,260.0,-0.35034013605442177,10.0,0.8
13,6W6MXVaSg1I,2023-05-02T09:00:09Z,1079,1432662,38435,23,13,0.6388888888888888,315.0,-0.16326530612244897,9.0,0.6
14,6W6MXVaSg1I,2023-05-02T09:00:09Z,1079,1433124,38443,23,14,0.6402777777777777,462.0,0.336734693877551,8.0,0.4
15,6W6MXVaSg1I,2023-05-02T09:00:09Z,1079,1433624,38458,23,15,0.6416666666666667,500.0,0.46598639455782315,15.0,1.8
16,6W6MXVaSg1I,2023-05-02T09:00:09Z,1079,1434000,38466,23,16,0.6430555555555556,376.0,0.04421768707482993,8.0,0.4
17,6W6MXVaSg1I,2023-05-02T09:00:09Z,1079,1434365,38475,23,17,0.6444444444444445,365.0,0.006802721088435374,9.0,0.6
18,6W6MXVaSg1I,2023-05-02T09:00:09Z,1079,1434853,38484,23,18,0.6458333333333334,488.0,0.42517006802721086,9.0,0.6
19,6W6MXVaSg1I,2023-05-02T09:00:09Z,1079,1435311,38486,23,19,0.6472222222222223,458.0,0.3231292517006803,2.0,-0.8
20,6W6MXVaSg1I,2023-05-02T09:00:09Z,1079,1435527,38493,23,20,0.6486111111111111,216.0,-0.5,7.0,0.2
21,6W6MXVaSg1I,2023-05-02T09:00:09Z,1079,1436129,38509,23,21,0.65,602.0,0.8129251700680272,16.0,2.0
22,6W6MXVaSg1I,2023-05-02T09:00:09Z,1079,1436492,38524,23,22,0.6513888888888889,363.0,0.0,15.0,1.8
23,6W6MXVaSg1I,2023-05-02T09:00:09Z,1079,1437160,38532,23,23,0.6527777777777778,668.0,1.0374149659863945,8.0,0.4
24,6W6MXVaSg1I,2023-05-02T09:00:09Z,1079,1437616,38546,23,0,0.6541666666666667,456.0,0.3163265306122449,14.0,1.6
25,6W6MXVaSg1I,2023-05-02T09:00:09Z,1079,1438245,38556,23,1,0.6555555555555556,629.0,0.9047619047619048,10.0,0.8
26,6W6MXVaSg1I,2023-05-02T09:00:09Z,1079,1438692,38562,23,2,0.6569444444444444,447.0,0.2857142857142857,6.0,0.0
27,6W6MXVaSg1I,2023-05-02T09:00:09Z,1079,1439458,38566,23,3,0.6583333333333333,766.0,1.370748299319728,4.0,-0.4
28,6W6MXVaSg1I,2023-05-02T09:00:09Z,1079,1439894,38570,23,4,0.6597222222222222,436.0,0.24829931972789115,4.0,-0.4
29,6W6MXVaSg1I,2023-05-02T09:00:09Z,1079,1440288,38574,23,5,0.6611111111111111,394.0,0.1054421768707483,4.0,-0.4
30,6W6MXVaSg1I,2023-05-02T09:00:09Z,1079,1440446,38575,23,6,0.6625,158.0,-0.6972789115646258,1.0,-1.0
31,6W6MXVaSg1I,2023-05-02T09:00:09Z,1079,1440634,38577,23,7,0.6638888888888889,188.0,-0.5952380952380952,2.0,-0.8
32,6W6MXVaSg1I,2023-05-02T09:00:09Z,1079,1440734,38579,23,8,0.6652777777777777,100.0,-0.8945578231292517,2.0,-0.8
33,6W6MXVaSg1I,2023-05-02T09:00:09Z,1079,1440811,38586,23,9,0.6666666666666666,77.0,-0.9727891156462585,7.0,0.2
34,6W6MXVaSg1I,2023-05-02T09:00:09Z,1079,1441030,38591,23,10,0.6680555555555555,219.0,-0.4897959183673469,5.0,-0.2
35,6W6MXVaSg1I,2023-05-02T09:00:09Z,1079,1441247,38596,23,11,0.6694444444444444,217.0,-0.4965986394557823,5.0,-0.2
36,6W6MXVaSg1I,2023-05-02T09:00:09Z,1079,1441370,38602,23,12,0.6708333333333333,123.0,-0.8163265306122449,6.0,0.0
37,6W6MXVaSg1I,2023-05-02T09:00:09Z,1079,1441603,38606,23,13,0.6722222222222223,233.0,-0.4421768707482993,4.0,-0.4
38,6W6MXVaSg1I,2023-05-02T09:00:09Z,1079,1441912,38614,23,14,0.6736111111111112,309.0,-0.1836734693877551,8.0,0.4
39,6W6MXVaSg1I,2023-05-02T09:00:09Z,1079,1442073,38622,23,15,0.675,161.0,-0.6870748299319728,8.0,0.4
