,id,date,duration,views,likes,category_id,hour,update_diff,views_diff,views_diff_scaled,likes_diff,likes_diff_scaled
1,zS6tNxg3c1A,2023-04-23T09:00:08Z,1317,929870,15112,23,1,0.9222222222222223,190.0,0.7081339712918661,4.0,1.5
2,zS6tNxg3c1A,2023-04-23T09:00:08Z,1317,930028,15115,23,2,0.9236111111111112,158.0,0.4019138755980861,3.0,1.0
3,zS6tNxg3c1A,2023-04-23T09:00:08Z,1317,930245,15116,23,3,0.925,217.0,0.9665071770334929,1.0,0.0
4,zS6tNxg3c1A,2023-04-23T09:00:08Z,1317,930396,15114,23,4,0.9263888888888889,151.0,0.3349282296650718,-2.0,-1.5
5,zS6tNxg3c1A,2023-04-23T09:00:08Z,1317,930575,15114,23,5,0.9277777777777778,179.0,0.6028708133971292,0.0,-0.5
6,zS6tNxg3c1A,2023-04-23T09:00:08Z,1317,930660,15114,23,6,0.9291666666666667,85.0,-0.2966507177033493,0.0,-0.5
7,zS6tNxg3c1A,2023-04-23T09:00:08Z,1317,930701,15114,23,7,0.9305555555555556,41.0,-0.7177033492822966,0.0,-0.5
8,zS6tNxg3c1A,2023-04-23T09:00:08Z,1317,930751,15114,23,8,0.9319444444444445,50.0,-0.631578947368421,0.0,-0.5
9,zS6tNxg3c1A,2023-04-23T09:00:08Z,1317,930789,15114,23,9,0.9333333333333333,38.0,-0.7464114832535885,0.0,-0.5
10,zS6tNxg3c1A,2023-04-23T09:00:08Z,1317,930830,15117,23,10,0.9347222222222222,41.0,-0.7177033492822966,3.0,1.0
11,zS6tNxg3c1A,2023-04-23T09:00:08Z,1317,930878,15117,23,11,0.9361111111111111,48.0,-0.6507177033492823,0.0,-0.5
12,zS6tNxg3c1A,2023-04-23T09:00:08Z,1317,930951,15119,23,12,0.9375,73.0,-0.41148325358851673,2.0,0.5
13,zS6tNxg3c1A,2023-04-23T09:00:08Z,1317,931039,15120,23,13,0.9388888888888889,88.0,-0.2679425837320574,1.0,0.0
14,zS6tNxg3c1A,2023-04-23T09:00:08Z,1317,931138,15122,23,14,0.9402777777777778,99.0,-0.16267942583732056,2.0,0.5
15,zS6tNxg3c1A,2023-04-23T09:00:08Z,1317,931287,15128,23,15,0.9416666666666667,149.0,0.3157894736842105,6.0,2.5
16,zS6tNxg3c1A,2023-04-23T09:00:08Z,1317,931420,15131,23,16,0.9430555555555555,133.0,0.16267942583732056,3.0,1.0
17,zS6tNxg3c1A,2023-04-23T09:00:08Z,1317,931514,15131,23,17,0.9444444444444444,94.0,-0.21052631578947367,0.0,-0.5
18,zS6tNxg3c1A,2023-04-23T09:00:08Z,1317,931678,15130,23,18,0.9458333333333333,164.0,0.45933014354066987,-1.0,-1.0
19,zS6tNxg3c1A,2023-04-23T09:00:08Z,1317,931864,15132,23,19,0.9472222222222222,186.0,0.6698564593301436,2.0,0.5
20,zS6tNxg3c1A,2023-04-23T09:00:08Z,1317,931946,15132,23,20,0.9486111111111111,82.0,-0.3253588516746411,0.0,-0.5
21,zS6tNxg3c1A,2023-04-23T09:00:08Z,1317,932154,15132,23,21,0.95,208.0,0.8803827751196173,0.0,-0.5
22,zS6tNxg3c1A,2023-04-23T09:00:08Z,1317,932275,15134,23,22,0.9513888888888888,121.0,0.04784688995215311,2.0,0.5
23,zS6tNxg3c1A,2023-04-23T09:00:08Z,1317,932502,15135,23,23,0.9527777777777777,227.0,1.062200956937799,1.0,0.0
24,zS6tNxg3c1A,2023-04-23T09:00:08Z,1317,932694,15142,23,0,0.9541666666666667,192.0,0.7272727272727273,7.0,3.0
25,zS6tNxg3c1A,2023-04-23T09:00:08Z,1317,932930,15144,23,1,0.9555555555555556,236.0,1.1483253588516746,2.0,0.5
26,zS6tNxg3c1A,2023-04-23T09:00:08Z,1317,933116,15145,23,2,0.9569444444444445,186.0,0.6698564593301436,1.0,0.0
27,zS6tNxg3c1A,2023-04-23T09:00:08Z,1317,933361,15145,23,3,0.9583333333333334,245.0,1.2344497607655502,0.0,-0.5
28,zS6tNxg3c1A,2023-04-23T09:00:08Z,1317,933530,15146,23,4,0.9597222222222223,169.0,0.507177033492823,1.0,0.0
29,zS6tNxg3c1A,2023-04-23T09:00:08Z,1317,933699,15148,23,5,0.9611111111111111,169.0,0.507177033492823,2.0,0.5
30,zS6tNxg3c1A,2023-04-23T09:00:08Z,1317,933783,15148,23,6,0.9625,84.0,-0.3062200956937799,0.0,-0.5
31,zS6tNxg3c1A,2023-04-23T09:00:08Z,1317,933851,15148,23,7,0.9638888888888889,68.0,-0.45933014354066987,0.0,-0.5
32,zS6tNxg3c1A,2023-04-23T09:00:08Z,1317,933872,15148,23,8,0.9652777777777778,21.0,-0.9090909090909091,0.0,-0.5
33,zS6tNxg3c1A,2023-04-23T09:00:08Z,1317,933901,15148,23,9,0.9666666666666667,29.0,-0.8325358851674641,0.0,-0.5
34,zS6tNxg3c1A,2023-04-23T09:00:08Z,1317,933978,15149,23,10,0.9680555555555556,77.0,-0.37320574162679426,1.0,0.0
35,zS6tNxg3c1A,2023-04-23T09:00:08Z,1317,934094,15148,23,11,0.9694444444444444,116.0,0.0,-1.0,-1.0
36,zS6tNxg3c1A,2023-04-23T09:00:08Z,1317,934150,15148,23,12,0.9708333333333333,56.0,-0.5741626794258373,0.0,-0.5
37,zS6tNxg3c1A,2023-04-23T09:00:08Z,1317,934221,15150,23,13,0.9722222222222222,71.0,-0.430622009569378,2.0,0.5
38,zS6tNxg3c1A,2023-04-23T09:00:08Z,1317,934363,15151,23,14,0.9736111111111111,142.0,0.24880382775119617,1.0,0.0
39,zS6tNxg3c1A,2023-04-23T09:00:08Z,1317,934430,15153,23,15,0.975,67.0,-0.4688995215311005,2.0,0.5
