,id,date,duration,views,likes,category_id,hour,update_diff,views_diff,views_diff_scaled,likes_diff,likes_diff_scaled
1,YGT69GnMIe0,2023-05-15T10:56:46Z,184,40734,407,17,1,0.18611111111111112,137.0,0.2838709677419355,2.0,1.0
2,YGT69GnMIe0,2023-05-15T10:56:46Z,184,40911,407,17,2,0.1875,177.0,0.8,0.0,-1.0
3,YGT69GnMIe0,2023-05-15T10:56:46Z,184,41380,407,17,3,0.18888888888888888,469.0,4.567741935483871,0.0,-1.0
4,YGT69GnMIe0,2023-05-15T10:56:46Z,184,41533,407,17,4,0.19027777777777777,153.0,0.49032258064516127,0.0,-1.0
5,YGT69GnMIe0,2023-05-15T10:56:46Z,184,41685,407,17,5,0.19166666666666668,152.0,0.4774193548387097,0.0,-1.0
6,YGT69GnMIe0,2023-05-15T10:56:46Z,184,41769,407,17,6,0.19305555555555556,84.0,-0.4,0.0,-1.0
7,YGT69GnMIe0,2023-05-15T10:56:46Z,184,41804,407,17,7,0.19444444444444445,35.0,-1.032258064516129,0.0,-1.0
8,YGT69GnMIe0,2023-05-15T10:56:46Z,184,41855,408,17,8,0.19583333333333333,51.0,-0.8258064516129032,1.0,0.0
9,YGT69GnMIe0,2023-05-15T10:56:46Z,184,41903,408,17,9,0.19722222222222222,48.0,-0.864516129032258,0.0,-1.0
10,YGT69GnMIe0,2023-05-15T10:56:46Z,184,41975,408,17,10,0.1986111111111111,72.0,-0.5548387096774193,0.0,-1.0
11,YGT69GnMIe0,2023-05-15T10:56:46Z,184,42037,408,17,11,0.2,62.0,-0.6838709677419355,0.0,-1.0
12,YGT69GnMIe0,2023-05-15T10:56:46Z,184,42127,409,17,12,0.2013888888888889,90.0,-0.3225806451612903,1.0,0.0
13,YGT69GnMIe0,2023-05-15T10:56:46Z,184,42242,410,17,13,0.20277777777777778,115.0,0.0,1.0,0.0
14,YGT69GnMIe0,2023-05-15T10:56:46Z,184,42341,410,17,14,0.20416666666666666,99.0,-0.2064516129032258,0.0,-1.0
15,YGT69GnMIe0,2023-05-15T10:56:46Z,184,42485,410,17,15,0.20555555555555555,144.0,0.3741935483870968,0.0,-1.0
16,YGT69GnMIe0,2023-05-15T10:56:46Z,184,42559,411,17,16,0.20694444444444443,74.0,-0.5290322580645161,1.0,0.0
17,YGT69GnMIe0,2023-05-15T10:56:46Z,184,42636,411,17,17,0.20833333333333334,77.0,-0.49032258064516127,0.0,-1.0
18,YGT69GnMIe0,2023-05-15T10:56:46Z,184,42751,411,17,18,0.20972222222222223,115.0,0.0,0.0,-1.0
19,YGT69GnMIe0,2023-05-15T10:56:46Z,184,42917,413,17,19,0.2111111111111111,166.0,0.6580645161290323,2.0,1.0
20,YGT69GnMIe0,2023-05-15T10:56:46Z,184,43006,414,17,20,0.2125,89.0,-0.33548387096774196,1.0,0.0
21,YGT69GnMIe0,2023-05-15T10:56:46Z,184,43255,416,17,21,0.21388888888888888,249.0,1.729032258064516,2.0,1.0
22,YGT69GnMIe0,2023-05-15T10:56:46Z,184,43380,418,17,22,0.2152777777777778,125.0,0.12903225806451613,2.0,1.0
23,YGT69GnMIe0,2023-05-15T10:56:46Z,184,43561,420,17,23,0.21666666666666667,181.0,0.8516129032258064,2.0,1.0
24,YGT69GnMIe0,2023-05-15T10:56:46Z,184,43686,421,17,0,0.21805555555555556,125.0,0.12903225806451613,1.0,0.0
25,YGT69GnMIe0,2023-05-15T10:56:46Z,184,43842,422,17,1,0.21944444444444444,156.0,0.5290322580645161,1.0,0.0
26,YGT69GnMIe0,2023-05-15T10:56:46Z,184,43978,424,17,2,0.22083333333333333,136.0,0.2709677419354839,2.0,1.0
27,YGT69GnMIe0,2023-05-15T10:56:46Z,184,44224,424,17,3,0.2222222222222222,246.0,1.6903225806451614,0.0,-1.0
28,YGT69GnMIe0,2023-05-15T10:56:46Z,184,44398,424,17,4,0.22361111111111112,174.0,0.7612903225806451,0.0,-1.0
29,YGT69GnMIe0,2023-05-15T10:56:46Z,184,44555,425,17,5,0.225,157.0,0.5419354838709678,1.0,0.0
30,YGT69GnMIe0,2023-05-15T10:56:46Z,184,44638,426,17,6,0.2263888888888889,83.0,-0.4129032258064516,1.0,0.0
31,YGT69GnMIe0,2023-05-15T10:56:46Z,184,44712,426,17,7,0.22777777777777777,74.0,-0.5290322580645161,0.0,-1.0
32,YGT69GnMIe0,2023-05-15T10:56:46Z,184,44743,426,17,8,0.22916666666666666,31.0,-1.0838709677419356,0.0,-1.0
33,YGT69GnMIe0,2023-05-15T10:56:46Z,184,44772,427,17,9,0.23055555555555557,29.0,-1.1096774193548387,1.0,0.0
34,YGT69GnMIe0,2023-05-15T10:56:46Z,184,44883,427,17,10,0.23194444444444445,111.0,-0.05161290322580645,0.0,-1.0
35,YGT69GnMIe0,2023-05-15T10:56:46Z,184,45020,429,17,11,0.23333333333333334,137.0,0.2838709677419355,2.0,1.0
36,YGT69GnMIe0,2023-05-15T10:56:46Z,184,45108,430,17,12,0.23472222222222222,88.0,-0.34838709677419355,1.0,0.0
37,YGT69GnMIe0,2023-05-15T10:56:46Z,184,45244,430,17,13,0.2361111111111111,136.0,0.2709677419354839,0.0,-1.0
38,YGT69GnMIe0,2023-05-15T10:56:46Z,184,45433,431,17,14,0.2375,189.0,0.9548387096774194,1.0,0.0
39,YGT69GnMIe0,2023-05-15T10:56:46Z,184,45510,432,17,15,0.2388888888888889,77.0,-0.49032258064516127,1.0,0.0
