,id,date,duration,views,likes,category_id,hour,update_diff,views_diff,views_diff_scaled,likes_diff,likes_diff_scaled
1,C_uUez09jF8,2023-05-11T10:00:08Z,1501,454823,8796,24,1,0.32083333333333336,281.0,0.35738831615120276,2.0,0.5
2,C_uUez09jF8,2023-05-11T10:00:08Z,1501,455095,8798,24,2,0.32222222222222224,272.0,0.29553264604810997,2.0,0.5
3,C_uUez09jF8,2023-05-11T10:00:08Z,1501,455375,8799,24,3,0.3236111111111111,280.0,0.35051546391752575,1.0,0.0
4,C_uUez09jF8,2023-05-11T10:00:08Z,1501,455606,8798,24,4,0.325,231.0,0.013745704467353952,-1.0,-1.0
5,C_uUez09jF8,2023-05-11T10:00:08Z,1501,455862,8800,24,5,0.3263888888888889,256.0,0.18556701030927836,2.0,0.5
6,C_uUez09jF8,2023-05-11T10:00:08Z,1501,456007,8800,24,6,0.3277777777777778,145.0,-0.5773195876288659,0.0,-0.5
7,C_uUez09jF8,2023-05-11T10:00:08Z,1501,456081,8800,24,7,0.32916666666666666,74.0,-1.0652920962199313,0.0,-0.5
8,C_uUez09jF8,2023-05-11T10:00:08Z,1501,456116,8800,24,8,0.33055555555555555,35.0,-1.3333333333333333,0.0,-0.5
9,C_uUez09jF8,2023-05-11T10:00:08Z,1501,456150,8801,24,9,0.33194444444444443,34.0,-1.3402061855670102,1.0,0.0
10,C_uUez09jF8,2023-05-11T10:00:08Z,1501,456227,8802,24,10,0.3333333333333333,77.0,-1.0446735395189004,1.0,0.0
11,C_uUez09jF8,2023-05-11T10:00:08Z,1501,456318,8805,24,11,0.3347222222222222,91.0,-0.9484536082474226,3.0,1.0
12,C_uUez09jF8,2023-05-11T10:00:08Z,1501,456491,8806,24,12,0.33611111111111114,173.0,-0.3848797250859107,1.0,0.0
13,C_uUez09jF8,2023-05-11T10:00:08Z,1501,456710,8810,24,13,0.3375,219.0,-0.06872852233676977,4.0,1.5
14,C_uUez09jF8,2023-05-11T10:00:08Z,1501,456982,8814,24,14,0.3388888888888889,272.0,0.29553264604810997,4.0,1.5
15,C_uUez09jF8,2023-05-11T10:00:08Z,1501,457347,8818,24,15,0.3402777777777778,365.0,0.9347079037800687,4.0,1.5
16,C_uUez09jF8,2023-05-11T10:00:08Z,1501,457620,8818,24,16,0.3416666666666667,273.0,0.3024054982817869,0.0,-0.5
17,C_uUez09jF8,2023-05-11T10:00:08Z,1501,457912,8818,24,17,0.34305555555555556,292.0,0.4329896907216495,0.0,-0.5
18,C_uUez09jF8,2023-05-11T10:00:08Z,1501,458314,8816,24,18,0.34444444444444444,402.0,1.1890034364261168,-2.0,-1.5
19,C_uUez09jF8,2023-05-11T10:00:08Z,1501,458661,8818,24,19,0.3458333333333333,347.0,0.8109965635738832,2.0,0.5
20,C_uUez09jF8,2023-05-11T10:00:08Z,1501,458824,8819,24,20,0.3472222222222222,163.0,-0.4536082474226804,1.0,0.0
21,C_uUez09jF8,2023-05-11T10:00:08Z,1501,459221,8820,24,21,0.3486111111111111,397.0,1.1546391752577319,1.0,0.0
22,C_uUez09jF8,2023-05-11T10:00:08Z,1501,459422,8821,24,22,0.35,201.0,-0.19243986254295534,1.0,0.0
23,C_uUez09jF8,2023-05-11T10:00:08Z,1501,459785,8823,24,23,0.35138888888888886,363.0,0.9209621993127147,2.0,0.5
24,C_uUez09jF8,2023-05-11T10:00:08Z,1501,460042,8827,24,0,0.3527777777777778,257.0,0.19243986254295534,4.0,1.5
25,C_uUez09jF8,2023-05-11T10:00:08Z,1501,460389,8827,24,1,0.3541666666666667,347.0,0.8109965635738832,0.0,-0.5
26,C_uUez09jF8,2023-05-11T10:00:08Z,1501,460642,8830,24,2,0.35555555555555557,253.0,0.16494845360824742,3.0,1.0
27,C_uUez09jF8,2023-05-11T10:00:08Z,1501,460988,8834,24,3,0.35694444444444445,346.0,0.8041237113402062,4.0,1.5
28,C_uUez09jF8,2023-05-11T10:00:08Z,1501,461227,8834,24,4,0.35833333333333334,239.0,0.06872852233676977,0.0,-0.5
29,C_uUez09jF8,2023-05-11T10:00:08Z,1501,461456,8834,24,5,0.3597222222222222,229.0,0.0,0.0,-0.5
30,C_uUez09jF8,2023-05-11T10:00:08Z,1501,461556,8834,24,6,0.3611111111111111,100.0,-0.8865979381443299,0.0,-0.5
31,C_uUez09jF8,2023-05-11T10:00:08Z,1501,461639,8834,24,7,0.3625,83.0,-1.0034364261168385,0.0,-0.5
32,C_uUez09jF8,2023-05-11T10:00:08Z,1501,461684,8834,24,8,0.3638888888888889,45.0,-1.2646048109965635,0.0,-0.5
33,C_uUez09jF8,2023-05-11T10:00:08Z,1501,461746,8837,24,9,0.36527777777777776,62.0,-1.147766323024055,3.0,1.0
34,C_uUez09jF8,2023-05-11T10:00:08Z,1501,461940,8839,24,10,0.36666666666666664,194.0,-0.24054982817869416,2.0,0.5
35,C_uUez09jF8,2023-05-11T10:00:08Z,1501,462109,8842,24,11,0.3680555555555556,169.0,-0.41237113402061853,3.0,1.0
36,C_uUez09jF8,2023-05-11T10:00:08Z,1501,462229,8844,24,12,0.36944444444444446,120.0,-0.7491408934707904,2.0,0.5
37,C_uUez09jF8,2023-05-11T10:00:08Z,1501,462379,8844,24,13,0.37083333333333335,150.0,-0.5429553264604811,0.0,-0.5
38,C_uUez09jF8,2023-05-11T10:00:08Z,1501,462626,8846,24,14,0.37222222222222223,247.0,0.12371134020618557,2.0,0.5
39,C_uUez09jF8,2023-05-11T10:00:08Z,1501,462768,8848,24,15,0.3736111111111111,142.0,-0.5979381443298969,2.0,0.5
