,id,date,duration,views,likes,category_id,hour,update_diff,views_diff,views_diff_scaled,likes_diff,likes_diff_scaled
1,eKZf0nDPkok,2023-05-11T09:00:32Z,265,521004,12665,10,1,0.32222222222222224,1049.0,1.4331288343558282,16.0,2.4
2,eKZf0nDPkok,2023-05-11T09:00:32Z,265,521816,12670,10,2,0.3236111111111111,812.0,0.8515337423312883,5.0,0.2
3,eKZf0nDPkok,2023-05-11T09:00:32Z,265,522503,12675,10,3,0.325,687.0,0.5447852760736196,5.0,0.2
4,eKZf0nDPkok,2023-05-11T09:00:32Z,265,523015,12676,10,4,0.3263888888888889,512.0,0.11533742331288344,1.0,-0.6
5,eKZf0nDPkok,2023-05-11T09:00:32Z,265,523393,12680,10,5,0.3277777777777778,378.0,-0.2134969325153374,4.0,0.0
6,eKZf0nDPkok,2023-05-11T09:00:32Z,265,523609,12681,10,6,0.32916666666666666,216.0,-0.6110429447852761,1.0,-0.6
7,eKZf0nDPkok,2023-05-11T09:00:32Z,265,523751,12683,10,7,0.33055555555555555,142.0,-0.7926380368098159,2.0,-0.4
8,eKZf0nDPkok,2023-05-11T09:00:32Z,265,523902,12690,10,8,0.33194444444444443,151.0,-0.7705521472392638,7.0,0.6
9,eKZf0nDPkok,2023-05-11T09:00:32Z,265,523687,12691,10,9,0.3333333333333333,-215.0,-1.6687116564417177,1.0,-0.6
10,eKZf0nDPkok,2023-05-11T09:00:32Z,265,523888,12699,10,10,0.3347222222222222,201.0,-0.6478527607361964,8.0,0.8
11,eKZf0nDPkok,2023-05-11T09:00:32Z,265,524150,12706,10,11,0.33611111111111114,262.0,-0.498159509202454,7.0,0.6
12,eKZf0nDPkok,2023-05-11T09:00:32Z,265,524602,12712,10,12,0.3375,452.0,-0.03190184049079755,6.0,0.4
13,eKZf0nDPkok,2023-05-11T09:00:32Z,265,525067,12718,10,13,0.3388888888888889,465.0,0.0,6.0,0.4
14,eKZf0nDPkok,2023-05-11T09:00:32Z,265,525568,12722,10,14,0.3402777777777778,501.0,0.08834355828220859,4.0,0.0
15,eKZf0nDPkok,2023-05-11T09:00:32Z,265,526170,12726,10,15,0.3416666666666667,602.0,0.3361963190184049,4.0,0.0
16,eKZf0nDPkok,2023-05-11T09:00:32Z,265,526650,12730,10,16,0.34305555555555556,480.0,0.03680981595092025,4.0,0.0
17,eKZf0nDPkok,2023-05-11T09:00:32Z,265,527101,12732,10,17,0.34444444444444444,451.0,-0.0343558282208589,2.0,-0.4
18,eKZf0nDPkok,2023-05-11T09:00:32Z,265,527740,12738,10,18,0.3458333333333333,639.0,0.4269938650306748,6.0,0.4
19,eKZf0nDPkok,2023-05-11T09:00:32Z,265,528423,12754,10,19,0.3472222222222222,683.0,0.5349693251533743,16.0,2.4
20,eKZf0nDPkok,2023-05-11T09:00:32Z,265,528748,12759,10,20,0.3486111111111111,325.0,-0.34355828220858897,5.0,0.2
21,eKZf0nDPkok,2023-05-11T09:00:32Z,265,529711,12768,10,21,0.35,963.0,1.2220858895705522,9.0,1.0
22,eKZf0nDPkok,2023-05-11T09:00:32Z,265,530387,12780,10,22,0.35138888888888886,676.0,0.5177914110429448,12.0,1.6
23,eKZf0nDPkok,2023-05-11T09:00:32Z,265,531233,12793,10,23,0.3527777777777778,846.0,0.9349693251533743,13.0,1.8
24,eKZf0nDPkok,2023-05-11T09:00:32Z,265,531928,12808,10,0,0.3541666666666667,695.0,0.5644171779141104,15.0,2.2
25,eKZf0nDPkok,2023-05-11T09:00:32Z,265,532785,12818,10,1,0.35555555555555557,857.0,0.9619631901840491,10.0,1.2
26,eKZf0nDPkok,2023-05-11T09:00:32Z,265,533348,12826,10,2,0.35694444444444445,563.0,0.24049079754601227,8.0,0.8
27,eKZf0nDPkok,2023-05-11T09:00:32Z,265,533998,12828,10,3,0.35833333333333334,650.0,0.4539877300613497,2.0,-0.4
28,eKZf0nDPkok,2023-05-11T09:00:32Z,265,534366,12828,10,4,0.3597222222222222,368.0,-0.23803680981595093,0.0,-0.8
29,eKZf0nDPkok,2023-05-11T09:00:32Z,265,534666,12828,10,5,0.3611111111111111,300.0,-0.4049079754601227,0.0,-0.8
30,eKZf0nDPkok,2023-05-11T09:00:32Z,265,534812,12829,10,6,0.3625,146.0,-0.7828220858895706,1.0,-0.6
31,eKZf0nDPkok,2023-05-11T09:00:32Z,265,534977,12830,10,7,0.3638888888888889,165.0,-0.7361963190184049,1.0,-0.6
32,eKZf0nDPkok,2023-05-11T09:00:32Z,265,535110,12834,10,8,0.36527777777777776,133.0,-0.8147239263803681,4.0,0.0
33,eKZf0nDPkok,2023-05-11T09:00:32Z,265,535249,12838,10,9,0.36666666666666664,139.0,-0.8,4.0,0.0
34,eKZf0nDPkok,2023-05-11T09:00:32Z,265,535802,12846,10,10,0.3680555555555556,553.0,0.21595092024539878,8.0,0.8
35,eKZf0nDPkok,2023-05-11T09:00:32Z,265,536517,12850,10,11,0.36944444444444446,715.0,0.6134969325153374,4.0,0.0
36,eKZf0nDPkok,2023-05-11T09:00:32Z,265,536942,12854,10,12,0.37083333333333335,425.0,-0.09815950920245399,4.0,0.0
37,eKZf0nDPkok,2023-05-11T09:00:32Z,265,537401,12857,10,13,0.37222222222222223,459.0,-0.014723926380368098,3.0,-0.2
38,eKZf0nDPkok,2023-05-11T09:00:32Z,265,537990,12861,10,14,0.3736111111111111,589.0,0.3042944785276074,4.0,0.0
39,eKZf0nDPkok,2023-05-11T09:00:32Z,265,538239,12864,10,15,0.375,249.0,-0.5300613496932516,3.0,-0.2
