,id,date,duration,views,likes,category_id,hour,update_diff,views_diff,views_diff_scaled,likes_diff,likes_diff_scaled
1,eKZf0nDPkok,2023-05-11T09:00:32Z,265,372690,9920,10,18,0.2125,3986.0,0.5609254498714653,86.0,0.7916666666666666
2,eKZf0nDPkok,2023-05-11T09:00:32Z,265,376671,10026,10,19,0.21388888888888888,3981.0,0.5583547557840617,106.0,1.2083333333333333
3,eKZf0nDPkok,2023-05-11T09:00:32Z,265,380489,10128,10,20,0.2152777777777778,3818.0,0.47455012853470435,102.0,1.125
4,eKZf0nDPkok,2023-05-11T09:00:32Z,265,385209,10238,10,21,0.21666666666666667,4720.0,0.9383033419023136,110.0,1.2916666666666667
5,eKZf0nDPkok,2023-05-11T09:00:32Z,265,390345,10316,10,22,0.21805555555555556,5136.0,1.1521850899742931,78.0,0.625
6,eKZf0nDPkok,2023-05-11T09:00:32Z,265,395758,10419,10,23,0.21944444444444444,5413.0,1.2946015424164525,103.0,1.1458333333333333
7,eKZf0nDPkok,2023-05-11T09:00:32Z,265,399379,10582,10,0,0.22083333333333333,3621.0,0.37326478149100256,163.0,2.3958333333333335
8,eKZf0nDPkok,2023-05-11T09:00:32Z,265,401875,10705,10,1,0.2222222222222222,2496.0,-0.2051413881748072,123.0,1.5625
9,eKZf0nDPkok,2023-05-11T09:00:32Z,265,406092,10784,10,2,0.22361111111111112,4217.0,0.6796915167095116,79.0,0.6458333333333334
10,eKZf0nDPkok,2023-05-11T09:00:32Z,265,414031,10820,10,3,0.225,7939.0,2.5933161953727506,36.0,-0.25
11,eKZf0nDPkok,2023-05-11T09:00:32Z,265,418539,10839,10,4,0.2263888888888889,4508.0,0.8293059125964011,19.0,-0.6041666666666666
12,eKZf0nDPkok,2023-05-11T09:00:32Z,265,421730,10862,10,5,0.22777777777777777,3191.0,0.15218508997429306,23.0,-0.5208333333333334
13,eKZf0nDPkok,2023-05-11T09:00:32Z,265,423046,10888,10,6,0.22916666666666666,1316.0,-0.8118251928020566,26.0,-0.4583333333333333
14,eKZf0nDPkok,2023-05-11T09:00:32Z,265,424145,10919,10,7,0.23055555555555557,1099.0,-0.9233933161953728,31.0,-0.3541666666666667
15,eKZf0nDPkok,2023-05-11T09:00:32Z,265,424848,10993,10,8,0.23194444444444445,703.0,-1.1269922879177379,74.0,0.5416666666666666
16,eKZf0nDPkok,2023-05-11T09:00:32Z,265,426999,11095,10,9,0.23333333333333334,2151.0,-0.3825192802056555,102.0,1.125
17,eKZf0nDPkok,2023-05-11T09:00:32Z,265,430803,11143,10,10,0.23472222222222222,3804.0,0.4673521850899743,48.0,0.0
18,eKZf0nDPkok,2023-05-11T09:00:32Z,265,434769,11183,10,11,0.2361111111111111,3966.0,0.5506426735218509,40.0,-0.16666666666666666
19,eKZf0nDPkok,2023-05-11T09:00:32Z,265,437586,11229,10,12,0.2375,2817.0,-0.04010282776349614,46.0,-0.041666666666666664
20,eKZf0nDPkok,2023-05-11T09:00:32Z,265,439207,11280,10,13,0.2388888888888889,1621.0,-0.655012853470437,51.0,0.0625
21,eKZf0nDPkok,2023-05-11T09:00:32Z,265,442165,11323,10,14,0.24027777777777778,2958.0,0.032390745501285345,43.0,-0.10416666666666667
22,eKZf0nDPkok,2023-05-11T09:00:32Z,265,444197,11366,10,15,0.24166666666666667,2032.0,-0.4437017994858612,43.0,-0.10416666666666667
23,eKZf0nDPkok,2023-05-11T09:00:32Z,265,447496,11413,10,16,0.24305555555555555,3299.0,0.2077120822622108,47.0,-0.020833333333333332
24,eKZf0nDPkok,2023-05-11T09:00:32Z,265,448780,11474,10,17,0.24444444444444444,1284.0,-0.8282776349614396,61.0,0.2708333333333333
25,eKZf0nDPkok,2023-05-11T09:00:32Z,265,451675,11548,10,18,0.24583333333333332,2895.0,0.0,74.0,0.5416666666666666
26,eKZf0nDPkok,2023-05-11T09:00:32Z,265,453605,11621,10,19,0.24722222222222223,1930.0,-0.4961439588688946,73.0,0.5208333333333334
27,eKZf0nDPkok,2023-05-11T09:00:32Z,265,457576,11696,10,20,0.24861111111111112,3971.0,0.5532133676092545,75.0,0.5625
28,eKZf0nDPkok,2023-05-11T09:00:32Z,265,460667,11768,10,21,0.25,3091.0,0.10077120822622108,72.0,0.5
29,eKZf0nDPkok,2023-05-11T09:00:32Z,265,463227,11831,10,22,0.2513888888888889,2560.0,-0.17223650385604114,63.0,0.3125
30,eKZf0nDPkok,2023-05-11T09:00:32Z,265,467043,11879,10,23,0.25277777777777777,3816.0,0.4735218508997429,48.0,0.0
31,eKZf0nDPkok,2023-05-11T09:00:32Z,265,470030,11937,10,0,0.25416666666666665,2987.0,0.04730077120822622,58.0,0.20833333333333334
32,eKZf0nDPkok,2023-05-11T09:00:32Z,265,472416,11982,10,1,0.25555555555555554,2386.0,-0.2616966580976864,45.0,-0.0625
33,eKZf0nDPkok,2023-05-11T09:00:32Z,265,474668,12015,10,2,0.2569444444444444,2252.0,-0.33059125964010283,33.0,-0.3125
34,eKZf0nDPkok,2023-05-11T09:00:32Z,265,477759,12037,10,3,0.25833333333333336,3091.0,0.10077120822622108,22.0,-0.5416666666666666
35,eKZf0nDPkok,2023-05-11T09:00:32Z,265,479231,12050,10,4,0.25972222222222224,1472.0,-0.7316195372750642,13.0,-0.7291666666666666
36,eKZf0nDPkok,2023-05-11T09:00:32Z,265,481104,12055,10,5,0.2611111111111111,1873.0,-0.5254498714652956,5.0,-0.8958333333333334
37,eKZf0nDPkok,2023-05-11T09:00:32Z,265,481635,12063,10,6,0.2625,531.0,-1.2154241645244217,8.0,-0.8333333333333334
38,eKZf0nDPkok,2023-05-11T09:00:32Z,265,482319,12078,10,7,0.2638888888888889,684.0,-1.1367609254498714,15.0,-0.6875
39,eKZf0nDPkok,2023-05-11T09:00:32Z,265,482441,12100,10,8,0.2652777777777778,122.0,-1.425706940874036,22.0,-0.5416666666666666
40,eKZf0nDPkok,2023-05-11T09:00:32Z,265,483495,12127,10,9,0.26666666666666666,1054.0,-0.9465295629820052,27.0,-0.4375
41,eKZf0nDPkok,2023-05-11T09:00:32Z,265,485440,12146,10,10,0.26805555555555555,1945.0,-0.4884318766066838,19.0,-0.6041666666666666
